Chromosome,Pathway_ID,Pathway_Name,Tissue,SNP_chr_pos_ref_alt,SNP_rsID,eQTL_Gene_Ensembl_Versioned,eQTL_Gene_Symbol,eQTL_Gene_Entrez,eQTL_pval_nominal,eQTL_slope,eQTL_TSS_Distance
chr2,hsa00230,Purine metabolism - Homo sapiens (human),Brain_Substantia_nigra,chr2_24854987_C_T_b38,rs6545766,ENSG00000138031.15,ADCY3,109,2.4608660525782e-09,-0.341469705104828,-65250
chr2,hsa04020,Calcium signaling pathway - Homo sapiens (human),Brain_Substantia_nigra,chr2_24854987_C_T_b38,rs6545766,ENSG00000138031.15,ADCY3,109,2.4608660525782e-09,-0.341469705104828,-65250
chr2,hsa04062,Chemokine signaling pathway - Homo sapiens (human),Brain_Substantia_nigra,chr2_24854987_C_T_b38,rs6545766,ENSG00000138031.15,ADCY3,109,2.4608660525782e-09,-0.341469705104828,-65250
chr2,hsa04114,Oocyte meiosis - Homo sapiens (human),Brain_Substantia_nigra,chr2_24854987_C_T_b38,rs6545766,ENSG00000138031.15,ADCY3,109,2.4608660525782e-09,-0.341469705104828,-65250
chr2,hsa04270,Vascular smooth muscle contraction - Homo sapiens (human),Brain_Substantia_nigra,chr2_24854987_C_T_b38,rs6545766,ENSG00000138031.15,ADCY3,109,2.4608660525782e-09,-0.341469705104828,-65250
chr2,hsa04540,Gap junction - Homo sapiens (human),Brain_Substantia_nigra,chr2_24854987_C_T_b38,rs6545766,ENSG00000138031.15,ADCY3,109,2.4608660525782e-09,-0.341469705104828,-65250
chr2,hsa04740,Olfactory transduction - Homo sapiens (human),Brain_Substantia_nigra,chr2_24854987_C_T_b38,rs6545766,ENSG00000138031.15,ADCY3,109,2.4608660525782e-09,-0.341469705104828,-65250
chr2,hsa04912,GnRH signaling pathway - Homo sapiens (human),Brain_Substantia_nigra,chr2_24854987_C_T_b38,rs6545766,ENSG00000138031.15,ADCY3,109,2.4608660525782e-09,-0.341469705104828,-65250
chr2,hsa04914,Progesterone-mediated oocyte maturation - Homo sapiens (human),Brain_Substantia_nigra,chr2_24854987_C_T_b38,rs6545766,ENSG00000138031.15,ADCY3,109,2.4608660525782e-09,-0.341469705104828,-65250
chr2,hsa04916,Melanogenesis - Homo sapiens (human),Brain_Substantia_nigra,chr2_24854987_C_T_b38,rs6545766,ENSG00000138031.15,ADCY3,109,2.4608660525782e-09,-0.341469705104828,-65250
chr2,hsa04962,Vasopressin-regulated water reabsorption - Homo sapiens (human),Brain_Substantia_nigra,chr2_24854987_C_T_b38,rs6545766,ENSG00000138031.15,ADCY3,109,2.4608660525782e-09,-0.341469705104828,-65250
chr2,hsa04970,Salivary secretion - Homo sapiens (human),Brain_Substantia_nigra,chr2_24854987_C_T_b38,rs6545766,ENSG00000138031.15,ADCY3,109,2.4608660525782e-09,-0.341469705104828,-65250
chr2,hsa04971,Gastric acid secretion - Homo sapiens (human),Brain_Substantia_nigra,chr2_24854987_C_T_b38,rs6545766,ENSG00000138031.15,ADCY3,109,2.4608660525782e-09,-0.341469705104828,-65250
chr2,hsa04972,Pancreatic secretion - Homo sapiens (human),Brain_Substantia_nigra,chr2_24854987_C_T_b38,rs6545766,ENSG00000138031.15,ADCY3,109,2.4608660525782e-09,-0.341469705104828,-65250
chr2,hsa04976,Bile secretion - Homo sapiens (human),Brain_Substantia_nigra,chr2_24854987_C_T_b38,rs6545766,ENSG00000138031.15,ADCY3,109,2.4608660525782e-09,-0.341469705104828,-65250
chr2,hsa05110,Vibrio cholerae infection - Homo sapiens (human),Brain_Substantia_nigra,chr2_24854987_C_T_b38,rs6545766,ENSG00000138031.15,ADCY3,109,2.4608660525782e-09,-0.341469705104828,-65250
chr2,hsa05414,Dilated cardiomyopathy - Homo sapiens (human),Brain_Substantia_nigra,chr2_24854987_C_T_b38,rs6545766,ENSG00000138031.15,ADCY3,109,2.4608660525782e-09,-0.341469705104828,-65250
chr2,hsa00230,Purine metabolism - Homo sapiens (human),Brain_Substantia_nigra,chr2_24856901_C_T_b38,rs11675457,ENSG00000138031.15,ADCY3,109,1.72019400010207e-11,-0.376599043607712,-63336
chr2,hsa04020,Calcium signaling pathway - Homo sapiens (human),Brain_Substantia_nigra,chr2_24856901_C_T_b38,rs11675457,ENSG00000138031.15,ADCY3,109,1.72019400010207e-11,-0.376599043607712,-63336
chr2,hsa04062,Chemokine signaling pathway - Homo sapiens (human),Brain_Substantia_nigra,chr2_24856901_C_T_b38,rs11675457,ENSG00000138031.15,ADCY3,109,1.72019400010207e-11,-0.376599043607712,-63336
chr2,hsa04114,Oocyte meiosis - Homo sapiens (human),Brain_Substantia_nigra,chr2_24856901_C_T_b38,rs11675457,ENSG00000138031.15,ADCY3,109,1.72019400010207e-11,-0.376599043607712,-63336
chr2,hsa04270,Vascular smooth muscle contraction - Homo sapiens (human),Brain_Substantia_nigra,chr2_24856901_C_T_b38,rs11675457,ENSG00000138031.15,ADCY3,109,1.72019400010207e-11,-0.376599043607712,-63336
chr2,hsa04540,Gap junction - Homo sapiens (human),Brain_Substantia_nigra,chr2_24856901_C_T_b38,rs11675457,ENSG00000138031.15,ADCY3,109,1.72019400010207e-11,-0.376599043607712,-63336
chr2,hsa04740,Olfactory transduction - Homo sapiens (human),Brain_Substantia_nigra,chr2_24856901_C_T_b38,rs11675457,ENSG00000138031.15,ADCY3,109,1.72019400010207e-11,-0.376599043607712,-63336
chr2,hsa04912,GnRH signaling pathway - Homo sapiens (human),Brain_Substantia_nigra,chr2_24856901_C_T_b38,rs11675457,ENSG00000138031.15,ADCY3,109,1.72019400010207e-11,-0.376599043607712,-63336
chr2,hsa04914,Progesterone-mediated oocyte maturation - Homo sapiens (human),Brain_Substantia_nigra,chr2_24856901_C_T_b38,rs11675457,ENSG00000138031.15,ADCY3,109,1.72019400010207e-11,-0.376599043607712,-63336
chr2,hsa04916,Melanogenesis - Homo sapiens (human),Brain_Substantia_nigra,chr2_24856901_C_T_b38,rs11675457,ENSG00000138031.15,ADCY3,109,1.72019400010207e-11,-0.376599043607712,-63336
chr2,hsa04962,Vasopressin-regulated water reabsorption - Homo sapiens (human),Brain_Substantia_nigra,chr2_24856901_C_T_b38,rs11675457,ENSG00000138031.15,ADCY3,109,1.72019400010207e-11,-0.376599043607712,-63336
chr2,hsa04970,Salivary secretion - Homo sapiens (human),Brain_Substantia_nigra,chr2_24856901_C_T_b38,rs11675457,ENSG00000138031.15,ADCY3,109,1.72019400010207e-11,-0.376599043607712,-63336
chr2,hsa04971,Gastric acid secretion - Homo sapiens (human),Brain_Substantia_nigra,chr2_24856901_C_T_b38,rs11675457,ENSG00000138031.15,ADCY3,109,1.72019400010207e-11,-0.376599043607712,-63336
chr2,hsa04972,Pancreatic secretion - Homo sapiens (human),Brain_Substantia_nigra,chr2_24856901_C_T_b38,rs11675457,ENSG00000138031.15,ADCY3,109,1.72019400010207e-11,-0.376599043607712,-63336
chr2,hsa04976,Bile secretion - Homo sapiens (human),Brain_Substantia_nigra,chr2_24856901_C_T_b38,rs11675457,ENSG00000138031.15,ADCY3,109,1.72019400010207e-11,-0.376599043607712,-63336
chr2,hsa05110,Vibrio cholerae infection - Homo sapiens (human),Brain_Substantia_nigra,chr2_24856901_C_T_b38,rs11675457,ENSG00000138031.15,ADCY3,109,1.72019400010207e-11,-0.376599043607712,-63336
chr2,hsa05414,Dilated cardiomyopathy - Homo sapiens (human),Brain_Substantia_nigra,chr2_24856901_C_T_b38,rs11675457,ENSG00000138031.15,ADCY3,109,1.72019400010207e-11,-0.376599043607712,-63336
chr2,hsa00230,Purine metabolism - Homo sapiens (human),Brain_Substantia_nigra,chr2_24859404_T_C_b38,rs916485,ENSG00000138031.15,ADCY3,109,5.18436756469929e-10,-0.355241626501083,-60833
chr2,hsa04020,Calcium signaling pathway - Homo sapiens (human),Brain_Substantia_nigra,chr2_24859404_T_C_b38,rs916485,ENSG00000138031.15,ADCY3,109,5.18436756469929e-10,-0.355241626501083,-60833
chr2,hsa04062,Chemokine signaling pathway - Homo sapiens (human),Brain_Substantia_nigra,chr2_24859404_T_C_b38,rs916485,ENSG00000138031.15,ADCY3,109,5.18436756469929e-10,-0.355241626501083,-60833
chr2,hsa04114,Oocyte meiosis - Homo sapiens (human),Brain_Substantia_nigra,chr2_24859404_T_C_b38,rs916485,ENSG00000138031.15,ADCY3,109,5.18436756469929e-10,-0.355241626501083,-60833
chr2,hsa04270,Vascular smooth muscle contraction - Homo sapiens (human),Brain_Substantia_nigra,chr2_24859404_T_C_b38,rs916485,ENSG00000138031.15,ADCY3,109,5.18436756469929e-10,-0.355241626501083,-60833
chr2,hsa04540,Gap junction - Homo sapiens (human),Brain_Substantia_nigra,chr2_24859404_T_C_b38,rs916485,ENSG00000138031.15,ADCY3,109,5.18436756469929e-10,-0.355241626501083,-60833
chr2,hsa04740,Olfactory transduction - Homo sapiens (human),Brain_Substantia_nigra,chr2_24859404_T_C_b38,rs916485,ENSG00000138031.15,ADCY3,109,5.18436756469929e-10,-0.355241626501083,-60833
chr2,hsa04912,GnRH signaling pathway - Homo sapiens (human),Brain_Substantia_nigra,chr2_24859404_T_C_b38,rs916485,ENSG00000138031.15,ADCY3,109,5.18436756469929e-10,-0.355241626501083,-60833
chr2,hsa04914,Progesterone-mediated oocyte maturation - Homo sapiens (human),Brain_Substantia_nigra,chr2_24859404_T_C_b38,rs916485,ENSG00000138031.15,ADCY3,109,5.18436756469929e-10,-0.355241626501083,-60833
chr2,hsa04916,Melanogenesis - Homo sapiens (human),Brain_Substantia_nigra,chr2_24859404_T_C_b38,rs916485,ENSG00000138031.15,ADCY3,109,5.18436756469929e-10,-0.355241626501083,-60833
chr2,hsa04962,Vasopressin-regulated water reabsorption - Homo sapiens (human),Brain_Substantia_nigra,chr2_24859404_T_C_b38,rs916485,ENSG00000138031.15,ADCY3,109,5.18436756469929e-10,-0.355241626501083,-60833
chr2,hsa04970,Salivary secretion - Homo sapiens (human),Brain_Substantia_nigra,chr2_24859404_T_C_b38,rs916485,ENSG00000138031.15,ADCY3,109,5.18436756469929e-10,-0.355241626501083,-60833
chr2,hsa04971,Gastric acid secretion - Homo sapiens (human),Brain_Substantia_nigra,chr2_24859404_T_C_b38,rs916485,ENSG00000138031.15,ADCY3,109,5.18436756469929e-10,-0.355241626501083,-60833
chr2,hsa04972,Pancreatic secretion - Homo sapiens (human),Brain_Substantia_nigra,chr2_24859404_T_C_b38,rs916485,ENSG00000138031.15,ADCY3,109,5.18436756469929e-10,-0.355241626501083,-60833
chr2,hsa04976,Bile secretion - Homo sapiens (human),Brain_Substantia_nigra,chr2_24859404_T_C_b38,rs916485,ENSG00000138031.15,ADCY3,109,5.18436756469929e-10,-0.355241626501083,-60833
chr2,hsa05110,Vibrio cholerae infection - Homo sapiens (human),Brain_Substantia_nigra,chr2_24859404_T_C_b38,rs916485,ENSG00000138031.15,ADCY3,109,5.18436756469929e-10,-0.355241626501083,-60833
chr2,hsa05414,Dilated cardiomyopathy - Homo sapiens (human),Brain_Substantia_nigra,chr2_24859404_T_C_b38,rs916485,ENSG00000138031.15,ADCY3,109,5.18436756469929e-10,-0.355241626501083,-60833
chr2,hsa00230,Purine metabolism - Homo sapiens (human),Brain_Substantia_nigra,chr2_24859545_G_A_b38,rs1541984,ENSG00000138031.15,ADCY3,109,1.23372162661236e-11,-0.374096870422363,-60692
chr2,hsa04020,Calcium signaling pathway - Homo sapiens (human),Brain_Substantia_nigra,chr2_24859545_G_A_b38,rs1541984,ENSG00000138031.15,ADCY3,109,1.23372162661236e-11,-0.374096870422363,-60692
chr2,hsa04062,Chemokine signaling pathway - Homo sapiens (human),Brain_Substantia_nigra,chr2_24859545_G_A_b38,rs1541984,ENSG00000138031.15,ADCY3,109,1.23372162661236e-11,-0.374096870422363,-60692
chr2,hsa04114,Oocyte meiosis - Homo sapiens (human),Brain_Substantia_nigra,chr2_24859545_G_A_b38,rs1541984,ENSG00000138031.15,ADCY3,109,1.23372162661236e-11,-0.374096870422363,-60692
chr2,hsa04270,Vascular smooth muscle contraction - Homo sapiens (human),Brain_Substantia_nigra,chr2_24859545_G_A_b38,rs1541984,ENSG00000138031.15,ADCY3,109,1.23372162661236e-11,-0.374096870422363,-60692
chr2,hsa04540,Gap junction - Homo sapiens (human),Brain_Substantia_nigra,chr2_24859545_G_A_b38,rs1541984,ENSG00000138031.15,ADCY3,109,1.23372162661236e-11,-0.374096870422363,-60692
chr2,hsa04740,Olfactory transduction - Homo sapiens (human),Brain_Substantia_nigra,chr2_24859545_G_A_b38,rs1541984,ENSG00000138031.15,ADCY3,109,1.23372162661236e-11,-0.374096870422363,-60692
chr2,hsa04912,GnRH signaling pathway - Homo sapiens (human),Brain_Substantia_nigra,chr2_24859545_G_A_b38,rs1541984,ENSG00000138031.15,ADCY3,109,1.23372162661236e-11,-0.374096870422363,-60692
chr2,hsa04914,Progesterone-mediated oocyte maturation - Homo sapiens (human),Brain_Substantia_nigra,chr2_24859545_G_A_b38,rs1541984,ENSG00000138031.15,ADCY3,109,1.23372162661236e-11,-0.374096870422363,-60692
chr2,hsa04916,Melanogenesis - Homo sapiens (human),Brain_Substantia_nigra,chr2_24859545_G_A_b38,rs1541984,ENSG00000138031.15,ADCY3,109,1.23372162661236e-11,-0.374096870422363,-60692
chr2,hsa04962,Vasopressin-regulated water reabsorption - Homo sapiens (human),Brain_Substantia_nigra,chr2_24859545_G_A_b38,rs1541984,ENSG00000138031.15,ADCY3,109,1.23372162661236e-11,-0.374096870422363,-60692
chr2,hsa04970,Salivary secretion - Homo sapiens (human),Brain_Substantia_nigra,chr2_24859545_G_A_b38,rs1541984,ENSG00000138031.15,ADCY3,109,1.23372162661236e-11,-0.374096870422363,-60692
chr2,hsa04971,Gastric acid secretion - Homo sapiens (human),Brain_Substantia_nigra,chr2_24859545_G_A_b38,rs1541984,ENSG00000138031.15,ADCY3,109,1.23372162661236e-11,-0.374096870422363,-60692
chr2,hsa04972,Pancreatic secretion - Homo sapiens (human),Brain_Substantia_nigra,chr2_24859545_G_A_b38,rs1541984,ENSG00000138031.15,ADCY3,109,1.23372162661236e-11,-0.374096870422363,-60692
chr2,hsa04976,Bile secretion - Homo sapiens (human),Brain_Substantia_nigra,chr2_24859545_G_A_b38,rs1541984,ENSG00000138031.15,ADCY3,109,1.23372162661236e-11,-0.374096870422363,-60692
chr2,hsa05110,Vibrio cholerae infection - Homo sapiens (human),Brain_Substantia_nigra,chr2_24859545_G_A_b38,rs1541984,ENSG00000138031.15,ADCY3,109,1.23372162661236e-11,-0.374096870422363,-60692
chr2,hsa05414,Dilated cardiomyopathy - Homo sapiens (human),Brain_Substantia_nigra,chr2_24859545_G_A_b38,rs1541984,ENSG00000138031.15,ADCY3,109,1.23372162661236e-11,-0.374096870422363,-60692
chr2,hsa00230,Purine metabolism - Homo sapiens (human),Brain_Substantia_nigra,chr2_24860057_T_C_b38,rs11687089,ENSG00000138031.15,ADCY3,109,8.63939184283645e-12,-0.384763062000275,-60180
chr2,hsa04020,Calcium signaling pathway - Homo sapiens (human),Brain_Substantia_nigra,chr2_24860057_T_C_b38,rs11687089,ENSG00000138031.15,ADCY3,109,8.63939184283645e-12,-0.384763062000275,-60180
chr2,hsa04062,Chemokine signaling pathway - Homo sapiens (human),Brain_Substantia_nigra,chr2_24860057_T_C_b38,rs11687089,ENSG00000138031.15,ADCY3,109,8.63939184283645e-12,-0.384763062000275,-60180
chr2,hsa04114,Oocyte meiosis - Homo sapiens (human),Brain_Substantia_nigra,chr2_24860057_T_C_b38,rs11687089,ENSG00000138031.15,ADCY3,109,8.63939184283645e-12,-0.384763062000275,-60180
chr2,hsa04270,Vascular smooth muscle contraction - Homo sapiens (human),Brain_Substantia_nigra,chr2_24860057_T_C_b38,rs11687089,ENSG00000138031.15,ADCY3,109,8.63939184283645e-12,-0.384763062000275,-60180
chr2,hsa04540,Gap junction - Homo sapiens (human),Brain_Substantia_nigra,chr2_24860057_T_C_b38,rs11687089,ENSG00000138031.15,ADCY3,109,8.63939184283645e-12,-0.384763062000275,-60180
chr2,hsa04740,Olfactory transduction - Homo sapiens (human),Brain_Substantia_nigra,chr2_24860057_T_C_b38,rs11687089,ENSG00000138031.15,ADCY3,109,8.63939184283645e-12,-0.384763062000275,-60180
chr2,hsa04912,GnRH signaling pathway - Homo sapiens (human),Brain_Substantia_nigra,chr2_24860057_T_C_b38,rs11687089,ENSG00000138031.15,ADCY3,109,8.63939184283645e-12,-0.384763062000275,-60180
chr2,hsa04914,Progesterone-mediated oocyte maturation - Homo sapiens (human),Brain_Substantia_nigra,chr2_24860057_T_C_b38,rs11687089,ENSG00000138031.15,ADCY3,109,8.63939184283645e-12,-0.384763062000275,-60180
chr2,hsa04916,Melanogenesis - Homo sapiens (human),Brain_Substantia_nigra,chr2_24860057_T_C_b38,rs11687089,ENSG00000138031.15,ADCY3,109,8.63939184283645e-12,-0.384763062000275,-60180
chr2,hsa04962,Vasopressin-regulated water reabsorption - Homo sapiens (human),Brain_Substantia_nigra,chr2_24860057_T_C_b38,rs11687089,ENSG00000138031.15,ADCY3,109,8.63939184283645e-12,-0.384763062000275,-60180
chr2,hsa04970,Salivary secretion - Homo sapiens (human),Brain_Substantia_nigra,chr2_24860057_T_C_b38,rs11687089,ENSG00000138031.15,ADCY3,109,8.63939184283645e-12,-0.384763062000275,-60180
chr2,hsa04971,Gastric acid secretion - Homo sapiens (human),Brain_Substantia_nigra,chr2_24860057_T_C_b38,rs11687089,ENSG00000138031.15,ADCY3,109,8.63939184283645e-12,-0.384763062000275,-60180
chr2,hsa04972,Pancreatic secretion - Homo sapiens (human),Brain_Substantia_nigra,chr2_24860057_T_C_b38,rs11687089,ENSG00000138031.15,ADCY3,109,8.63939184283645e-12,-0.384763062000275,-60180
chr2,hsa04976,Bile secretion - Homo sapiens (human),Brain_Substantia_nigra,chr2_24860057_T_C_b38,rs11687089,ENSG00000138031.15,ADCY3,109,8.63939184283645e-12,-0.384763062000275,-60180
chr2,hsa05110,Vibrio cholerae infection - Homo sapiens (human),Brain_Substantia_nigra,chr2_24860057_T_C_b38,rs11687089,ENSG00000138031.15,ADCY3,109,8.63939184283645e-12,-0.384763062000275,-60180
chr2,hsa05414,Dilated cardiomyopathy - Homo sapiens (human),Brain_Substantia_nigra,chr2_24860057_T_C_b38,rs11687089,ENSG00000138031.15,ADCY3,109,8.63939184283645e-12,-0.384763062000275,-60180
chr2,hsa00230,Purine metabolism - Homo sapiens (human),Brain_Substantia_nigra,chr2_24860441_T_C_b38,rs7576788,ENSG00000138031.15,ADCY3,109,6.87386586476044e-09,-0.320430725812912,-59796
chr2,hsa04020,Calcium signaling pathway - Homo sapiens (human),Brain_Substantia_nigra,chr2_24860441_T_C_b38,rs7576788,ENSG00000138031.15,ADCY3,109,6.87386586476044e-09,-0.320430725812912,-59796
chr2,hsa04062,Chemokine signaling pathway - Homo sapiens (human),Brain_Substantia_nigra,chr2_24860441_T_C_b38,rs7576788,ENSG00000138031.15,ADCY3,109,6.87386586476044e-09,-0.320430725812912,-59796
chr2,hsa04114,Oocyte meiosis - Homo sapiens (human),Brain_Substantia_nigra,chr2_24860441_T_C_b38,rs7576788,ENSG00000138031.15,ADCY3,109,6.87386586476044e-09,-0.320430725812912,-59796
chr2,hsa04270,Vascular smooth muscle contraction - Homo sapiens (human),Brain_Substantia_nigra,chr2_24860441_T_C_b38,rs7576788,ENSG00000138031.15,ADCY3,109,6.87386586476044e-09,-0.320430725812912,-59796
chr2,hsa04540,Gap junction - Homo sapiens (human),Brain_Substantia_nigra,chr2_24860441_T_C_b38,rs7576788,ENSG00000138031.15,ADCY3,109,6.87386586476044e-09,-0.320430725812912,-59796
chr2,hsa04740,Olfactory transduction - Homo sapiens (human),Brain_Substantia_nigra,chr2_24860441_T_C_b38,rs7576788,ENSG00000138031.15,ADCY3,109,6.87386586476044e-09,-0.320430725812912,-59796
chr2,hsa04912,GnRH signaling pathway - Homo sapiens (human),Brain_Substantia_nigra,chr2_24860441_T_C_b38,rs7576788,ENSG00000138031.15,ADCY3,109,6.87386586476044e-09,-0.320430725812912,-59796
chr2,hsa04914,Progesterone-mediated oocyte maturation - Homo sapiens (human),Brain_Substantia_nigra,chr2_24860441_T_C_b38,rs7576788,ENSG00000138031.15,ADCY3,109,6.87386586476044e-09,-0.320430725812912,-59796
chr2,hsa04916,Melanogenesis - Homo sapiens (human),Brain_Substantia_nigra,chr2_24860441_T_C_b38,rs7576788,ENSG00000138031.15,ADCY3,109,6.87386586476044e-09,-0.320430725812912,-59796
chr2,hsa04962,Vasopressin-regulated water reabsorption - Homo sapiens (human),Brain_Substantia_nigra,chr2_24860441_T_C_b38,rs7576788,ENSG00000138031.15,ADCY3,109,6.87386586476044e-09,-0.320430725812912,-59796
chr2,hsa04970,Salivary secretion - Homo sapiens (human),Brain_Substantia_nigra,chr2_24860441_T_C_b38,rs7576788,ENSG00000138031.15,ADCY3,109,6.87386586476044e-09,-0.320430725812912,-59796
chr2,hsa04971,Gastric acid secretion - Homo sapiens (human),Brain_Substantia_nigra,chr2_24860441_T_C_b38,rs7576788,ENSG00000138031.15,ADCY3,109,6.87386586476044e-09,-0.320430725812912,-59796
chr2,hsa04972,Pancreatic secretion - Homo sapiens (human),Brain_Substantia_nigra,chr2_24860441_T_C_b38,rs7576788,ENSG00000138031.15,ADCY3,109,6.87386586476044e-09,-0.320430725812912,-59796
chr2,hsa04976,Bile secretion - Homo sapiens (human),Brain_Substantia_nigra,chr2_24860441_T_C_b38,rs7576788,ENSG00000138031.15,ADCY3,109,6.87386586476044e-09,-0.320430725812912,-59796
chr2,hsa05110,Vibrio cholerae infection - Homo sapiens (human),Brain_Substantia_nigra,chr2_24860441_T_C_b38,rs7576788,ENSG00000138031.15,ADCY3,109,6.87386586476044e-09,-0.320430725812912,-59796
chr2,hsa05414,Dilated cardiomyopathy - Homo sapiens (human),Brain_Substantia_nigra,chr2_24860441_T_C_b38,rs7576788,ENSG00000138031.15,ADCY3,109,6.87386586476044e-09,-0.320430725812912,-59796
chr2,hsa00230,Purine metabolism - Homo sapiens (human),Brain_Substantia_nigra,chr2_24862399_T_A_b38,rs2384055,ENSG00000138031.15,ADCY3,109,1.23372162661236e-11,-0.374096870422363,-57838
chr2,hsa04020,Calcium signaling pathway - Homo sapiens (human),Brain_Substantia_nigra,chr2_24862399_T_A_b38,rs2384055,ENSG00000138031.15,ADCY3,109,1.23372162661236e-11,-0.374096870422363,-57838
chr2,hsa04062,Chemokine signaling pathway - Homo sapiens (human),Brain_Substantia_nigra,chr2_24862399_T_A_b38,rs2384055,ENSG00000138031.15,ADCY3,109,1.23372162661236e-11,-0.374096870422363,-57838
chr2,hsa04114,Oocyte meiosis - Homo sapiens (human),Brain_Substantia_nigra,chr2_24862399_T_A_b38,rs2384055,ENSG00000138031.15,ADCY3,109,1.23372162661236e-11,-0.374096870422363,-57838
chr2,hsa04270,Vascular smooth muscle contraction - Homo sapiens (human),Brain_Substantia_nigra,chr2_24862399_T_A_b38,rs2384055,ENSG00000138031.15,ADCY3,109,1.23372162661236e-11,-0.374096870422363,-57838
chr2,hsa04540,Gap junction - Homo sapiens (human),Brain_Substantia_nigra,chr2_24862399_T_A_b38,rs2384055,ENSG00000138031.15,ADCY3,109,1.23372162661236e-11,-0.374096870422363,-57838
chr2,hsa04740,Olfactory transduction - Homo sapiens (human),Brain_Substantia_nigra,chr2_24862399_T_A_b38,rs2384055,ENSG00000138031.15,ADCY3,109,1.23372162661236e-11,-0.374096870422363,-57838
chr2,hsa04912,GnRH signaling pathway - Homo sapiens (human),Brain_Substantia_nigra,chr2_24862399_T_A_b38,rs2384055,ENSG00000138031.15,ADCY3,109,1.23372162661236e-11,-0.374096870422363,-57838
chr2,hsa04914,Progesterone-mediated oocyte maturation - Homo sapiens (human),Brain_Substantia_nigra,chr2_24862399_T_A_b38,rs2384055,ENSG00000138031.15,ADCY3,109,1.23372162661236e-11,-0.374096870422363,-57838
chr2,hsa04916,Melanogenesis - Homo sapiens (human),Brain_Substantia_nigra,chr2_24862399_T_A_b38,rs2384055,ENSG00000138031.15,ADCY3,109,1.23372162661236e-11,-0.374096870422363,-57838
chr2,hsa04962,Vasopressin-regulated water reabsorption - Homo sapiens (human),Brain_Substantia_nigra,chr2_24862399_T_A_b38,rs2384055,ENSG00000138031.15,ADCY3,109,1.23372162661236e-11,-0.374096870422363,-57838
chr2,hsa04970,Salivary secretion - Homo sapiens (human),Brain_Substantia_nigra,chr2_24862399_T_A_b38,rs2384055,ENSG00000138031.15,ADCY3,109,1.23372162661236e-11,-0.374096870422363,-57838
chr2,hsa04971,Gastric acid secretion - Homo sapiens (human),Brain_Substantia_nigra,chr2_24862399_T_A_b38,rs2384055,ENSG00000138031.15,ADCY3,109,1.23372162661236e-11,-0.374096870422363,-57838
chr2,hsa04972,Pancreatic secretion - Homo sapiens (human),Brain_Substantia_nigra,chr2_24862399_T_A_b38,rs2384055,ENSG00000138031.15,ADCY3,109,1.23372162661236e-11,-0.374096870422363,-57838
chr2,hsa04976,Bile secretion - Homo sapiens (human),Brain_Substantia_nigra,chr2_24862399_T_A_b38,rs2384055,ENSG00000138031.15,ADCY3,109,1.23372162661236e-11,-0.374096870422363,-57838
chr2,hsa05110,Vibrio cholerae infection - Homo sapiens (human),Brain_Substantia_nigra,chr2_24862399_T_A_b38,rs2384055,ENSG00000138031.15,ADCY3,109,1.23372162661236e-11,-0.374096870422363,-57838
chr2,hsa05414,Dilated cardiomyopathy - Homo sapiens (human),Brain_Substantia_nigra,chr2_24862399_T_A_b38,rs2384055,ENSG00000138031.15,ADCY3,109,1.23372162661236e-11,-0.374096870422363,-57838
chr2,hsa00230,Purine metabolism - Homo sapiens (human),Brain_Substantia_nigra,chr2_24863562_T_C_b38,rs10171663,ENSG00000138031.15,ADCY3,109,1.30040991669522e-09,-0.364316999912262,-56675
chr2,hsa04020,Calcium signaling pathway - Homo sapiens (human),Brain_Substantia_nigra,chr2_24863562_T_C_b38,rs10171663,ENSG00000138031.15,ADCY3,109,1.30040991669522e-09,-0.364316999912262,-56675
chr2,hsa04062,Chemokine signaling pathway - Homo sapiens (human),Brain_Substantia_nigra,chr2_24863562_T_C_b38,rs10171663,ENSG00000138031.15,ADCY3,109,1.30040991669522e-09,-0.364316999912262,-56675
chr2,hsa04114,Oocyte meiosis - Homo sapiens (human),Brain_Substantia_nigra,chr2_24863562_T_C_b38,rs10171663,ENSG00000138031.15,ADCY3,109,1.30040991669522e-09,-0.364316999912262,-56675
chr2,hsa04270,Vascular smooth muscle contraction - Homo sapiens (human),Brain_Substantia_nigra,chr2_24863562_T_C_b38,rs10171663,ENSG00000138031.15,ADCY3,109,1.30040991669522e-09,-0.364316999912262,-56675
chr2,hsa04540,Gap junction - Homo sapiens (human),Brain_Substantia_nigra,chr2_24863562_T_C_b38,rs10171663,ENSG00000138031.15,ADCY3,109,1.30040991669522e-09,-0.364316999912262,-56675
chr2,hsa04740,Olfactory transduction - Homo sapiens (human),Brain_Substantia_nigra,chr2_24863562_T_C_b38,rs10171663,ENSG00000138031.15,ADCY3,109,1.30040991669522e-09,-0.364316999912262,-56675
chr2,hsa04912,GnRH signaling pathway - Homo sapiens (human),Brain_Substantia_nigra,chr2_24863562_T_C_b38,rs10171663,ENSG00000138031.15,ADCY3,109,1.30040991669522e-09,-0.364316999912262,-56675
chr2,hsa04914,Progesterone-mediated oocyte maturation - Homo sapiens (human),Brain_Substantia_nigra,chr2_24863562_T_C_b38,rs10171663,ENSG00000138031.15,ADCY3,109,1.30040991669522e-09,-0.364316999912262,-56675
chr2,hsa04916,Melanogenesis - Homo sapiens (human),Brain_Substantia_nigra,chr2_24863562_T_C_b38,rs10171663,ENSG00000138031.15,ADCY3,109,1.30040991669522e-09,-0.364316999912262,-56675
chr2,hsa04962,Vasopressin-regulated water reabsorption - Homo sapiens (human),Brain_Substantia_nigra,chr2_24863562_T_C_b38,rs10171663,ENSG00000138031.15,ADCY3,109,1.30040991669522e-09,-0.364316999912262,-56675
chr2,hsa04970,Salivary secretion - Homo sapiens (human),Brain_Substantia_nigra,chr2_24863562_T_C_b38,rs10171663,ENSG00000138031.15,ADCY3,109,1.30040991669522e-09,-0.364316999912262,-56675
chr2,hsa04971,Gastric acid secretion - Homo sapiens (human),Brain_Substantia_nigra,chr2_24863562_T_C_b38,rs10171663,ENSG00000138031.15,ADCY3,109,1.30040991669522e-09,-0.364316999912262,-56675
chr2,hsa04972,Pancreatic secretion - Homo sapiens (human),Brain_Substantia_nigra,chr2_24863562_T_C_b38,rs10171663,ENSG00000138031.15,ADCY3,109,1.30040991669522e-09,-0.364316999912262,-56675
chr2,hsa04976,Bile secretion - Homo sapiens (human),Brain_Substantia_nigra,chr2_24863562_T_C_b38,rs10171663,ENSG00000138031.15,ADCY3,109,1.30040991669522e-09,-0.364316999912262,-56675
chr2,hsa05110,Vibrio cholerae infection - Homo sapiens (human),Brain_Substantia_nigra,chr2_24863562_T_C_b38,rs10171663,ENSG00000138031.15,ADCY3,109,1.30040991669522e-09,-0.364316999912262,-56675
chr2,hsa05414,Dilated cardiomyopathy - Homo sapiens (human),Brain_Substantia_nigra,chr2_24863562_T_C_b38,rs10171663,ENSG00000138031.15,ADCY3,109,1.30040991669522e-09,-0.364316999912262,-56675
chr2,hsa00230,Purine metabolism - Homo sapiens (human),Brain_Substantia_nigra,chr2_24863958_T_G_b38,rs1529897,ENSG00000138031.15,ADCY3,109,2.89418441682216e-12,-0.382785856723785,-56279
chr2,hsa04020,Calcium signaling pathway - Homo sapiens (human),Brain_Substantia_nigra,chr2_24863958_T_G_b38,rs1529897,ENSG00000138031.15,ADCY3,109,2.89418441682216e-12,-0.382785856723785,-56279
chr2,hsa04062,Chemokine signaling pathway - Homo sapiens (human),Brain_Substantia_nigra,chr2_24863958_T_G_b38,rs1529897,ENSG00000138031.15,ADCY3,109,2.89418441682216e-12,-0.382785856723785,-56279
chr2,hsa04114,Oocyte meiosis - Homo sapiens (human),Brain_Substantia_nigra,chr2_24863958_T_G_b38,rs1529897,ENSG00000138031.15,ADCY3,109,2.89418441682216e-12,-0.382785856723785,-56279
chr2,hsa04270,Vascular smooth muscle contraction - Homo sapiens (human),Brain_Substantia_nigra,chr2_24863958_T_G_b38,rs1529897,ENSG00000138031.15,ADCY3,109,2.89418441682216e-12,-0.382785856723785,-56279
chr2,hsa04540,Gap junction - Homo sapiens (human),Brain_Substantia_nigra,chr2_24863958_T_G_b38,rs1529897,ENSG00000138031.15,ADCY3,109,2.89418441682216e-12,-0.382785856723785,-56279
chr2,hsa04740,Olfactory transduction - Homo sapiens (human),Brain_Substantia_nigra,chr2_24863958_T_G_b38,rs1529897,ENSG00000138031.15,ADCY3,109,2.89418441682216e-12,-0.382785856723785,-56279
chr2,hsa04912,GnRH signaling pathway - Homo sapiens (human),Brain_Substantia_nigra,chr2_24863958_T_G_b38,rs1529897,ENSG00000138031.15,ADCY3,109,2.89418441682216e-12,-0.382785856723785,-56279
chr2,hsa04914,Progesterone-mediated oocyte maturation - Homo sapiens (human),Brain_Substantia_nigra,chr2_24863958_T_G_b38,rs1529897,ENSG00000138031.15,ADCY3,109,2.89418441682216e-12,-0.382785856723785,-56279
chr2,hsa04916,Melanogenesis - Homo sapiens (human),Brain_Substantia_nigra,chr2_24863958_T_G_b38,rs1529897,ENSG00000138031.15,ADCY3,109,2.89418441682216e-12,-0.382785856723785,-56279
chr2,hsa04962,Vasopressin-regulated water reabsorption - Homo sapiens (human),Brain_Substantia_nigra,chr2_24863958_T_G_b38,rs1529897,ENSG00000138031.15,ADCY3,109,2.89418441682216e-12,-0.382785856723785,-56279
chr2,hsa04970,Salivary secretion - Homo sapiens (human),Brain_Substantia_nigra,chr2_24863958_T_G_b38,rs1529897,ENSG00000138031.15,ADCY3,109,2.89418441682216e-12,-0.382785856723785,-56279
chr2,hsa04971,Gastric acid secretion - Homo sapiens (human),Brain_Substantia_nigra,chr2_24863958_T_G_b38,rs1529897,ENSG00000138031.15,ADCY3,109,2.89418441682216e-12,-0.382785856723785,-56279
chr2,hsa04972,Pancreatic secretion - Homo sapiens (human),Brain_Substantia_nigra,chr2_24863958_T_G_b38,rs1529897,ENSG00000138031.15,ADCY3,109,2.89418441682216e-12,-0.382785856723785,-56279
chr2,hsa04976,Bile secretion - Homo sapiens (human),Brain_Substantia_nigra,chr2_24863958_T_G_b38,rs1529897,ENSG00000138031.15,ADCY3,109,2.89418441682216e-12,-0.382785856723785,-56279
chr2,hsa05110,Vibrio cholerae infection - Homo sapiens (human),Brain_Substantia_nigra,chr2_24863958_T_G_b38,rs1529897,ENSG00000138031.15,ADCY3,109,2.89418441682216e-12,-0.382785856723785,-56279
chr2,hsa05414,Dilated cardiomyopathy - Homo sapiens (human),Brain_Substantia_nigra,chr2_24863958_T_G_b38,rs1529897,ENSG00000138031.15,ADCY3,109,2.89418441682216e-12,-0.382785856723785,-56279
chr2,hsa00230,Purine metabolism - Homo sapiens (human),Brain_Substantia_nigra,chr2_24864774_C_T_b38,rs13428789,ENSG00000138031.15,ADCY3,109,8.45711277970196e-10,-0.367943823337555,-55463
chr2,hsa04020,Calcium signaling pathway - Homo sapiens (human),Brain_Substantia_nigra,chr2_24864774_C_T_b38,rs13428789,ENSG00000138031.15,ADCY3,109,8.45711277970196e-10,-0.367943823337555,-55463
chr2,hsa04062,Chemokine signaling pathway - Homo sapiens (human),Brain_Substantia_nigra,chr2_24864774_C_T_b38,rs13428789,ENSG00000138031.15,ADCY3,109,8.45711277970196e-10,-0.367943823337555,-55463
chr2,hsa04114,Oocyte meiosis - Homo sapiens (human),Brain_Substantia_nigra,chr2_24864774_C_T_b38,rs13428789,ENSG00000138031.15,ADCY3,109,8.45711277970196e-10,-0.367943823337555,-55463
chr2,hsa04270,Vascular smooth muscle contraction - Homo sapiens (human),Brain_Substantia_nigra,chr2_24864774_C_T_b38,rs13428789,ENSG00000138031.15,ADCY3,109,8.45711277970196e-10,-0.367943823337555,-55463
chr2,hsa04540,Gap junction - Homo sapiens (human),Brain_Substantia_nigra,chr2_24864774_C_T_b38,rs13428789,ENSG00000138031.15,ADCY3,109,8.45711277970196e-10,-0.367943823337555,-55463
chr2,hsa04740,Olfactory transduction - Homo sapiens (human),Brain_Substantia_nigra,chr2_24864774_C_T_b38,rs13428789,ENSG00000138031.15,ADCY3,109,8.45711277970196e-10,-0.367943823337555,-55463
chr2,hsa04912,GnRH signaling pathway - Homo sapiens (human),Brain_Substantia_nigra,chr2_24864774_C_T_b38,rs13428789,ENSG00000138031.15,ADCY3,109,8.45711277970196e-10,-0.367943823337555,-55463
chr2,hsa04914,Progesterone-mediated oocyte maturation - Homo sapiens (human),Brain_Substantia_nigra,chr2_24864774_C_T_b38,rs13428789,ENSG00000138031.15,ADCY3,109,8.45711277970196e-10,-0.367943823337555,-55463
chr2,hsa04916,Melanogenesis - Homo sapiens (human),Brain_Substantia_nigra,chr2_24864774_C_T_b38,rs13428789,ENSG00000138031.15,ADCY3,109,8.45711277970196e-10,-0.367943823337555,-55463
chr2,hsa04962,Vasopressin-regulated water reabsorption - Homo sapiens (human),Brain_Substantia_nigra,chr2_24864774_C_T_b38,rs13428789,ENSG00000138031.15,ADCY3,109,8.45711277970196e-10,-0.367943823337555,-55463
chr2,hsa04970,Salivary secretion - Homo sapiens (human),Brain_Substantia_nigra,chr2_24864774_C_T_b38,rs13428789,ENSG00000138031.15,ADCY3,109,8.45711277970196e-10,-0.367943823337555,-55463
chr2,hsa04971,Gastric acid secretion - Homo sapiens (human),Brain_Substantia_nigra,chr2_24864774_C_T_b38,rs13428789,ENSG00000138031.15,ADCY3,109,8.45711277970196e-10,-0.367943823337555,-55463
chr2,hsa04972,Pancreatic secretion - Homo sapiens (human),Brain_Substantia_nigra,chr2_24864774_C_T_b38,rs13428789,ENSG00000138031.15,ADCY3,109,8.45711277970196e-10,-0.367943823337555,-55463
chr2,hsa04976,Bile secretion - Homo sapiens (human),Brain_Substantia_nigra,chr2_24864774_C_T_b38,rs13428789,ENSG00000138031.15,ADCY3,109,8.45711277970196e-10,-0.367943823337555,-55463
chr2,hsa05110,Vibrio cholerae infection - Homo sapiens (human),Brain_Substantia_nigra,chr2_24864774_C_T_b38,rs13428789,ENSG00000138031.15,ADCY3,109,8.45711277970196e-10,-0.367943823337555,-55463
chr2,hsa05414,Dilated cardiomyopathy - Homo sapiens (human),Brain_Substantia_nigra,chr2_24864774_C_T_b38,rs13428789,ENSG00000138031.15,ADCY3,109,8.45711277970196e-10,-0.367943823337555,-55463
chr2,hsa00230,Purine metabolism - Homo sapiens (human),Brain_Substantia_nigra,chr2_24866725_C_A_b38,rs35177510,ENSG00000138031.15,ADCY3,109,1.3490684760789e-12,-0.385929822921753,-53512
chr2,hsa04020,Calcium signaling pathway - Homo sapiens (human),Brain_Substantia_nigra,chr2_24866725_C_A_b38,rs35177510,ENSG00000138031.15,ADCY3,109,1.3490684760789e-12,-0.385929822921753,-53512
chr2,hsa04062,Chemokine signaling pathway - Homo sapiens (human),Brain_Substantia_nigra,chr2_24866725_C_A_b38,rs35177510,ENSG00000138031.15,ADCY3,109,1.3490684760789e-12,-0.385929822921753,-53512
chr2,hsa04114,Oocyte meiosis - Homo sapiens (human),Brain_Substantia_nigra,chr2_24866725_C_A_b38,rs35177510,ENSG00000138031.15,ADCY3,109,1.3490684760789e-12,-0.385929822921753,-53512
chr2,hsa04270,Vascular smooth muscle contraction - Homo sapiens (human),Brain_Substantia_nigra,chr2_24866725_C_A_b38,rs35177510,ENSG00000138031.15,ADCY3,109,1.3490684760789e-12,-0.385929822921753,-53512
chr2,hsa04540,Gap junction - Homo sapiens (human),Brain_Substantia_nigra,chr2_24866725_C_A_b38,rs35177510,ENSG00000138031.15,ADCY3,109,1.3490684760789e-12,-0.385929822921753,-53512
chr2,hsa04740,Olfactory transduction - Homo sapiens (human),Brain_Substantia_nigra,chr2_24866725_C_A_b38,rs35177510,ENSG00000138031.15,ADCY3,109,1.3490684760789e-12,-0.385929822921753,-53512
chr2,hsa04912,GnRH signaling pathway - Homo sapiens (human),Brain_Substantia_nigra,chr2_24866725_C_A_b38,rs35177510,ENSG00000138031.15,ADCY3,109,1.3490684760789e-12,-0.385929822921753,-53512
chr2,hsa04914,Progesterone-mediated oocyte maturation - Homo sapiens (human),Brain_Substantia_nigra,chr2_24866725_C_A_b38,rs35177510,ENSG00000138031.15,ADCY3,109,1.3490684760789e-12,-0.385929822921753,-53512
chr2,hsa04916,Melanogenesis - Homo sapiens (human),Brain_Substantia_nigra,chr2_24866725_C_A_b38,rs35177510,ENSG00000138031.15,ADCY3,109,1.3490684760789e-12,-0.385929822921753,-53512
chr2,hsa04962,Vasopressin-regulated water reabsorption - Homo sapiens (human),Brain_Substantia_nigra,chr2_24866725_C_A_b38,rs35177510,ENSG00000138031.15,ADCY3,109,1.3490684760789e-12,-0.385929822921753,-53512
chr2,hsa04970,Salivary secretion - Homo sapiens (human),Brain_Substantia_nigra,chr2_24866725_C_A_b38,rs35177510,ENSG00000138031.15,ADCY3,109,1.3490684760789e-12,-0.385929822921753,-53512
chr2,hsa04971,Gastric acid secretion - Homo sapiens (human),Brain_Substantia_nigra,chr2_24866725_C_A_b38,rs35177510,ENSG00000138031.15,ADCY3,109,1.3490684760789e-12,-0.385929822921753,-53512
chr2,hsa04972,Pancreatic secretion - Homo sapiens (human),Brain_Substantia_nigra,chr2_24866725_C_A_b38,rs35177510,ENSG00000138031.15,ADCY3,109,1.3490684760789e-12,-0.385929822921753,-53512
chr2,hsa04976,Bile secretion - Homo sapiens (human),Brain_Substantia_nigra,chr2_24866725_C_A_b38,rs35177510,ENSG00000138031.15,ADCY3,109,1.3490684760789e-12,-0.385929822921753,-53512
chr2,hsa05110,Vibrio cholerae infection - Homo sapiens (human),Brain_Substantia_nigra,chr2_24866725_C_A_b38,rs35177510,ENSG00000138031.15,ADCY3,109,1.3490684760789e-12,-0.385929822921753,-53512
chr2,hsa05414,Dilated cardiomyopathy - Homo sapiens (human),Brain_Substantia_nigra,chr2_24866725_C_A_b38,rs35177510,ENSG00000138031.15,ADCY3,109,1.3490684760789e-12,-0.385929822921753,-53512
chr2,hsa00230,Purine metabolism - Homo sapiens (human),Brain_Substantia_nigra,chr2_24869000_A_G_b38,rs11683929,ENSG00000138031.15,ADCY3,109,2.51823218375226e-10,-0.345728278160095,-51237
chr2,hsa04020,Calcium signaling pathway - Homo sapiens (human),Brain_Substantia_nigra,chr2_24869000_A_G_b38,rs11683929,ENSG00000138031.15,ADCY3,109,2.51823218375226e-10,-0.345728278160095,-51237
chr2,hsa04062,Chemokine signaling pathway - Homo sapiens (human),Brain_Substantia_nigra,chr2_24869000_A_G_b38,rs11683929,ENSG00000138031.15,ADCY3,109,2.51823218375226e-10,-0.345728278160095,-51237
chr2,hsa04114,Oocyte meiosis - Homo sapiens (human),Brain_Substantia_nigra,chr2_24869000_A_G_b38,rs11683929,ENSG00000138031.15,ADCY3,109,2.51823218375226e-10,-0.345728278160095,-51237
chr2,hsa04270,Vascular smooth muscle contraction - Homo sapiens (human),Brain_Substantia_nigra,chr2_24869000_A_G_b38,rs11683929,ENSG00000138031.15,ADCY3,109,2.51823218375226e-10,-0.345728278160095,-51237
chr2,hsa04540,Gap junction - Homo sapiens (human),Brain_Substantia_nigra,chr2_24869000_A_G_b38,rs11683929,ENSG00000138031.15,ADCY3,109,2.51823218375226e-10,-0.345728278160095,-51237
chr2,hsa04740,Olfactory transduction - Homo sapiens (human),Brain_Substantia_nigra,chr2_24869000_A_G_b38,rs11683929,ENSG00000138031.15,ADCY3,109,2.51823218375226e-10,-0.345728278160095,-51237
chr2,hsa04912,GnRH signaling pathway - Homo sapiens (human),Brain_Substantia_nigra,chr2_24869000_A_G_b38,rs11683929,ENSG00000138031.15,ADCY3,109,2.51823218375226e-10,-0.345728278160095,-51237
chr2,hsa04914,Progesterone-mediated oocyte maturation - Homo sapiens (human),Brain_Substantia_nigra,chr2_24869000_A_G_b38,rs11683929,ENSG00000138031.15,ADCY3,109,2.51823218375226e-10,-0.345728278160095,-51237
chr2,hsa04916,Melanogenesis - Homo sapiens (human),Brain_Substantia_nigra,chr2_24869000_A_G_b38,rs11683929,ENSG00000138031.15,ADCY3,109,2.51823218375226e-10,-0.345728278160095,-51237
chr2,hsa04962,Vasopressin-regulated water reabsorption - Homo sapiens (human),Brain_Substantia_nigra,chr2_24869000_A_G_b38,rs11683929,ENSG00000138031.15,ADCY3,109,2.51823218375226e-10,-0.345728278160095,-51237
chr2,hsa04970,Salivary secretion - Homo sapiens (human),Brain_Substantia_nigra,chr2_24869000_A_G_b38,rs11683929,ENSG00000138031.15,ADCY3,109,2.51823218375226e-10,-0.345728278160095,-51237
chr2,hsa04971,Gastric acid secretion - Homo sapiens (human),Brain_Substantia_nigra,chr2_24869000_A_G_b38,rs11683929,ENSG00000138031.15,ADCY3,109,2.51823218375226e-10,-0.345728278160095,-51237
chr2,hsa04972,Pancreatic secretion - Homo sapiens (human),Brain_Substantia_nigra,chr2_24869000_A_G_b38,rs11683929,ENSG00000138031.15,ADCY3,109,2.51823218375226e-10,-0.345728278160095,-51237
chr2,hsa04976,Bile secretion - Homo sapiens (human),Brain_Substantia_nigra,chr2_24869000_A_G_b38,rs11683929,ENSG00000138031.15,ADCY3,109,2.51823218375226e-10,-0.345728278160095,-51237
chr2,hsa05110,Vibrio cholerae infection - Homo sapiens (human),Brain_Substantia_nigra,chr2_24869000_A_G_b38,rs11683929,ENSG00000138031.15,ADCY3,109,2.51823218375226e-10,-0.345728278160095,-51237
chr2,hsa05414,Dilated cardiomyopathy - Homo sapiens (human),Brain_Substantia_nigra,chr2_24869000_A_G_b38,rs11683929,ENSG00000138031.15,ADCY3,109,2.51823218375226e-10,-0.345728278160095,-51237
chr2,hsa00230,Purine metabolism - Homo sapiens (human),Brain_Substantia_nigra,chr2_24870282_C_T_b38,rs13019149,ENSG00000138031.15,ADCY3,109,7.83573850729756e-12,-0.373130649328232,-49955
chr2,hsa04020,Calcium signaling pathway - Homo sapiens (human),Brain_Substantia_nigra,chr2_24870282_C_T_b38,rs13019149,ENSG00000138031.15,ADCY3,109,7.83573850729756e-12,-0.373130649328232,-49955
chr2,hsa04062,Chemokine signaling pathway - Homo sapiens (human),Brain_Substantia_nigra,chr2_24870282_C_T_b38,rs13019149,ENSG00000138031.15,ADCY3,109,7.83573850729756e-12,-0.373130649328232,-49955
chr2,hsa04114,Oocyte meiosis - Homo sapiens (human),Brain_Substantia_nigra,chr2_24870282_C_T_b38,rs13019149,ENSG00000138031.15,ADCY3,109,7.83573850729756e-12,-0.373130649328232,-49955
chr2,hsa04270,Vascular smooth muscle contraction - Homo sapiens (human),Brain_Substantia_nigra,chr2_24870282_C_T_b38,rs13019149,ENSG00000138031.15,ADCY3,109,7.83573850729756e-12,-0.373130649328232,-49955
chr2,hsa04540,Gap junction - Homo sapiens (human),Brain_Substantia_nigra,chr2_24870282_C_T_b38,rs13019149,ENSG00000138031.15,ADCY3,109,7.83573850729756e-12,-0.373130649328232,-49955
chr2,hsa04740,Olfactory transduction - Homo sapiens (human),Brain_Substantia_nigra,chr2_24870282_C_T_b38,rs13019149,ENSG00000138031.15,ADCY3,109,7.83573850729756e-12,-0.373130649328232,-49955
chr2,hsa04912,GnRH signaling pathway - Homo sapiens (human),Brain_Substantia_nigra,chr2_24870282_C_T_b38,rs13019149,ENSG00000138031.15,ADCY3,109,7.83573850729756e-12,-0.373130649328232,-49955
chr2,hsa04914,Progesterone-mediated oocyte maturation - Homo sapiens (human),Brain_Substantia_nigra,chr2_24870282_C_T_b38,rs13019149,ENSG00000138031.15,ADCY3,109,7.83573850729756e-12,-0.373130649328232,-49955
chr2,hsa04916,Melanogenesis - Homo sapiens (human),Brain_Substantia_nigra,chr2_24870282_C_T_b38,rs13019149,ENSG00000138031.15,ADCY3,109,7.83573850729756e-12,-0.373130649328232,-49955
chr2,hsa04962,Vasopressin-regulated water reabsorption - Homo sapiens (human),Brain_Substantia_nigra,chr2_24870282_C_T_b38,rs13019149,ENSG00000138031.15,ADCY3,109,7.83573850729756e-12,-0.373130649328232,-49955
chr2,hsa04970,Salivary secretion - Homo sapiens (human),Brain_Substantia_nigra,chr2_24870282_C_T_b38,rs13019149,ENSG00000138031.15,ADCY3,109,7.83573850729756e-12,-0.373130649328232,-49955
chr2,hsa04971,Gastric acid secretion - Homo sapiens (human),Brain_Substantia_nigra,chr2_24870282_C_T_b38,rs13019149,ENSG00000138031.15,ADCY3,109,7.83573850729756e-12,-0.373130649328232,-49955
chr2,hsa04972,Pancreatic secretion - Homo sapiens (human),Brain_Substantia_nigra,chr2_24870282_C_T_b38,rs13019149,ENSG00000138031.15,ADCY3,109,7.83573850729756e-12,-0.373130649328232,-49955
chr2,hsa04976,Bile secretion - Homo sapiens (human),Brain_Substantia_nigra,chr2_24870282_C_T_b38,rs13019149,ENSG00000138031.15,ADCY3,109,7.83573850729756e-12,-0.373130649328232,-49955
chr2,hsa05110,Vibrio cholerae infection - Homo sapiens (human),Brain_Substantia_nigra,chr2_24870282_C_T_b38,rs13019149,ENSG00000138031.15,ADCY3,109,7.83573850729756e-12,-0.373130649328232,-49955
chr2,hsa05414,Dilated cardiomyopathy - Homo sapiens (human),Brain_Substantia_nigra,chr2_24870282_C_T_b38,rs13019149,ENSG00000138031.15,ADCY3,109,7.83573850729756e-12,-0.373130649328232,-49955
chr2,hsa00230,Purine metabolism - Homo sapiens (human),Brain_Substantia_nigra,chr2_24873823_A_T_b38,rs11892869,ENSG00000138031.15,ADCY3,109,3.89251831944159e-10,-0.361179083585739,-46414
chr2,hsa04020,Calcium signaling pathway - Homo sapiens (human),Brain_Substantia_nigra,chr2_24873823_A_T_b38,rs11892869,ENSG00000138031.15,ADCY3,109,3.89251831944159e-10,-0.361179083585739,-46414
chr2,hsa04062,Chemokine signaling pathway - Homo sapiens (human),Brain_Substantia_nigra,chr2_24873823_A_T_b38,rs11892869,ENSG00000138031.15,ADCY3,109,3.89251831944159e-10,-0.361179083585739,-46414
chr2,hsa04114,Oocyte meiosis - Homo sapiens (human),Brain_Substantia_nigra,chr2_24873823_A_T_b38,rs11892869,ENSG00000138031.15,ADCY3,109,3.89251831944159e-10,-0.361179083585739,-46414
chr2,hsa04270,Vascular smooth muscle contraction - Homo sapiens (human),Brain_Substantia_nigra,chr2_24873823_A_T_b38,rs11892869,ENSG00000138031.15,ADCY3,109,3.89251831944159e-10,-0.361179083585739,-46414
chr2,hsa04540,Gap junction - Homo sapiens (human),Brain_Substantia_nigra,chr2_24873823_A_T_b38,rs11892869,ENSG00000138031.15,ADCY3,109,3.89251831944159e-10,-0.361179083585739,-46414
chr2,hsa04740,Olfactory transduction - Homo sapiens (human),Brain_Substantia_nigra,chr2_24873823_A_T_b38,rs11892869,ENSG00000138031.15,ADCY3,109,3.89251831944159e-10,-0.361179083585739,-46414
chr2,hsa04912,GnRH signaling pathway - Homo sapiens (human),Brain_Substantia_nigra,chr2_24873823_A_T_b38,rs11892869,ENSG00000138031.15,ADCY3,109,3.89251831944159e-10,-0.361179083585739,-46414
chr2,hsa04914,Progesterone-mediated oocyte maturation - Homo sapiens (human),Brain_Substantia_nigra,chr2_24873823_A_T_b38,rs11892869,ENSG00000138031.15,ADCY3,109,3.89251831944159e-10,-0.361179083585739,-46414
chr2,hsa04916,Melanogenesis - Homo sapiens (human),Brain_Substantia_nigra,chr2_24873823_A_T_b38,rs11892869,ENSG00000138031.15,ADCY3,109,3.89251831944159e-10,-0.361179083585739,-46414
chr2,hsa04962,Vasopressin-regulated water reabsorption - Homo sapiens (human),Brain_Substantia_nigra,chr2_24873823_A_T_b38,rs11892869,ENSG00000138031.15,ADCY3,109,3.89251831944159e-10,-0.361179083585739,-46414
chr2,hsa04970,Salivary secretion - Homo sapiens (human),Brain_Substantia_nigra,chr2_24873823_A_T_b38,rs11892869,ENSG00000138031.15,ADCY3,109,3.89251831944159e-10,-0.361179083585739,-46414
chr2,hsa04971,Gastric acid secretion - Homo sapiens (human),Brain_Substantia_nigra,chr2_24873823_A_T_b38,rs11892869,ENSG00000138031.15,ADCY3,109,3.89251831944159e-10,-0.361179083585739,-46414
chr2,hsa04972,Pancreatic secretion - Homo sapiens (human),Brain_Substantia_nigra,chr2_24873823_A_T_b38,rs11892869,ENSG00000138031.15,ADCY3,109,3.89251831944159e-10,-0.361179083585739,-46414
chr2,hsa04976,Bile secretion - Homo sapiens (human),Brain_Substantia_nigra,chr2_24873823_A_T_b38,rs11892869,ENSG00000138031.15,ADCY3,109,3.89251831944159e-10,-0.361179083585739,-46414
chr2,hsa05110,Vibrio cholerae infection - Homo sapiens (human),Brain_Substantia_nigra,chr2_24873823_A_T_b38,rs11892869,ENSG00000138031.15,ADCY3,109,3.89251831944159e-10,-0.361179083585739,-46414
chr2,hsa05414,Dilated cardiomyopathy - Homo sapiens (human),Brain_Substantia_nigra,chr2_24873823_A_T_b38,rs11892869,ENSG00000138031.15,ADCY3,109,3.89251831944159e-10,-0.361179083585739,-46414
chr2,hsa00230,Purine metabolism - Homo sapiens (human),Brain_Substantia_nigra,chr2_24874083_T_C_b38,rs7567997,ENSG00000138031.15,ADCY3,109,3.89251831944159e-10,-0.361179083585739,-46154
chr2,hsa04020,Calcium signaling pathway - Homo sapiens (human),Brain_Substantia_nigra,chr2_24874083_T_C_b38,rs7567997,ENSG00000138031.15,ADCY3,109,3.89251831944159e-10,-0.361179083585739,-46154
chr2,hsa04062,Chemokine signaling pathway - Homo sapiens (human),Brain_Substantia_nigra,chr2_24874083_T_C_b38,rs7567997,ENSG00000138031.15,ADCY3,109,3.89251831944159e-10,-0.361179083585739,-46154
chr2,hsa04114,Oocyte meiosis - Homo sapiens (human),Brain_Substantia_nigra,chr2_24874083_T_C_b38,rs7567997,ENSG00000138031.15,ADCY3,109,3.89251831944159e-10,-0.361179083585739,-46154
chr2,hsa04270,Vascular smooth muscle contraction - Homo sapiens (human),Brain_Substantia_nigra,chr2_24874083_T_C_b38,rs7567997,ENSG00000138031.15,ADCY3,109,3.89251831944159e-10,-0.361179083585739,-46154
chr2,hsa04540,Gap junction - Homo sapiens (human),Brain_Substantia_nigra,chr2_24874083_T_C_b38,rs7567997,ENSG00000138031.15,ADCY3,109,3.89251831944159e-10,-0.361179083585739,-46154
chr2,hsa04740,Olfactory transduction - Homo sapiens (human),Brain_Substantia_nigra,chr2_24874083_T_C_b38,rs7567997,ENSG00000138031.15,ADCY3,109,3.89251831944159e-10,-0.361179083585739,-46154
chr2,hsa04912,GnRH signaling pathway - Homo sapiens (human),Brain_Substantia_nigra,chr2_24874083_T_C_b38,rs7567997,ENSG00000138031.15,ADCY3,109,3.89251831944159e-10,-0.361179083585739,-46154
chr2,hsa04914,Progesterone-mediated oocyte maturation - Homo sapiens (human),Brain_Substantia_nigra,chr2_24874083_T_C_b38,rs7567997,ENSG00000138031.15,ADCY3,109,3.89251831944159e-10,-0.361179083585739,-46154
chr2,hsa04916,Melanogenesis - Homo sapiens (human),Brain_Substantia_nigra,chr2_24874083_T_C_b38,rs7567997,ENSG00000138031.15,ADCY3,109,3.89251831944159e-10,-0.361179083585739,-46154
chr2,hsa04962,Vasopressin-regulated water reabsorption - Homo sapiens (human),Brain_Substantia_nigra,chr2_24874083_T_C_b38,rs7567997,ENSG00000138031.15,ADCY3,109,3.89251831944159e-10,-0.361179083585739,-46154
chr2,hsa04970,Salivary secretion - Homo sapiens (human),Brain_Substantia_nigra,chr2_24874083_T_C_b38,rs7567997,ENSG00000138031.15,ADCY3,109,3.89251831944159e-10,-0.361179083585739,-46154
chr2,hsa04971,Gastric acid secretion - Homo sapiens (human),Brain_Substantia_nigra,chr2_24874083_T_C_b38,rs7567997,ENSG00000138031.15,ADCY3,109,3.89251831944159e-10,-0.361179083585739,-46154
chr2,hsa04972,Pancreatic secretion - Homo sapiens (human),Brain_Substantia_nigra,chr2_24874083_T_C_b38,rs7567997,ENSG00000138031.15,ADCY3,109,3.89251831944159e-10,-0.361179083585739,-46154
chr2,hsa04976,Bile secretion - Homo sapiens (human),Brain_Substantia_nigra,chr2_24874083_T_C_b38,rs7567997,ENSG00000138031.15,ADCY3,109,3.89251831944159e-10,-0.361179083585739,-46154
chr2,hsa05110,Vibrio cholerae infection - Homo sapiens (human),Brain_Substantia_nigra,chr2_24874083_T_C_b38,rs7567997,ENSG00000138031.15,ADCY3,109,3.89251831944159e-10,-0.361179083585739,-46154
chr2,hsa05414,Dilated cardiomyopathy - Homo sapiens (human),Brain_Substantia_nigra,chr2_24874083_T_C_b38,rs7567997,ENSG00000138031.15,ADCY3,109,3.89251831944159e-10,-0.361179083585739,-46154
chr2,hsa00230,Purine metabolism - Homo sapiens (human),Brain_Substantia_nigra,chr2_24874203_G_C_b38,rs7580081,ENSG00000138031.15,ADCY3,109,3.89251831944159e-10,-0.361179083585739,-46034
chr2,hsa04020,Calcium signaling pathway - Homo sapiens (human),Brain_Substantia_nigra,chr2_24874203_G_C_b38,rs7580081,ENSG00000138031.15,ADCY3,109,3.89251831944159e-10,-0.361179083585739,-46034
chr2,hsa04062,Chemokine signaling pathway - Homo sapiens (human),Brain_Substantia_nigra,chr2_24874203_G_C_b38,rs7580081,ENSG00000138031.15,ADCY3,109,3.89251831944159e-10,-0.361179083585739,-46034
chr2,hsa04114,Oocyte meiosis - Homo sapiens (human),Brain_Substantia_nigra,chr2_24874203_G_C_b38,rs7580081,ENSG00000138031.15,ADCY3,109,3.89251831944159e-10,-0.361179083585739,-46034
chr2,hsa04270,Vascular smooth muscle contraction - Homo sapiens (human),Brain_Substantia_nigra,chr2_24874203_G_C_b38,rs7580081,ENSG00000138031.15,ADCY3,109,3.89251831944159e-10,-0.361179083585739,-46034
chr2,hsa04540,Gap junction - Homo sapiens (human),Brain_Substantia_nigra,chr2_24874203_G_C_b38,rs7580081,ENSG00000138031.15,ADCY3,109,3.89251831944159e-10,-0.361179083585739,-46034
chr2,hsa04740,Olfactory transduction - Homo sapiens (human),Brain_Substantia_nigra,chr2_24874203_G_C_b38,rs7580081,ENSG00000138031.15,ADCY3,109,3.89251831944159e-10,-0.361179083585739,-46034
chr2,hsa04912,GnRH signaling pathway - Homo sapiens (human),Brain_Substantia_nigra,chr2_24874203_G_C_b38,rs7580081,ENSG00000138031.15,ADCY3,109,3.89251831944159e-10,-0.361179083585739,-46034
chr2,hsa04914,Progesterone-mediated oocyte maturation - Homo sapiens (human),Brain_Substantia_nigra,chr2_24874203_G_C_b38,rs7580081,ENSG00000138031.15,ADCY3,109,3.89251831944159e-10,-0.361179083585739,-46034
chr2,hsa04916,Melanogenesis - Homo sapiens (human),Brain_Substantia_nigra,chr2_24874203_G_C_b38,rs7580081,ENSG00000138031.15,ADCY3,109,3.89251831944159e-10,-0.361179083585739,-46034
chr2,hsa04962,Vasopressin-regulated water reabsorption - Homo sapiens (human),Brain_Substantia_nigra,chr2_24874203_G_C_b38,rs7580081,ENSG00000138031.15,ADCY3,109,3.89251831944159e-10,-0.361179083585739,-46034
chr2,hsa04970,Salivary secretion - Homo sapiens (human),Brain_Substantia_nigra,chr2_24874203_G_C_b38,rs7580081,ENSG00000138031.15,ADCY3,109,3.89251831944159e-10,-0.361179083585739,-46034
chr2,hsa04971,Gastric acid secretion - Homo sapiens (human),Brain_Substantia_nigra,chr2_24874203_G_C_b38,rs7580081,ENSG00000138031.15,ADCY3,109,3.89251831944159e-10,-0.361179083585739,-46034
chr2,hsa04972,Pancreatic secretion - Homo sapiens (human),Brain_Substantia_nigra,chr2_24874203_G_C_b38,rs7580081,ENSG00000138031.15,ADCY3,109,3.89251831944159e-10,-0.361179083585739,-46034
chr2,hsa04976,Bile secretion - Homo sapiens (human),Brain_Substantia_nigra,chr2_24874203_G_C_b38,rs7580081,ENSG00000138031.15,ADCY3,109,3.89251831944159e-10,-0.361179083585739,-46034
chr2,hsa05110,Vibrio cholerae infection - Homo sapiens (human),Brain_Substantia_nigra,chr2_24874203_G_C_b38,rs7580081,ENSG00000138031.15,ADCY3,109,3.89251831944159e-10,-0.361179083585739,-46034
chr2,hsa05414,Dilated cardiomyopathy - Homo sapiens (human),Brain_Substantia_nigra,chr2_24874203_G_C_b38,rs7580081,ENSG00000138031.15,ADCY3,109,3.89251831944159e-10,-0.361179083585739,-46034
chr2,hsa00230,Purine metabolism - Homo sapiens (human),Brain_Substantia_nigra,chr2_24874775_A_G_b38,rs13407913,ENSG00000138031.15,ADCY3,109,3.89251831944159e-10,-0.361179083585739,-45462
chr2,hsa04020,Calcium signaling pathway - Homo sapiens (human),Brain_Substantia_nigra,chr2_24874775_A_G_b38,rs13407913,ENSG00000138031.15,ADCY3,109,3.89251831944159e-10,-0.361179083585739,-45462
chr2,hsa04062,Chemokine signaling pathway - Homo sapiens (human),Brain_Substantia_nigra,chr2_24874775_A_G_b38,rs13407913,ENSG00000138031.15,ADCY3,109,3.89251831944159e-10,-0.361179083585739,-45462
chr2,hsa04114,Oocyte meiosis - Homo sapiens (human),Brain_Substantia_nigra,chr2_24874775_A_G_b38,rs13407913,ENSG00000138031.15,ADCY3,109,3.89251831944159e-10,-0.361179083585739,-45462
chr2,hsa04270,Vascular smooth muscle contraction - Homo sapiens (human),Brain_Substantia_nigra,chr2_24874775_A_G_b38,rs13407913,ENSG00000138031.15,ADCY3,109,3.89251831944159e-10,-0.361179083585739,-45462
chr2,hsa04540,Gap junction - Homo sapiens (human),Brain_Substantia_nigra,chr2_24874775_A_G_b38,rs13407913,ENSG00000138031.15,ADCY3,109,3.89251831944159e-10,-0.361179083585739,-45462
chr2,hsa04740,Olfactory transduction - Homo sapiens (human),Brain_Substantia_nigra,chr2_24874775_A_G_b38,rs13407913,ENSG00000138031.15,ADCY3,109,3.89251831944159e-10,-0.361179083585739,-45462
chr2,hsa04912,GnRH signaling pathway - Homo sapiens (human),Brain_Substantia_nigra,chr2_24874775_A_G_b38,rs13407913,ENSG00000138031.15,ADCY3,109,3.89251831944159e-10,-0.361179083585739,-45462
chr2,hsa04914,Progesterone-mediated oocyte maturation - Homo sapiens (human),Brain_Substantia_nigra,chr2_24874775_A_G_b38,rs13407913,ENSG00000138031.15,ADCY3,109,3.89251831944159e-10,-0.361179083585739,-45462
chr2,hsa04916,Melanogenesis - Homo sapiens (human),Brain_Substantia_nigra,chr2_24874775_A_G_b38,rs13407913,ENSG00000138031.15,ADCY3,109,3.89251831944159e-10,-0.361179083585739,-45462
chr2,hsa04962,Vasopressin-regulated water reabsorption - Homo sapiens (human),Brain_Substantia_nigra,chr2_24874775_A_G_b38,rs13407913,ENSG00000138031.15,ADCY3,109,3.89251831944159e-10,-0.361179083585739,-45462
chr2,hsa04970,Salivary secretion - Homo sapiens (human),Brain_Substantia_nigra,chr2_24874775_A_G_b38,rs13407913,ENSG00000138031.15,ADCY3,109,3.89251831944159e-10,-0.361179083585739,-45462
chr2,hsa04971,Gastric acid secretion - Homo sapiens (human),Brain_Substantia_nigra,chr2_24874775_A_G_b38,rs13407913,ENSG00000138031.15,ADCY3,109,3.89251831944159e-10,-0.361179083585739,-45462
chr2,hsa04972,Pancreatic secretion - Homo sapiens (human),Brain_Substantia_nigra,chr2_24874775_A_G_b38,rs13407913,ENSG00000138031.15,ADCY3,109,3.89251831944159e-10,-0.361179083585739,-45462
chr2,hsa04976,Bile secretion - Homo sapiens (human),Brain_Substantia_nigra,chr2_24874775_A_G_b38,rs13407913,ENSG00000138031.15,ADCY3,109,3.89251831944159e-10,-0.361179083585739,-45462
chr2,hsa05110,Vibrio cholerae infection - Homo sapiens (human),Brain_Substantia_nigra,chr2_24874775_A_G_b38,rs13407913,ENSG00000138031.15,ADCY3,109,3.89251831944159e-10,-0.361179083585739,-45462
chr2,hsa05414,Dilated cardiomyopathy - Homo sapiens (human),Brain_Substantia_nigra,chr2_24874775_A_G_b38,rs13407913,ENSG00000138031.15,ADCY3,109,3.89251831944159e-10,-0.361179083585739,-45462
chr2,hsa00230,Purine metabolism - Homo sapiens (human),Brain_Substantia_nigra,chr2_24875070_T_C_b38,rs13410999,ENSG00000138031.15,ADCY3,109,3.89251831944159e-10,-0.361179083585739,-45167
chr2,hsa04020,Calcium signaling pathway - Homo sapiens (human),Brain_Substantia_nigra,chr2_24875070_T_C_b38,rs13410999,ENSG00000138031.15,ADCY3,109,3.89251831944159e-10,-0.361179083585739,-45167
chr2,hsa04062,Chemokine signaling pathway - Homo sapiens (human),Brain_Substantia_nigra,chr2_24875070_T_C_b38,rs13410999,ENSG00000138031.15,ADCY3,109,3.89251831944159e-10,-0.361179083585739,-45167
chr2,hsa04114,Oocyte meiosis - Homo sapiens (human),Brain_Substantia_nigra,chr2_24875070_T_C_b38,rs13410999,ENSG00000138031.15,ADCY3,109,3.89251831944159e-10,-0.361179083585739,-45167
chr2,hsa04270,Vascular smooth muscle contraction - Homo sapiens (human),Brain_Substantia_nigra,chr2_24875070_T_C_b38,rs13410999,ENSG00000138031.15,ADCY3,109,3.89251831944159e-10,-0.361179083585739,-45167
chr2,hsa04540,Gap junction - Homo sapiens (human),Brain_Substantia_nigra,chr2_24875070_T_C_b38,rs13410999,ENSG00000138031.15,ADCY3,109,3.89251831944159e-10,-0.361179083585739,-45167
chr2,hsa04740,Olfactory transduction - Homo sapiens (human),Brain_Substantia_nigra,chr2_24875070_T_C_b38,rs13410999,ENSG00000138031.15,ADCY3,109,3.89251831944159e-10,-0.361179083585739,-45167
chr2,hsa04912,GnRH signaling pathway - Homo sapiens (human),Brain_Substantia_nigra,chr2_24875070_T_C_b38,rs13410999,ENSG00000138031.15,ADCY3,109,3.89251831944159e-10,-0.361179083585739,-45167
chr2,hsa04914,Progesterone-mediated oocyte maturation - Homo sapiens (human),Brain_Substantia_nigra,chr2_24875070_T_C_b38,rs13410999,ENSG00000138031.15,ADCY3,109,3.89251831944159e-10,-0.361179083585739,-45167
chr2,hsa04916,Melanogenesis - Homo sapiens (human),Brain_Substantia_nigra,chr2_24875070_T_C_b38,rs13410999,ENSG00000138031.15,ADCY3,109,3.89251831944159e-10,-0.361179083585739,-45167
chr2,hsa04962,Vasopressin-regulated water reabsorption - Homo sapiens (human),Brain_Substantia_nigra,chr2_24875070_T_C_b38,rs13410999,ENSG00000138031.15,ADCY3,109,3.89251831944159e-10,-0.361179083585739,-45167
chr2,hsa04970,Salivary secretion - Homo sapiens (human),Brain_Substantia_nigra,chr2_24875070_T_C_b38,rs13410999,ENSG00000138031.15,ADCY3,109,3.89251831944159e-10,-0.361179083585739,-45167
chr2,hsa04971,Gastric acid secretion - Homo sapiens (human),Brain_Substantia_nigra,chr2_24875070_T_C_b38,rs13410999,ENSG00000138031.15,ADCY3,109,3.89251831944159e-10,-0.361179083585739,-45167
chr2,hsa04972,Pancreatic secretion - Homo sapiens (human),Brain_Substantia_nigra,chr2_24875070_T_C_b38,rs13410999,ENSG00000138031.15,ADCY3,109,3.89251831944159e-10,-0.361179083585739,-45167
chr2,hsa04976,Bile secretion - Homo sapiens (human),Brain_Substantia_nigra,chr2_24875070_T_C_b38,rs13410999,ENSG00000138031.15,ADCY3,109,3.89251831944159e-10,-0.361179083585739,-45167
chr2,hsa05110,Vibrio cholerae infection - Homo sapiens (human),Brain_Substantia_nigra,chr2_24875070_T_C_b38,rs13410999,ENSG00000138031.15,ADCY3,109,3.89251831944159e-10,-0.361179083585739,-45167
chr2,hsa05414,Dilated cardiomyopathy - Homo sapiens (human),Brain_Substantia_nigra,chr2_24875070_T_C_b38,rs13410999,ENSG00000138031.15,ADCY3,109,3.89251831944159e-10,-0.361179083585739,-45167
chr2,hsa00230,Purine metabolism - Homo sapiens (human),Brain_Substantia_nigra,chr2_24875164_G_GCTCA_b38,rs60802568,ENSG00000138031.15,ADCY3,109,3.89251831944159e-10,-0.361179083585739,-45073
chr2,hsa04020,Calcium signaling pathway - Homo sapiens (human),Brain_Substantia_nigra,chr2_24875164_G_GCTCA_b38,rs60802568,ENSG00000138031.15,ADCY3,109,3.89251831944159e-10,-0.361179083585739,-45073
chr2,hsa04062,Chemokine signaling pathway - Homo sapiens (human),Brain_Substantia_nigra,chr2_24875164_G_GCTCA_b38,rs60802568,ENSG00000138031.15,ADCY3,109,3.89251831944159e-10,-0.361179083585739,-45073
chr2,hsa04114,Oocyte meiosis - Homo sapiens (human),Brain_Substantia_nigra,chr2_24875164_G_GCTCA_b38,rs60802568,ENSG00000138031.15,ADCY3,109,3.89251831944159e-10,-0.361179083585739,-45073
chr2,hsa04270,Vascular smooth muscle contraction - Homo sapiens (human),Brain_Substantia_nigra,chr2_24875164_G_GCTCA_b38,rs60802568,ENSG00000138031.15,ADCY3,109,3.89251831944159e-10,-0.361179083585739,-45073
chr2,hsa04540,Gap junction - Homo sapiens (human),Brain_Substantia_nigra,chr2_24875164_G_GCTCA_b38,rs60802568,ENSG00000138031.15,ADCY3,109,3.89251831944159e-10,-0.361179083585739,-45073
chr2,hsa04740,Olfactory transduction - Homo sapiens (human),Brain_Substantia_nigra,chr2_24875164_G_GCTCA_b38,rs60802568,ENSG00000138031.15,ADCY3,109,3.89251831944159e-10,-0.361179083585739,-45073
chr2,hsa04912,GnRH signaling pathway - Homo sapiens (human),Brain_Substantia_nigra,chr2_24875164_G_GCTCA_b38,rs60802568,ENSG00000138031.15,ADCY3,109,3.89251831944159e-10,-0.361179083585739,-45073
chr2,hsa04914,Progesterone-mediated oocyte maturation - Homo sapiens (human),Brain_Substantia_nigra,chr2_24875164_G_GCTCA_b38,rs60802568,ENSG00000138031.15,ADCY3,109,3.89251831944159e-10,-0.361179083585739,-45073
chr2,hsa04916,Melanogenesis - Homo sapiens (human),Brain_Substantia_nigra,chr2_24875164_G_GCTCA_b38,rs60802568,ENSG00000138031.15,ADCY3,109,3.89251831944159e-10,-0.361179083585739,-45073
chr2,hsa04962,Vasopressin-regulated water reabsorption - Homo sapiens (human),Brain_Substantia_nigra,chr2_24875164_G_GCTCA_b38,rs60802568,ENSG00000138031.15,ADCY3,109,3.89251831944159e-10,-0.361179083585739,-45073
chr2,hsa04970,Salivary secretion - Homo sapiens (human),Brain_Substantia_nigra,chr2_24875164_G_GCTCA_b38,rs60802568,ENSG00000138031.15,ADCY3,109,3.89251831944159e-10,-0.361179083585739,-45073
chr2,hsa04971,Gastric acid secretion - Homo sapiens (human),Brain_Substantia_nigra,chr2_24875164_G_GCTCA_b38,rs60802568,ENSG00000138031.15,ADCY3,109,3.89251831944159e-10,-0.361179083585739,-45073
chr2,hsa04972,Pancreatic secretion - Homo sapiens (human),Brain_Substantia_nigra,chr2_24875164_G_GCTCA_b38,rs60802568,ENSG00000138031.15,ADCY3,109,3.89251831944159e-10,-0.361179083585739,-45073
chr2,hsa04976,Bile secretion - Homo sapiens (human),Brain_Substantia_nigra,chr2_24875164_G_GCTCA_b38,rs60802568,ENSG00000138031.15,ADCY3,109,3.89251831944159e-10,-0.361179083585739,-45073
chr2,hsa05110,Vibrio cholerae infection - Homo sapiens (human),Brain_Substantia_nigra,chr2_24875164_G_GCTCA_b38,rs60802568,ENSG00000138031.15,ADCY3,109,3.89251831944159e-10,-0.361179083585739,-45073
chr2,hsa05414,Dilated cardiomyopathy - Homo sapiens (human),Brain_Substantia_nigra,chr2_24875164_G_GCTCA_b38,rs60802568,ENSG00000138031.15,ADCY3,109,3.89251831944159e-10,-0.361179083585739,-45073
chr2,hsa00230,Purine metabolism - Homo sapiens (human),Brain_Substantia_nigra,chr2_24875990_A_G_b38,rs6722022,ENSG00000138031.15,ADCY3,109,3.89251831944159e-10,-0.361179083585739,-44247
chr2,hsa04020,Calcium signaling pathway - Homo sapiens (human),Brain_Substantia_nigra,chr2_24875990_A_G_b38,rs6722022,ENSG00000138031.15,ADCY3,109,3.89251831944159e-10,-0.361179083585739,-44247
chr2,hsa04062,Chemokine signaling pathway - Homo sapiens (human),Brain_Substantia_nigra,chr2_24875990_A_G_b38,rs6722022,ENSG00000138031.15,ADCY3,109,3.89251831944159e-10,-0.361179083585739,-44247
chr2,hsa04114,Oocyte meiosis - Homo sapiens (human),Brain_Substantia_nigra,chr2_24875990_A_G_b38,rs6722022,ENSG00000138031.15,ADCY3,109,3.89251831944159e-10,-0.361179083585739,-44247
chr2,hsa04270,Vascular smooth muscle contraction - Homo sapiens (human),Brain_Substantia_nigra,chr2_24875990_A_G_b38,rs6722022,ENSG00000138031.15,ADCY3,109,3.89251831944159e-10,-0.361179083585739,-44247
chr2,hsa04540,Gap junction - Homo sapiens (human),Brain_Substantia_nigra,chr2_24875990_A_G_b38,rs6722022,ENSG00000138031.15,ADCY3,109,3.89251831944159e-10,-0.361179083585739,-44247
chr2,hsa04740,Olfactory transduction - Homo sapiens (human),Brain_Substantia_nigra,chr2_24875990_A_G_b38,rs6722022,ENSG00000138031.15,ADCY3,109,3.89251831944159e-10,-0.361179083585739,-44247
chr2,hsa04912,GnRH signaling pathway - Homo sapiens (human),Brain_Substantia_nigra,chr2_24875990_A_G_b38,rs6722022,ENSG00000138031.15,ADCY3,109,3.89251831944159e-10,-0.361179083585739,-44247
chr2,hsa04914,Progesterone-mediated oocyte maturation - Homo sapiens (human),Brain_Substantia_nigra,chr2_24875990_A_G_b38,rs6722022,ENSG00000138031.15,ADCY3,109,3.89251831944159e-10,-0.361179083585739,-44247
chr2,hsa04916,Melanogenesis - Homo sapiens (human),Brain_Substantia_nigra,chr2_24875990_A_G_b38,rs6722022,ENSG00000138031.15,ADCY3,109,3.89251831944159e-10,-0.361179083585739,-44247
chr2,hsa04962,Vasopressin-regulated water reabsorption - Homo sapiens (human),Brain_Substantia_nigra,chr2_24875990_A_G_b38,rs6722022,ENSG00000138031.15,ADCY3,109,3.89251831944159e-10,-0.361179083585739,-44247
chr2,hsa04970,Salivary secretion - Homo sapiens (human),Brain_Substantia_nigra,chr2_24875990_A_G_b38,rs6722022,ENSG00000138031.15,ADCY3,109,3.89251831944159e-10,-0.361179083585739,-44247
chr2,hsa04971,Gastric acid secretion - Homo sapiens (human),Brain_Substantia_nigra,chr2_24875990_A_G_b38,rs6722022,ENSG00000138031.15,ADCY3,109,3.89251831944159e-10,-0.361179083585739,-44247
chr2,hsa04972,Pancreatic secretion - Homo sapiens (human),Brain_Substantia_nigra,chr2_24875990_A_G_b38,rs6722022,ENSG00000138031.15,ADCY3,109,3.89251831944159e-10,-0.361179083585739,-44247
chr2,hsa04976,Bile secretion - Homo sapiens (human),Brain_Substantia_nigra,chr2_24875990_A_G_b38,rs6722022,ENSG00000138031.15,ADCY3,109,3.89251831944159e-10,-0.361179083585739,-44247
chr2,hsa05110,Vibrio cholerae infection - Homo sapiens (human),Brain_Substantia_nigra,chr2_24875990_A_G_b38,rs6722022,ENSG00000138031.15,ADCY3,109,3.89251831944159e-10,-0.361179083585739,-44247
chr2,hsa05414,Dilated cardiomyopathy - Homo sapiens (human),Brain_Substantia_nigra,chr2_24875990_A_G_b38,rs6722022,ENSG00000138031.15,ADCY3,109,3.89251831944159e-10,-0.361179083585739,-44247
chr2,hsa00230,Purine metabolism - Homo sapiens (human),Brain_Substantia_nigra,chr2_24876488_A_C_b38,rs6545776,ENSG00000138031.15,ADCY3,109,1.17707744866998e-10,-0.368311613798142,-43749
chr2,hsa04020,Calcium signaling pathway - Homo sapiens (human),Brain_Substantia_nigra,chr2_24876488_A_C_b38,rs6545776,ENSG00000138031.15,ADCY3,109,1.17707744866998e-10,-0.368311613798142,-43749
chr2,hsa04062,Chemokine signaling pathway - Homo sapiens (human),Brain_Substantia_nigra,chr2_24876488_A_C_b38,rs6545776,ENSG00000138031.15,ADCY3,109,1.17707744866998e-10,-0.368311613798142,-43749
chr2,hsa04114,Oocyte meiosis - Homo sapiens (human),Brain_Substantia_nigra,chr2_24876488_A_C_b38,rs6545776,ENSG00000138031.15,ADCY3,109,1.17707744866998e-10,-0.368311613798142,-43749
chr2,hsa04270,Vascular smooth muscle contraction - Homo sapiens (human),Brain_Substantia_nigra,chr2_24876488_A_C_b38,rs6545776,ENSG00000138031.15,ADCY3,109,1.17707744866998e-10,-0.368311613798142,-43749
chr2,hsa04540,Gap junction - Homo sapiens (human),Brain_Substantia_nigra,chr2_24876488_A_C_b38,rs6545776,ENSG00000138031.15,ADCY3,109,1.17707744866998e-10,-0.368311613798142,-43749
chr2,hsa04740,Olfactory transduction - Homo sapiens (human),Brain_Substantia_nigra,chr2_24876488_A_C_b38,rs6545776,ENSG00000138031.15,ADCY3,109,1.17707744866998e-10,-0.368311613798142,-43749
chr2,hsa04912,GnRH signaling pathway - Homo sapiens (human),Brain_Substantia_nigra,chr2_24876488_A_C_b38,rs6545776,ENSG00000138031.15,ADCY3,109,1.17707744866998e-10,-0.368311613798142,-43749
chr2,hsa04914,Progesterone-mediated oocyte maturation - Homo sapiens (human),Brain_Substantia_nigra,chr2_24876488_A_C_b38,rs6545776,ENSG00000138031.15,ADCY3,109,1.17707744866998e-10,-0.368311613798142,-43749
chr2,hsa04916,Melanogenesis - Homo sapiens (human),Brain_Substantia_nigra,chr2_24876488_A_C_b38,rs6545776,ENSG00000138031.15,ADCY3,109,1.17707744866998e-10,-0.368311613798142,-43749
chr2,hsa04962,Vasopressin-regulated water reabsorption - Homo sapiens (human),Brain_Substantia_nigra,chr2_24876488_A_C_b38,rs6545776,ENSG00000138031.15,ADCY3,109,1.17707744866998e-10,-0.368311613798142,-43749
chr2,hsa04970,Salivary secretion - Homo sapiens (human),Brain_Substantia_nigra,chr2_24876488_A_C_b38,rs6545776,ENSG00000138031.15,ADCY3,109,1.17707744866998e-10,-0.368311613798142,-43749
chr2,hsa04971,Gastric acid secretion - Homo sapiens (human),Brain_Substantia_nigra,chr2_24876488_A_C_b38,rs6545776,ENSG00000138031.15,ADCY3,109,1.17707744866998e-10,-0.368311613798142,-43749
chr2,hsa04972,Pancreatic secretion - Homo sapiens (human),Brain_Substantia_nigra,chr2_24876488_A_C_b38,rs6545776,ENSG00000138031.15,ADCY3,109,1.17707744866998e-10,-0.368311613798142,-43749
chr2,hsa04976,Bile secretion - Homo sapiens (human),Brain_Substantia_nigra,chr2_24876488_A_C_b38,rs6545776,ENSG00000138031.15,ADCY3,109,1.17707744866998e-10,-0.368311613798142,-43749
chr2,hsa05110,Vibrio cholerae infection - Homo sapiens (human),Brain_Substantia_nigra,chr2_24876488_A_C_b38,rs6545776,ENSG00000138031.15,ADCY3,109,1.17707744866998e-10,-0.368311613798142,-43749
chr2,hsa05414,Dilated cardiomyopathy - Homo sapiens (human),Brain_Substantia_nigra,chr2_24876488_A_C_b38,rs6545776,ENSG00000138031.15,ADCY3,109,1.17707744866998e-10,-0.368311613798142,-43749
chr2,hsa00230,Purine metabolism - Homo sapiens (human),Brain_Substantia_nigra,chr2_24877298_C_G_b38,rs2384057,ENSG00000138031.15,ADCY3,109,1.25709191183621e-11,-0.367676287889481,-42939
chr2,hsa04020,Calcium signaling pathway - Homo sapiens (human),Brain_Substantia_nigra,chr2_24877298_C_G_b38,rs2384057,ENSG00000138031.15,ADCY3,109,1.25709191183621e-11,-0.367676287889481,-42939
chr2,hsa04062,Chemokine signaling pathway - Homo sapiens (human),Brain_Substantia_nigra,chr2_24877298_C_G_b38,rs2384057,ENSG00000138031.15,ADCY3,109,1.25709191183621e-11,-0.367676287889481,-42939
chr2,hsa04114,Oocyte meiosis - Homo sapiens (human),Brain_Substantia_nigra,chr2_24877298_C_G_b38,rs2384057,ENSG00000138031.15,ADCY3,109,1.25709191183621e-11,-0.367676287889481,-42939
chr2,hsa04270,Vascular smooth muscle contraction - Homo sapiens (human),Brain_Substantia_nigra,chr2_24877298_C_G_b38,rs2384057,ENSG00000138031.15,ADCY3,109,1.25709191183621e-11,-0.367676287889481,-42939
chr2,hsa04540,Gap junction - Homo sapiens (human),Brain_Substantia_nigra,chr2_24877298_C_G_b38,rs2384057,ENSG00000138031.15,ADCY3,109,1.25709191183621e-11,-0.367676287889481,-42939
chr2,hsa04740,Olfactory transduction - Homo sapiens (human),Brain_Substantia_nigra,chr2_24877298_C_G_b38,rs2384057,ENSG00000138031.15,ADCY3,109,1.25709191183621e-11,-0.367676287889481,-42939
chr2,hsa04912,GnRH signaling pathway - Homo sapiens (human),Brain_Substantia_nigra,chr2_24877298_C_G_b38,rs2384057,ENSG00000138031.15,ADCY3,109,1.25709191183621e-11,-0.367676287889481,-42939
chr2,hsa04914,Progesterone-mediated oocyte maturation - Homo sapiens (human),Brain_Substantia_nigra,chr2_24877298_C_G_b38,rs2384057,ENSG00000138031.15,ADCY3,109,1.25709191183621e-11,-0.367676287889481,-42939
chr2,hsa04916,Melanogenesis - Homo sapiens (human),Brain_Substantia_nigra,chr2_24877298_C_G_b38,rs2384057,ENSG00000138031.15,ADCY3,109,1.25709191183621e-11,-0.367676287889481,-42939
chr2,hsa04962,Vasopressin-regulated water reabsorption - Homo sapiens (human),Brain_Substantia_nigra,chr2_24877298_C_G_b38,rs2384057,ENSG00000138031.15,ADCY3,109,1.25709191183621e-11,-0.367676287889481,-42939
chr2,hsa04970,Salivary secretion - Homo sapiens (human),Brain_Substantia_nigra,chr2_24877298_C_G_b38,rs2384057,ENSG00000138031.15,ADCY3,109,1.25709191183621e-11,-0.367676287889481,-42939
chr2,hsa04971,Gastric acid secretion - Homo sapiens (human),Brain_Substantia_nigra,chr2_24877298_C_G_b38,rs2384057,ENSG00000138031.15,ADCY3,109,1.25709191183621e-11,-0.367676287889481,-42939
chr2,hsa04972,Pancreatic secretion - Homo sapiens (human),Brain_Substantia_nigra,chr2_24877298_C_G_b38,rs2384057,ENSG00000138031.15,ADCY3,109,1.25709191183621e-11,-0.367676287889481,-42939
chr2,hsa04976,Bile secretion - Homo sapiens (human),Brain_Substantia_nigra,chr2_24877298_C_G_b38,rs2384057,ENSG00000138031.15,ADCY3,109,1.25709191183621e-11,-0.367676287889481,-42939
chr2,hsa05110,Vibrio cholerae infection - Homo sapiens (human),Brain_Substantia_nigra,chr2_24877298_C_G_b38,rs2384057,ENSG00000138031.15,ADCY3,109,1.25709191183621e-11,-0.367676287889481,-42939
chr2,hsa05414,Dilated cardiomyopathy - Homo sapiens (human),Brain_Substantia_nigra,chr2_24877298_C_G_b38,rs2384057,ENSG00000138031.15,ADCY3,109,1.25709191183621e-11,-0.367676287889481,-42939
chr2,hsa00230,Purine metabolism - Homo sapiens (human),Brain_Substantia_nigra,chr2_24877459_A_G_b38,rs2384058,ENSG00000138031.15,ADCY3,109,3.89251831944159e-10,-0.361179083585739,-42778
chr2,hsa04020,Calcium signaling pathway - Homo sapiens (human),Brain_Substantia_nigra,chr2_24877459_A_G_b38,rs2384058,ENSG00000138031.15,ADCY3,109,3.89251831944159e-10,-0.361179083585739,-42778
chr2,hsa04062,Chemokine signaling pathway - Homo sapiens (human),Brain_Substantia_nigra,chr2_24877459_A_G_b38,rs2384058,ENSG00000138031.15,ADCY3,109,3.89251831944159e-10,-0.361179083585739,-42778
chr2,hsa04114,Oocyte meiosis - Homo sapiens (human),Brain_Substantia_nigra,chr2_24877459_A_G_b38,rs2384058,ENSG00000138031.15,ADCY3,109,3.89251831944159e-10,-0.361179083585739,-42778
chr2,hsa04270,Vascular smooth muscle contraction - Homo sapiens (human),Brain_Substantia_nigra,chr2_24877459_A_G_b38,rs2384058,ENSG00000138031.15,ADCY3,109,3.89251831944159e-10,-0.361179083585739,-42778
chr2,hsa04540,Gap junction - Homo sapiens (human),Brain_Substantia_nigra,chr2_24877459_A_G_b38,rs2384058,ENSG00000138031.15,ADCY3,109,3.89251831944159e-10,-0.361179083585739,-42778
chr2,hsa04740,Olfactory transduction - Homo sapiens (human),Brain_Substantia_nigra,chr2_24877459_A_G_b38,rs2384058,ENSG00000138031.15,ADCY3,109,3.89251831944159e-10,-0.361179083585739,-42778
chr2,hsa04912,GnRH signaling pathway - Homo sapiens (human),Brain_Substantia_nigra,chr2_24877459_A_G_b38,rs2384058,ENSG00000138031.15,ADCY3,109,3.89251831944159e-10,-0.361179083585739,-42778
chr2,hsa04914,Progesterone-mediated oocyte maturation - Homo sapiens (human),Brain_Substantia_nigra,chr2_24877459_A_G_b38,rs2384058,ENSG00000138031.15,ADCY3,109,3.89251831944159e-10,-0.361179083585739,-42778
chr2,hsa04916,Melanogenesis - Homo sapiens (human),Brain_Substantia_nigra,chr2_24877459_A_G_b38,rs2384058,ENSG00000138031.15,ADCY3,109,3.89251831944159e-10,-0.361179083585739,-42778
chr2,hsa04962,Vasopressin-regulated water reabsorption - Homo sapiens (human),Brain_Substantia_nigra,chr2_24877459_A_G_b38,rs2384058,ENSG00000138031.15,ADCY3,109,3.89251831944159e-10,-0.361179083585739,-42778
chr2,hsa04970,Salivary secretion - Homo sapiens (human),Brain_Substantia_nigra,chr2_24877459_A_G_b38,rs2384058,ENSG00000138031.15,ADCY3,109,3.89251831944159e-10,-0.361179083585739,-42778
chr2,hsa04971,Gastric acid secretion - Homo sapiens (human),Brain_Substantia_nigra,chr2_24877459_A_G_b38,rs2384058,ENSG00000138031.15,ADCY3,109,3.89251831944159e-10,-0.361179083585739,-42778
chr2,hsa04972,Pancreatic secretion - Homo sapiens (human),Brain_Substantia_nigra,chr2_24877459_A_G_b38,rs2384058,ENSG00000138031.15,ADCY3,109,3.89251831944159e-10,-0.361179083585739,-42778
chr2,hsa04976,Bile secretion - Homo sapiens (human),Brain_Substantia_nigra,chr2_24877459_A_G_b38,rs2384058,ENSG00000138031.15,ADCY3,109,3.89251831944159e-10,-0.361179083585739,-42778
chr2,hsa05110,Vibrio cholerae infection - Homo sapiens (human),Brain_Substantia_nigra,chr2_24877459_A_G_b38,rs2384058,ENSG00000138031.15,ADCY3,109,3.89251831944159e-10,-0.361179083585739,-42778
chr2,hsa05414,Dilated cardiomyopathy - Homo sapiens (human),Brain_Substantia_nigra,chr2_24877459_A_G_b38,rs2384058,ENSG00000138031.15,ADCY3,109,3.89251831944159e-10,-0.361179083585739,-42778
chr2,hsa00230,Purine metabolism - Homo sapiens (human),Brain_Substantia_nigra,chr2_24877469_C_T_b38,rs2384059,ENSG00000138031.15,ADCY3,109,3.89251831944159e-10,-0.361179083585739,-42768
chr2,hsa04020,Calcium signaling pathway - Homo sapiens (human),Brain_Substantia_nigra,chr2_24877469_C_T_b38,rs2384059,ENSG00000138031.15,ADCY3,109,3.89251831944159e-10,-0.361179083585739,-42768
chr2,hsa04062,Chemokine signaling pathway - Homo sapiens (human),Brain_Substantia_nigra,chr2_24877469_C_T_b38,rs2384059,ENSG00000138031.15,ADCY3,109,3.89251831944159e-10,-0.361179083585739,-42768
chr2,hsa04114,Oocyte meiosis - Homo sapiens (human),Brain_Substantia_nigra,chr2_24877469_C_T_b38,rs2384059,ENSG00000138031.15,ADCY3,109,3.89251831944159e-10,-0.361179083585739,-42768
chr2,hsa04270,Vascular smooth muscle contraction - Homo sapiens (human),Brain_Substantia_nigra,chr2_24877469_C_T_b38,rs2384059,ENSG00000138031.15,ADCY3,109,3.89251831944159e-10,-0.361179083585739,-42768
chr2,hsa04540,Gap junction - Homo sapiens (human),Brain_Substantia_nigra,chr2_24877469_C_T_b38,rs2384059,ENSG00000138031.15,ADCY3,109,3.89251831944159e-10,-0.361179083585739,-42768
chr2,hsa04740,Olfactory transduction - Homo sapiens (human),Brain_Substantia_nigra,chr2_24877469_C_T_b38,rs2384059,ENSG00000138031.15,ADCY3,109,3.89251831944159e-10,-0.361179083585739,-42768
chr2,hsa04912,GnRH signaling pathway - Homo sapiens (human),Brain_Substantia_nigra,chr2_24877469_C_T_b38,rs2384059,ENSG00000138031.15,ADCY3,109,3.89251831944159e-10,-0.361179083585739,-42768
chr2,hsa04914,Progesterone-mediated oocyte maturation - Homo sapiens (human),Brain_Substantia_nigra,chr2_24877469_C_T_b38,rs2384059,ENSG00000138031.15,ADCY3,109,3.89251831944159e-10,-0.361179083585739,-42768
chr2,hsa04916,Melanogenesis - Homo sapiens (human),Brain_Substantia_nigra,chr2_24877469_C_T_b38,rs2384059,ENSG00000138031.15,ADCY3,109,3.89251831944159e-10,-0.361179083585739,-42768
chr2,hsa04962,Vasopressin-regulated water reabsorption - Homo sapiens (human),Brain_Substantia_nigra,chr2_24877469_C_T_b38,rs2384059,ENSG00000138031.15,ADCY3,109,3.89251831944159e-10,-0.361179083585739,-42768
chr2,hsa04970,Salivary secretion - Homo sapiens (human),Brain_Substantia_nigra,chr2_24877469_C_T_b38,rs2384059,ENSG00000138031.15,ADCY3,109,3.89251831944159e-10,-0.361179083585739,-42768
chr2,hsa04971,Gastric acid secretion - Homo sapiens (human),Brain_Substantia_nigra,chr2_24877469_C_T_b38,rs2384059,ENSG00000138031.15,ADCY3,109,3.89251831944159e-10,-0.361179083585739,-42768
chr2,hsa04972,Pancreatic secretion - Homo sapiens (human),Brain_Substantia_nigra,chr2_24877469_C_T_b38,rs2384059,ENSG00000138031.15,ADCY3,109,3.89251831944159e-10,-0.361179083585739,-42768
chr2,hsa04976,Bile secretion - Homo sapiens (human),Brain_Substantia_nigra,chr2_24877469_C_T_b38,rs2384059,ENSG00000138031.15,ADCY3,109,3.89251831944159e-10,-0.361179083585739,-42768
chr2,hsa05110,Vibrio cholerae infection - Homo sapiens (human),Brain_Substantia_nigra,chr2_24877469_C_T_b38,rs2384059,ENSG00000138031.15,ADCY3,109,3.89251831944159e-10,-0.361179083585739,-42768
chr2,hsa05414,Dilated cardiomyopathy - Homo sapiens (human),Brain_Substantia_nigra,chr2_24877469_C_T_b38,rs2384059,ENSG00000138031.15,ADCY3,109,3.89251831944159e-10,-0.361179083585739,-42768
chr2,hsa00230,Purine metabolism - Homo sapiens (human),Brain_Substantia_nigra,chr2_24877869_C_A_b38,rs10865315,ENSG00000138031.15,ADCY3,109,1.38481268316611e-11,-0.372262537479401,-42368
chr2,hsa04020,Calcium signaling pathway - Homo sapiens (human),Brain_Substantia_nigra,chr2_24877869_C_A_b38,rs10865315,ENSG00000138031.15,ADCY3,109,1.38481268316611e-11,-0.372262537479401,-42368
chr2,hsa04062,Chemokine signaling pathway - Homo sapiens (human),Brain_Substantia_nigra,chr2_24877869_C_A_b38,rs10865315,ENSG00000138031.15,ADCY3,109,1.38481268316611e-11,-0.372262537479401,-42368
chr2,hsa04114,Oocyte meiosis - Homo sapiens (human),Brain_Substantia_nigra,chr2_24877869_C_A_b38,rs10865315,ENSG00000138031.15,ADCY3,109,1.38481268316611e-11,-0.372262537479401,-42368
chr2,hsa04270,Vascular smooth muscle contraction - Homo sapiens (human),Brain_Substantia_nigra,chr2_24877869_C_A_b38,rs10865315,ENSG00000138031.15,ADCY3,109,1.38481268316611e-11,-0.372262537479401,-42368
chr2,hsa04540,Gap junction - Homo sapiens (human),Brain_Substantia_nigra,chr2_24877869_C_A_b38,rs10865315,ENSG00000138031.15,ADCY3,109,1.38481268316611e-11,-0.372262537479401,-42368
chr2,hsa04740,Olfactory transduction - Homo sapiens (human),Brain_Substantia_nigra,chr2_24877869_C_A_b38,rs10865315,ENSG00000138031.15,ADCY3,109,1.38481268316611e-11,-0.372262537479401,-42368
chr2,hsa04912,GnRH signaling pathway - Homo sapiens (human),Brain_Substantia_nigra,chr2_24877869_C_A_b38,rs10865315,ENSG00000138031.15,ADCY3,109,1.38481268316611e-11,-0.372262537479401,-42368
chr2,hsa04914,Progesterone-mediated oocyte maturation - Homo sapiens (human),Brain_Substantia_nigra,chr2_24877869_C_A_b38,rs10865315,ENSG00000138031.15,ADCY3,109,1.38481268316611e-11,-0.372262537479401,-42368
chr2,hsa04916,Melanogenesis - Homo sapiens (human),Brain_Substantia_nigra,chr2_24877869_C_A_b38,rs10865315,ENSG00000138031.15,ADCY3,109,1.38481268316611e-11,-0.372262537479401,-42368
chr2,hsa04962,Vasopressin-regulated water reabsorption - Homo sapiens (human),Brain_Substantia_nigra,chr2_24877869_C_A_b38,rs10865315,ENSG00000138031.15,ADCY3,109,1.38481268316611e-11,-0.372262537479401,-42368
chr2,hsa04970,Salivary secretion - Homo sapiens (human),Brain_Substantia_nigra,chr2_24877869_C_A_b38,rs10865315,ENSG00000138031.15,ADCY3,109,1.38481268316611e-11,-0.372262537479401,-42368
chr2,hsa04971,Gastric acid secretion - Homo sapiens (human),Brain_Substantia_nigra,chr2_24877869_C_A_b38,rs10865315,ENSG00000138031.15,ADCY3,109,1.38481268316611e-11,-0.372262537479401,-42368
chr2,hsa04972,Pancreatic secretion - Homo sapiens (human),Brain_Substantia_nigra,chr2_24877869_C_A_b38,rs10865315,ENSG00000138031.15,ADCY3,109,1.38481268316611e-11,-0.372262537479401,-42368
chr2,hsa04976,Bile secretion - Homo sapiens (human),Brain_Substantia_nigra,chr2_24877869_C_A_b38,rs10865315,ENSG00000138031.15,ADCY3,109,1.38481268316611e-11,-0.372262537479401,-42368
chr2,hsa05110,Vibrio cholerae infection - Homo sapiens (human),Brain_Substantia_nigra,chr2_24877869_C_A_b38,rs10865315,ENSG00000138031.15,ADCY3,109,1.38481268316611e-11,-0.372262537479401,-42368
chr2,hsa05414,Dilated cardiomyopathy - Homo sapiens (human),Brain_Substantia_nigra,chr2_24877869_C_A_b38,rs10865315,ENSG00000138031.15,ADCY3,109,1.38481268316611e-11,-0.372262537479401,-42368
chr2,hsa00230,Purine metabolism - Homo sapiens (human),Brain_Substantia_nigra,chr2_24878033_C_G_b38,rs2033656,ENSG00000138031.15,ADCY3,109,3.89251831944159e-10,-0.361179083585739,-42204
chr2,hsa04020,Calcium signaling pathway - Homo sapiens (human),Brain_Substantia_nigra,chr2_24878033_C_G_b38,rs2033656,ENSG00000138031.15,ADCY3,109,3.89251831944159e-10,-0.361179083585739,-42204
chr2,hsa04062,Chemokine signaling pathway - Homo sapiens (human),Brain_Substantia_nigra,chr2_24878033_C_G_b38,rs2033656,ENSG00000138031.15,ADCY3,109,3.89251831944159e-10,-0.361179083585739,-42204
chr2,hsa04114,Oocyte meiosis - Homo sapiens (human),Brain_Substantia_nigra,chr2_24878033_C_G_b38,rs2033656,ENSG00000138031.15,ADCY3,109,3.89251831944159e-10,-0.361179083585739,-42204
chr2,hsa04270,Vascular smooth muscle contraction - Homo sapiens (human),Brain_Substantia_nigra,chr2_24878033_C_G_b38,rs2033656,ENSG00000138031.15,ADCY3,109,3.89251831944159e-10,-0.361179083585739,-42204
chr2,hsa04540,Gap junction - Homo sapiens (human),Brain_Substantia_nigra,chr2_24878033_C_G_b38,rs2033656,ENSG00000138031.15,ADCY3,109,3.89251831944159e-10,-0.361179083585739,-42204
chr2,hsa04740,Olfactory transduction - Homo sapiens (human),Brain_Substantia_nigra,chr2_24878033_C_G_b38,rs2033656,ENSG00000138031.15,ADCY3,109,3.89251831944159e-10,-0.361179083585739,-42204
chr2,hsa04912,GnRH signaling pathway - Homo sapiens (human),Brain_Substantia_nigra,chr2_24878033_C_G_b38,rs2033656,ENSG00000138031.15,ADCY3,109,3.89251831944159e-10,-0.361179083585739,-42204
chr2,hsa04914,Progesterone-mediated oocyte maturation - Homo sapiens (human),Brain_Substantia_nigra,chr2_24878033_C_G_b38,rs2033656,ENSG00000138031.15,ADCY3,109,3.89251831944159e-10,-0.361179083585739,-42204
chr2,hsa04916,Melanogenesis - Homo sapiens (human),Brain_Substantia_nigra,chr2_24878033_C_G_b38,rs2033656,ENSG00000138031.15,ADCY3,109,3.89251831944159e-10,-0.361179083585739,-42204
chr2,hsa04962,Vasopressin-regulated water reabsorption - Homo sapiens (human),Brain_Substantia_nigra,chr2_24878033_C_G_b38,rs2033656,ENSG00000138031.15,ADCY3,109,3.89251831944159e-10,-0.361179083585739,-42204
chr2,hsa04970,Salivary secretion - Homo sapiens (human),Brain_Substantia_nigra,chr2_24878033_C_G_b38,rs2033656,ENSG00000138031.15,ADCY3,109,3.89251831944159e-10,-0.361179083585739,-42204
chr2,hsa04971,Gastric acid secretion - Homo sapiens (human),Brain_Substantia_nigra,chr2_24878033_C_G_b38,rs2033656,ENSG00000138031.15,ADCY3,109,3.89251831944159e-10,-0.361179083585739,-42204
chr2,hsa04972,Pancreatic secretion - Homo sapiens (human),Brain_Substantia_nigra,chr2_24878033_C_G_b38,rs2033656,ENSG00000138031.15,ADCY3,109,3.89251831944159e-10,-0.361179083585739,-42204
chr2,hsa04976,Bile secretion - Homo sapiens (human),Brain_Substantia_nigra,chr2_24878033_C_G_b38,rs2033656,ENSG00000138031.15,ADCY3,109,3.89251831944159e-10,-0.361179083585739,-42204
chr2,hsa05110,Vibrio cholerae infection - Homo sapiens (human),Brain_Substantia_nigra,chr2_24878033_C_G_b38,rs2033656,ENSG00000138031.15,ADCY3,109,3.89251831944159e-10,-0.361179083585739,-42204
chr2,hsa05414,Dilated cardiomyopathy - Homo sapiens (human),Brain_Substantia_nigra,chr2_24878033_C_G_b38,rs2033656,ENSG00000138031.15,ADCY3,109,3.89251831944159e-10,-0.361179083585739,-42204
chr2,hsa00230,Purine metabolism - Homo sapiens (human),Brain_Substantia_nigra,chr2_24878223_G_A_b38,rs2033655,ENSG00000138031.15,ADCY3,109,3.42465231559318e-12,-0.380341619253159,-42014
chr2,hsa04020,Calcium signaling pathway - Homo sapiens (human),Brain_Substantia_nigra,chr2_24878223_G_A_b38,rs2033655,ENSG00000138031.15,ADCY3,109,3.42465231559318e-12,-0.380341619253159,-42014
chr2,hsa04062,Chemokine signaling pathway - Homo sapiens (human),Brain_Substantia_nigra,chr2_24878223_G_A_b38,rs2033655,ENSG00000138031.15,ADCY3,109,3.42465231559318e-12,-0.380341619253159,-42014
chr2,hsa04114,Oocyte meiosis - Homo sapiens (human),Brain_Substantia_nigra,chr2_24878223_G_A_b38,rs2033655,ENSG00000138031.15,ADCY3,109,3.42465231559318e-12,-0.380341619253159,-42014
chr2,hsa04270,Vascular smooth muscle contraction - Homo sapiens (human),Brain_Substantia_nigra,chr2_24878223_G_A_b38,rs2033655,ENSG00000138031.15,ADCY3,109,3.42465231559318e-12,-0.380341619253159,-42014
chr2,hsa04540,Gap junction - Homo sapiens (human),Brain_Substantia_nigra,chr2_24878223_G_A_b38,rs2033655,ENSG00000138031.15,ADCY3,109,3.42465231559318e-12,-0.380341619253159,-42014
chr2,hsa04740,Olfactory transduction - Homo sapiens (human),Brain_Substantia_nigra,chr2_24878223_G_A_b38,rs2033655,ENSG00000138031.15,ADCY3,109,3.42465231559318e-12,-0.380341619253159,-42014
chr2,hsa04912,GnRH signaling pathway - Homo sapiens (human),Brain_Substantia_nigra,chr2_24878223_G_A_b38,rs2033655,ENSG00000138031.15,ADCY3,109,3.42465231559318e-12,-0.380341619253159,-42014
chr2,hsa04914,Progesterone-mediated oocyte maturation - Homo sapiens (human),Brain_Substantia_nigra,chr2_24878223_G_A_b38,rs2033655,ENSG00000138031.15,ADCY3,109,3.42465231559318e-12,-0.380341619253159,-42014
chr2,hsa04916,Melanogenesis - Homo sapiens (human),Brain_Substantia_nigra,chr2_24878223_G_A_b38,rs2033655,ENSG00000138031.15,ADCY3,109,3.42465231559318e-12,-0.380341619253159,-42014
chr2,hsa04962,Vasopressin-regulated water reabsorption - Homo sapiens (human),Brain_Substantia_nigra,chr2_24878223_G_A_b38,rs2033655,ENSG00000138031.15,ADCY3,109,3.42465231559318e-12,-0.380341619253159,-42014
chr2,hsa04970,Salivary secretion - Homo sapiens (human),Brain_Substantia_nigra,chr2_24878223_G_A_b38,rs2033655,ENSG00000138031.15,ADCY3,109,3.42465231559318e-12,-0.380341619253159,-42014
chr2,hsa04971,Gastric acid secretion - Homo sapiens (human),Brain_Substantia_nigra,chr2_24878223_G_A_b38,rs2033655,ENSG00000138031.15,ADCY3,109,3.42465231559318e-12,-0.380341619253159,-42014
chr2,hsa04972,Pancreatic secretion - Homo sapiens (human),Brain_Substantia_nigra,chr2_24878223_G_A_b38,rs2033655,ENSG00000138031.15,ADCY3,109,3.42465231559318e-12,-0.380341619253159,-42014
chr2,hsa04976,Bile secretion - Homo sapiens (human),Brain_Substantia_nigra,chr2_24878223_G_A_b38,rs2033655,ENSG00000138031.15,ADCY3,109,3.42465231559318e-12,-0.380341619253159,-42014
chr2,hsa05110,Vibrio cholerae infection - Homo sapiens (human),Brain_Substantia_nigra,chr2_24878223_G_A_b38,rs2033655,ENSG00000138031.15,ADCY3,109,3.42465231559318e-12,-0.380341619253159,-42014
chr2,hsa05414,Dilated cardiomyopathy - Homo sapiens (human),Brain_Substantia_nigra,chr2_24878223_G_A_b38,rs2033655,ENSG00000138031.15,ADCY3,109,3.42465231559318e-12,-0.380341619253159,-42014
chr2,hsa00230,Purine metabolism - Homo sapiens (human),Brain_Substantia_nigra,chr2_24880239_C_A_b38,rs2033654,ENSG00000138031.15,ADCY3,109,8.2161404343499e-11,-0.371424496173859,-39998
chr2,hsa04020,Calcium signaling pathway - Homo sapiens (human),Brain_Substantia_nigra,chr2_24880239_C_A_b38,rs2033654,ENSG00000138031.15,ADCY3,109,8.2161404343499e-11,-0.371424496173859,-39998
chr2,hsa04062,Chemokine signaling pathway - Homo sapiens (human),Brain_Substantia_nigra,chr2_24880239_C_A_b38,rs2033654,ENSG00000138031.15,ADCY3,109,8.2161404343499e-11,-0.371424496173859,-39998
chr2,hsa04114,Oocyte meiosis - Homo sapiens (human),Brain_Substantia_nigra,chr2_24880239_C_A_b38,rs2033654,ENSG00000138031.15,ADCY3,109,8.2161404343499e-11,-0.371424496173859,-39998
chr2,hsa04270,Vascular smooth muscle contraction - Homo sapiens (human),Brain_Substantia_nigra,chr2_24880239_C_A_b38,rs2033654,ENSG00000138031.15,ADCY3,109,8.2161404343499e-11,-0.371424496173859,-39998
chr2,hsa04540,Gap junction - Homo sapiens (human),Brain_Substantia_nigra,chr2_24880239_C_A_b38,rs2033654,ENSG00000138031.15,ADCY3,109,8.2161404343499e-11,-0.371424496173859,-39998
chr2,hsa04740,Olfactory transduction - Homo sapiens (human),Brain_Substantia_nigra,chr2_24880239_C_A_b38,rs2033654,ENSG00000138031.15,ADCY3,109,8.2161404343499e-11,-0.371424496173859,-39998
chr2,hsa04912,GnRH signaling pathway - Homo sapiens (human),Brain_Substantia_nigra,chr2_24880239_C_A_b38,rs2033654,ENSG00000138031.15,ADCY3,109,8.2161404343499e-11,-0.371424496173859,-39998
chr2,hsa04914,Progesterone-mediated oocyte maturation - Homo sapiens (human),Brain_Substantia_nigra,chr2_24880239_C_A_b38,rs2033654,ENSG00000138031.15,ADCY3,109,8.2161404343499e-11,-0.371424496173859,-39998
chr2,hsa04916,Melanogenesis - Homo sapiens (human),Brain_Substantia_nigra,chr2_24880239_C_A_b38,rs2033654,ENSG00000138031.15,ADCY3,109,8.2161404343499e-11,-0.371424496173859,-39998
chr2,hsa04962,Vasopressin-regulated water reabsorption - Homo sapiens (human),Brain_Substantia_nigra,chr2_24880239_C_A_b38,rs2033654,ENSG00000138031.15,ADCY3,109,8.2161404343499e-11,-0.371424496173859,-39998
chr2,hsa04970,Salivary secretion - Homo sapiens (human),Brain_Substantia_nigra,chr2_24880239_C_A_b38,rs2033654,ENSG00000138031.15,ADCY3,109,8.2161404343499e-11,-0.371424496173859,-39998
chr2,hsa04971,Gastric acid secretion - Homo sapiens (human),Brain_Substantia_nigra,chr2_24880239_C_A_b38,rs2033654,ENSG00000138031.15,ADCY3,109,8.2161404343499e-11,-0.371424496173859,-39998
chr2,hsa04972,Pancreatic secretion - Homo sapiens (human),Brain_Substantia_nigra,chr2_24880239_C_A_b38,rs2033654,ENSG00000138031.15,ADCY3,109,8.2161404343499e-11,-0.371424496173859,-39998
chr2,hsa04976,Bile secretion - Homo sapiens (human),Brain_Substantia_nigra,chr2_24880239_C_A_b38,rs2033654,ENSG00000138031.15,ADCY3,109,8.2161404343499e-11,-0.371424496173859,-39998
chr2,hsa05110,Vibrio cholerae infection - Homo sapiens (human),Brain_Substantia_nigra,chr2_24880239_C_A_b38,rs2033654,ENSG00000138031.15,ADCY3,109,8.2161404343499e-11,-0.371424496173859,-39998
chr2,hsa05414,Dilated cardiomyopathy - Homo sapiens (human),Brain_Substantia_nigra,chr2_24880239_C_A_b38,rs2033654,ENSG00000138031.15,ADCY3,109,8.2161404343499e-11,-0.371424496173859,-39998
chr2,hsa00230,Purine metabolism - Homo sapiens (human),Brain_Substantia_nigra,chr2_24880577_T_C_b38,rs2033653,ENSG00000138031.15,ADCY3,109,8.2161404343499e-11,-0.371424496173859,-39660
chr2,hsa04020,Calcium signaling pathway - Homo sapiens (human),Brain_Substantia_nigra,chr2_24880577_T_C_b38,rs2033653,ENSG00000138031.15,ADCY3,109,8.2161404343499e-11,-0.371424496173859,-39660
chr2,hsa04062,Chemokine signaling pathway - Homo sapiens (human),Brain_Substantia_nigra,chr2_24880577_T_C_b38,rs2033653,ENSG00000138031.15,ADCY3,109,8.2161404343499e-11,-0.371424496173859,-39660
chr2,hsa04114,Oocyte meiosis - Homo sapiens (human),Brain_Substantia_nigra,chr2_24880577_T_C_b38,rs2033653,ENSG00000138031.15,ADCY3,109,8.2161404343499e-11,-0.371424496173859,-39660
chr2,hsa04270,Vascular smooth muscle contraction - Homo sapiens (human),Brain_Substantia_nigra,chr2_24880577_T_C_b38,rs2033653,ENSG00000138031.15,ADCY3,109,8.2161404343499e-11,-0.371424496173859,-39660
chr2,hsa04540,Gap junction - Homo sapiens (human),Brain_Substantia_nigra,chr2_24880577_T_C_b38,rs2033653,ENSG00000138031.15,ADCY3,109,8.2161404343499e-11,-0.371424496173859,-39660
chr2,hsa04740,Olfactory transduction - Homo sapiens (human),Brain_Substantia_nigra,chr2_24880577_T_C_b38,rs2033653,ENSG00000138031.15,ADCY3,109,8.2161404343499e-11,-0.371424496173859,-39660
chr2,hsa04912,GnRH signaling pathway - Homo sapiens (human),Brain_Substantia_nigra,chr2_24880577_T_C_b38,rs2033653,ENSG00000138031.15,ADCY3,109,8.2161404343499e-11,-0.371424496173859,-39660
chr2,hsa04914,Progesterone-mediated oocyte maturation - Homo sapiens (human),Brain_Substantia_nigra,chr2_24880577_T_C_b38,rs2033653,ENSG00000138031.15,ADCY3,109,8.2161404343499e-11,-0.371424496173859,-39660
chr2,hsa04916,Melanogenesis - Homo sapiens (human),Brain_Substantia_nigra,chr2_24880577_T_C_b38,rs2033653,ENSG00000138031.15,ADCY3,109,8.2161404343499e-11,-0.371424496173859,-39660
chr2,hsa04962,Vasopressin-regulated water reabsorption - Homo sapiens (human),Brain_Substantia_nigra,chr2_24880577_T_C_b38,rs2033653,ENSG00000138031.15,ADCY3,109,8.2161404343499e-11,-0.371424496173859,-39660
chr2,hsa04970,Salivary secretion - Homo sapiens (human),Brain_Substantia_nigra,chr2_24880577_T_C_b38,rs2033653,ENSG00000138031.15,ADCY3,109,8.2161404343499e-11,-0.371424496173859,-39660
chr2,hsa04971,Gastric acid secretion - Homo sapiens (human),Brain_Substantia_nigra,chr2_24880577_T_C_b38,rs2033653,ENSG00000138031.15,ADCY3,109,8.2161404343499e-11,-0.371424496173859,-39660
chr2,hsa04972,Pancreatic secretion - Homo sapiens (human),Brain_Substantia_nigra,chr2_24880577_T_C_b38,rs2033653,ENSG00000138031.15,ADCY3,109,8.2161404343499e-11,-0.371424496173859,-39660
chr2,hsa04976,Bile secretion - Homo sapiens (human),Brain_Substantia_nigra,chr2_24880577_T_C_b38,rs2033653,ENSG00000138031.15,ADCY3,109,8.2161404343499e-11,-0.371424496173859,-39660
chr2,hsa05110,Vibrio cholerae infection - Homo sapiens (human),Brain_Substantia_nigra,chr2_24880577_T_C_b38,rs2033653,ENSG00000138031.15,ADCY3,109,8.2161404343499e-11,-0.371424496173859,-39660
chr2,hsa05414,Dilated cardiomyopathy - Homo sapiens (human),Brain_Substantia_nigra,chr2_24880577_T_C_b38,rs2033653,ENSG00000138031.15,ADCY3,109,8.2161404343499e-11,-0.371424496173859,-39660
chr2,hsa00230,Purine metabolism - Homo sapiens (human),Brain_Substantia_nigra,chr2_24881098_A_C_b38,rs7591460,ENSG00000138031.15,ADCY3,109,6.94797938631342e-12,-0.375393986701965,-39139
chr2,hsa04020,Calcium signaling pathway - Homo sapiens (human),Brain_Substantia_nigra,chr2_24881098_A_C_b38,rs7591460,ENSG00000138031.15,ADCY3,109,6.94797938631342e-12,-0.375393986701965,-39139
chr2,hsa04062,Chemokine signaling pathway - Homo sapiens (human),Brain_Substantia_nigra,chr2_24881098_A_C_b38,rs7591460,ENSG00000138031.15,ADCY3,109,6.94797938631342e-12,-0.375393986701965,-39139
chr2,hsa04114,Oocyte meiosis - Homo sapiens (human),Brain_Substantia_nigra,chr2_24881098_A_C_b38,rs7591460,ENSG00000138031.15,ADCY3,109,6.94797938631342e-12,-0.375393986701965,-39139
chr2,hsa04270,Vascular smooth muscle contraction - Homo sapiens (human),Brain_Substantia_nigra,chr2_24881098_A_C_b38,rs7591460,ENSG00000138031.15,ADCY3,109,6.94797938631342e-12,-0.375393986701965,-39139
chr2,hsa04540,Gap junction - Homo sapiens (human),Brain_Substantia_nigra,chr2_24881098_A_C_b38,rs7591460,ENSG00000138031.15,ADCY3,109,6.94797938631342e-12,-0.375393986701965,-39139
chr2,hsa04740,Olfactory transduction - Homo sapiens (human),Brain_Substantia_nigra,chr2_24881098_A_C_b38,rs7591460,ENSG00000138031.15,ADCY3,109,6.94797938631342e-12,-0.375393986701965,-39139
chr2,hsa04912,GnRH signaling pathway - Homo sapiens (human),Brain_Substantia_nigra,chr2_24881098_A_C_b38,rs7591460,ENSG00000138031.15,ADCY3,109,6.94797938631342e-12,-0.375393986701965,-39139
chr2,hsa04914,Progesterone-mediated oocyte maturation - Homo sapiens (human),Brain_Substantia_nigra,chr2_24881098_A_C_b38,rs7591460,ENSG00000138031.15,ADCY3,109,6.94797938631342e-12,-0.375393986701965,-39139
chr2,hsa04916,Melanogenesis - Homo sapiens (human),Brain_Substantia_nigra,chr2_24881098_A_C_b38,rs7591460,ENSG00000138031.15,ADCY3,109,6.94797938631342e-12,-0.375393986701965,-39139
chr2,hsa04962,Vasopressin-regulated water reabsorption - Homo sapiens (human),Brain_Substantia_nigra,chr2_24881098_A_C_b38,rs7591460,ENSG00000138031.15,ADCY3,109,6.94797938631342e-12,-0.375393986701965,-39139
chr2,hsa04970,Salivary secretion - Homo sapiens (human),Brain_Substantia_nigra,chr2_24881098_A_C_b38,rs7591460,ENSG00000138031.15,ADCY3,109,6.94797938631342e-12,-0.375393986701965,-39139
chr2,hsa04971,Gastric acid secretion - Homo sapiens (human),Brain_Substantia_nigra,chr2_24881098_A_C_b38,rs7591460,ENSG00000138031.15,ADCY3,109,6.94797938631342e-12,-0.375393986701965,-39139
chr2,hsa04972,Pancreatic secretion - Homo sapiens (human),Brain_Substantia_nigra,chr2_24881098_A_C_b38,rs7591460,ENSG00000138031.15,ADCY3,109,6.94797938631342e-12,-0.375393986701965,-39139
chr2,hsa04976,Bile secretion - Homo sapiens (human),Brain_Substantia_nigra,chr2_24881098_A_C_b38,rs7591460,ENSG00000138031.15,ADCY3,109,6.94797938631342e-12,-0.375393986701965,-39139
chr2,hsa05110,Vibrio cholerae infection - Homo sapiens (human),Brain_Substantia_nigra,chr2_24881098_A_C_b38,rs7591460,ENSG00000138031.15,ADCY3,109,6.94797938631342e-12,-0.375393986701965,-39139
chr2,hsa05414,Dilated cardiomyopathy - Homo sapiens (human),Brain_Substantia_nigra,chr2_24881098_A_C_b38,rs7591460,ENSG00000138031.15,ADCY3,109,6.94797938631342e-12,-0.375393986701965,-39139
chr2,hsa00230,Purine metabolism - Homo sapiens (human),Brain_Substantia_nigra,chr2_24881253_T_TCCGAG_b38,rs111333893,ENSG00000138031.15,ADCY3,109,8.2161404343499e-11,-0.371424496173859,-38984
chr2,hsa04020,Calcium signaling pathway - Homo sapiens (human),Brain_Substantia_nigra,chr2_24881253_T_TCCGAG_b38,rs111333893,ENSG00000138031.15,ADCY3,109,8.2161404343499e-11,-0.371424496173859,-38984
chr2,hsa04062,Chemokine signaling pathway - Homo sapiens (human),Brain_Substantia_nigra,chr2_24881253_T_TCCGAG_b38,rs111333893,ENSG00000138031.15,ADCY3,109,8.2161404343499e-11,-0.371424496173859,-38984
chr2,hsa04114,Oocyte meiosis - Homo sapiens (human),Brain_Substantia_nigra,chr2_24881253_T_TCCGAG_b38,rs111333893,ENSG00000138031.15,ADCY3,109,8.2161404343499e-11,-0.371424496173859,-38984
chr2,hsa04270,Vascular smooth muscle contraction - Homo sapiens (human),Brain_Substantia_nigra,chr2_24881253_T_TCCGAG_b38,rs111333893,ENSG00000138031.15,ADCY3,109,8.2161404343499e-11,-0.371424496173859,-38984
chr2,hsa04540,Gap junction - Homo sapiens (human),Brain_Substantia_nigra,chr2_24881253_T_TCCGAG_b38,rs111333893,ENSG00000138031.15,ADCY3,109,8.2161404343499e-11,-0.371424496173859,-38984
chr2,hsa04740,Olfactory transduction - Homo sapiens (human),Brain_Substantia_nigra,chr2_24881253_T_TCCGAG_b38,rs111333893,ENSG00000138031.15,ADCY3,109,8.2161404343499e-11,-0.371424496173859,-38984
chr2,hsa04912,GnRH signaling pathway - Homo sapiens (human),Brain_Substantia_nigra,chr2_24881253_T_TCCGAG_b38,rs111333893,ENSG00000138031.15,ADCY3,109,8.2161404343499e-11,-0.371424496173859,-38984
chr2,hsa04914,Progesterone-mediated oocyte maturation - Homo sapiens (human),Brain_Substantia_nigra,chr2_24881253_T_TCCGAG_b38,rs111333893,ENSG00000138031.15,ADCY3,109,8.2161404343499e-11,-0.371424496173859,-38984
chr2,hsa04916,Melanogenesis - Homo sapiens (human),Brain_Substantia_nigra,chr2_24881253_T_TCCGAG_b38,rs111333893,ENSG00000138031.15,ADCY3,109,8.2161404343499e-11,-0.371424496173859,-38984
chr2,hsa04962,Vasopressin-regulated water reabsorption - Homo sapiens (human),Brain_Substantia_nigra,chr2_24881253_T_TCCGAG_b38,rs111333893,ENSG00000138031.15,ADCY3,109,8.2161404343499e-11,-0.371424496173859,-38984
chr2,hsa04970,Salivary secretion - Homo sapiens (human),Brain_Substantia_nigra,chr2_24881253_T_TCCGAG_b38,rs111333893,ENSG00000138031.15,ADCY3,109,8.2161404343499e-11,-0.371424496173859,-38984
chr2,hsa04971,Gastric acid secretion - Homo sapiens (human),Brain_Substantia_nigra,chr2_24881253_T_TCCGAG_b38,rs111333893,ENSG00000138031.15,ADCY3,109,8.2161404343499e-11,-0.371424496173859,-38984
chr2,hsa04972,Pancreatic secretion - Homo sapiens (human),Brain_Substantia_nigra,chr2_24881253_T_TCCGAG_b38,rs111333893,ENSG00000138031.15,ADCY3,109,8.2161404343499e-11,-0.371424496173859,-38984
chr2,hsa04976,Bile secretion - Homo sapiens (human),Brain_Substantia_nigra,chr2_24881253_T_TCCGAG_b38,rs111333893,ENSG00000138031.15,ADCY3,109,8.2161404343499e-11,-0.371424496173859,-38984
chr2,hsa05110,Vibrio cholerae infection - Homo sapiens (human),Brain_Substantia_nigra,chr2_24881253_T_TCCGAG_b38,rs111333893,ENSG00000138031.15,ADCY3,109,8.2161404343499e-11,-0.371424496173859,-38984
chr2,hsa05414,Dilated cardiomyopathy - Homo sapiens (human),Brain_Substantia_nigra,chr2_24881253_T_TCCGAG_b38,rs111333893,ENSG00000138031.15,ADCY3,109,8.2161404343499e-11,-0.371424496173859,-38984
chr2,hsa00230,Purine metabolism - Homo sapiens (human),Brain_Substantia_nigra,chr2_24881810_AGT_A_b38,rs3037312,ENSG00000138031.15,ADCY3,109,2.49476723079795e-10,-0.346931308507919,-38427
chr2,hsa04020,Calcium signaling pathway - Homo sapiens (human),Brain_Substantia_nigra,chr2_24881810_AGT_A_b38,rs3037312,ENSG00000138031.15,ADCY3,109,2.49476723079795e-10,-0.346931308507919,-38427
chr2,hsa04062,Chemokine signaling pathway - Homo sapiens (human),Brain_Substantia_nigra,chr2_24881810_AGT_A_b38,rs3037312,ENSG00000138031.15,ADCY3,109,2.49476723079795e-10,-0.346931308507919,-38427
chr2,hsa04114,Oocyte meiosis - Homo sapiens (human),Brain_Substantia_nigra,chr2_24881810_AGT_A_b38,rs3037312,ENSG00000138031.15,ADCY3,109,2.49476723079795e-10,-0.346931308507919,-38427
chr2,hsa04270,Vascular smooth muscle contraction - Homo sapiens (human),Brain_Substantia_nigra,chr2_24881810_AGT_A_b38,rs3037312,ENSG00000138031.15,ADCY3,109,2.49476723079795e-10,-0.346931308507919,-38427
chr2,hsa04540,Gap junction - Homo sapiens (human),Brain_Substantia_nigra,chr2_24881810_AGT_A_b38,rs3037312,ENSG00000138031.15,ADCY3,109,2.49476723079795e-10,-0.346931308507919,-38427
chr2,hsa04740,Olfactory transduction - Homo sapiens (human),Brain_Substantia_nigra,chr2_24881810_AGT_A_b38,rs3037312,ENSG00000138031.15,ADCY3,109,2.49476723079795e-10,-0.346931308507919,-38427
chr2,hsa04912,GnRH signaling pathway - Homo sapiens (human),Brain_Substantia_nigra,chr2_24881810_AGT_A_b38,rs3037312,ENSG00000138031.15,ADCY3,109,2.49476723079795e-10,-0.346931308507919,-38427
chr2,hsa04914,Progesterone-mediated oocyte maturation - Homo sapiens (human),Brain_Substantia_nigra,chr2_24881810_AGT_A_b38,rs3037312,ENSG00000138031.15,ADCY3,109,2.49476723079795e-10,-0.346931308507919,-38427
chr2,hsa04916,Melanogenesis - Homo sapiens (human),Brain_Substantia_nigra,chr2_24881810_AGT_A_b38,rs3037312,ENSG00000138031.15,ADCY3,109,2.49476723079795e-10,-0.346931308507919,-38427
chr2,hsa04962,Vasopressin-regulated water reabsorption - Homo sapiens (human),Brain_Substantia_nigra,chr2_24881810_AGT_A_b38,rs3037312,ENSG00000138031.15,ADCY3,109,2.49476723079795e-10,-0.346931308507919,-38427
chr2,hsa04970,Salivary secretion - Homo sapiens (human),Brain_Substantia_nigra,chr2_24881810_AGT_A_b38,rs3037312,ENSG00000138031.15,ADCY3,109,2.49476723079795e-10,-0.346931308507919,-38427
chr2,hsa04971,Gastric acid secretion - Homo sapiens (human),Brain_Substantia_nigra,chr2_24881810_AGT_A_b38,rs3037312,ENSG00000138031.15,ADCY3,109,2.49476723079795e-10,-0.346931308507919,-38427
chr2,hsa04972,Pancreatic secretion - Homo sapiens (human),Brain_Substantia_nigra,chr2_24881810_AGT_A_b38,rs3037312,ENSG00000138031.15,ADCY3,109,2.49476723079795e-10,-0.346931308507919,-38427
chr2,hsa04976,Bile secretion - Homo sapiens (human),Brain_Substantia_nigra,chr2_24881810_AGT_A_b38,rs3037312,ENSG00000138031.15,ADCY3,109,2.49476723079795e-10,-0.346931308507919,-38427
chr2,hsa05110,Vibrio cholerae infection - Homo sapiens (human),Brain_Substantia_nigra,chr2_24881810_AGT_A_b38,rs3037312,ENSG00000138031.15,ADCY3,109,2.49476723079795e-10,-0.346931308507919,-38427
chr2,hsa05414,Dilated cardiomyopathy - Homo sapiens (human),Brain_Substantia_nigra,chr2_24881810_AGT_A_b38,rs3037312,ENSG00000138031.15,ADCY3,109,2.49476723079795e-10,-0.346931308507919,-38427
chr2,hsa00230,Purine metabolism - Homo sapiens (human),Brain_Substantia_nigra,chr2_24883052_C_T_b38,rs35803386,ENSG00000138031.15,ADCY3,109,2.49476723079795e-10,-0.346931308507919,-37185
chr2,hsa04020,Calcium signaling pathway - Homo sapiens (human),Brain_Substantia_nigra,chr2_24883052_C_T_b38,rs35803386,ENSG00000138031.15,ADCY3,109,2.49476723079795e-10,-0.346931308507919,-37185
chr2,hsa04062,Chemokine signaling pathway - Homo sapiens (human),Brain_Substantia_nigra,chr2_24883052_C_T_b38,rs35803386,ENSG00000138031.15,ADCY3,109,2.49476723079795e-10,-0.346931308507919,-37185
chr2,hsa04114,Oocyte meiosis - Homo sapiens (human),Brain_Substantia_nigra,chr2_24883052_C_T_b38,rs35803386,ENSG00000138031.15,ADCY3,109,2.49476723079795e-10,-0.346931308507919,-37185
chr2,hsa04270,Vascular smooth muscle contraction - Homo sapiens (human),Brain_Substantia_nigra,chr2_24883052_C_T_b38,rs35803386,ENSG00000138031.15,ADCY3,109,2.49476723079795e-10,-0.346931308507919,-37185
chr2,hsa04540,Gap junction - Homo sapiens (human),Brain_Substantia_nigra,chr2_24883052_C_T_b38,rs35803386,ENSG00000138031.15,ADCY3,109,2.49476723079795e-10,-0.346931308507919,-37185
chr2,hsa04740,Olfactory transduction - Homo sapiens (human),Brain_Substantia_nigra,chr2_24883052_C_T_b38,rs35803386,ENSG00000138031.15,ADCY3,109,2.49476723079795e-10,-0.346931308507919,-37185
chr2,hsa04912,GnRH signaling pathway - Homo sapiens (human),Brain_Substantia_nigra,chr2_24883052_C_T_b38,rs35803386,ENSG00000138031.15,ADCY3,109,2.49476723079795e-10,-0.346931308507919,-37185
chr2,hsa04914,Progesterone-mediated oocyte maturation - Homo sapiens (human),Brain_Substantia_nigra,chr2_24883052_C_T_b38,rs35803386,ENSG00000138031.15,ADCY3,109,2.49476723079795e-10,-0.346931308507919,-37185
chr2,hsa04916,Melanogenesis - Homo sapiens (human),Brain_Substantia_nigra,chr2_24883052_C_T_b38,rs35803386,ENSG00000138031.15,ADCY3,109,2.49476723079795e-10,-0.346931308507919,-37185
chr2,hsa04962,Vasopressin-regulated water reabsorption - Homo sapiens (human),Brain_Substantia_nigra,chr2_24883052_C_T_b38,rs35803386,ENSG00000138031.15,ADCY3,109,2.49476723079795e-10,-0.346931308507919,-37185
chr2,hsa04970,Salivary secretion - Homo sapiens (human),Brain_Substantia_nigra,chr2_24883052_C_T_b38,rs35803386,ENSG00000138031.15,ADCY3,109,2.49476723079795e-10,-0.346931308507919,-37185
chr2,hsa04971,Gastric acid secretion - Homo sapiens (human),Brain_Substantia_nigra,chr2_24883052_C_T_b38,rs35803386,ENSG00000138031.15,ADCY3,109,2.49476723079795e-10,-0.346931308507919,-37185
chr2,hsa04972,Pancreatic secretion - Homo sapiens (human),Brain_Substantia_nigra,chr2_24883052_C_T_b38,rs35803386,ENSG00000138031.15,ADCY3,109,2.49476723079795e-10,-0.346931308507919,-37185
chr2,hsa04976,Bile secretion - Homo sapiens (human),Brain_Substantia_nigra,chr2_24883052_C_T_b38,rs35803386,ENSG00000138031.15,ADCY3,109,2.49476723079795e-10,-0.346931308507919,-37185
chr2,hsa05110,Vibrio cholerae infection - Homo sapiens (human),Brain_Substantia_nigra,chr2_24883052_C_T_b38,rs35803386,ENSG00000138031.15,ADCY3,109,2.49476723079795e-10,-0.346931308507919,-37185
chr2,hsa05414,Dilated cardiomyopathy - Homo sapiens (human),Brain_Substantia_nigra,chr2_24883052_C_T_b38,rs35803386,ENSG00000138031.15,ADCY3,109,2.49476723079795e-10,-0.346931308507919,-37185
chr2,hsa00230,Purine metabolism - Homo sapiens (human),Brain_Substantia_nigra,chr2_24883396_C_T_b38,rs12986610,ENSG00000138031.15,ADCY3,109,3.68917451437496e-08,-0.332853019237518,-36841
chr2,hsa04020,Calcium signaling pathway - Homo sapiens (human),Brain_Substantia_nigra,chr2_24883396_C_T_b38,rs12986610,ENSG00000138031.15,ADCY3,109,3.68917451437496e-08,-0.332853019237518,-36841
chr2,hsa04062,Chemokine signaling pathway - Homo sapiens (human),Brain_Substantia_nigra,chr2_24883396_C_T_b38,rs12986610,ENSG00000138031.15,ADCY3,109,3.68917451437496e-08,-0.332853019237518,-36841
chr2,hsa04114,Oocyte meiosis - Homo sapiens (human),Brain_Substantia_nigra,chr2_24883396_C_T_b38,rs12986610,ENSG00000138031.15,ADCY3,109,3.68917451437496e-08,-0.332853019237518,-36841
chr2,hsa04270,Vascular smooth muscle contraction - Homo sapiens (human),Brain_Substantia_nigra,chr2_24883396_C_T_b38,rs12986610,ENSG00000138031.15,ADCY3,109,3.68917451437496e-08,-0.332853019237518,-36841
chr2,hsa04540,Gap junction - Homo sapiens (human),Brain_Substantia_nigra,chr2_24883396_C_T_b38,rs12986610,ENSG00000138031.15,ADCY3,109,3.68917451437496e-08,-0.332853019237518,-36841
chr2,hsa04740,Olfactory transduction - Homo sapiens (human),Brain_Substantia_nigra,chr2_24883396_C_T_b38,rs12986610,ENSG00000138031.15,ADCY3,109,3.68917451437496e-08,-0.332853019237518,-36841
chr2,hsa04912,GnRH signaling pathway - Homo sapiens (human),Brain_Substantia_nigra,chr2_24883396_C_T_b38,rs12986610,ENSG00000138031.15,ADCY3,109,3.68917451437496e-08,-0.332853019237518,-36841
chr2,hsa04914,Progesterone-mediated oocyte maturation - Homo sapiens (human),Brain_Substantia_nigra,chr2_24883396_C_T_b38,rs12986610,ENSG00000138031.15,ADCY3,109,3.68917451437496e-08,-0.332853019237518,-36841
chr2,hsa04916,Melanogenesis - Homo sapiens (human),Brain_Substantia_nigra,chr2_24883396_C_T_b38,rs12986610,ENSG00000138031.15,ADCY3,109,3.68917451437496e-08,-0.332853019237518,-36841
chr2,hsa04962,Vasopressin-regulated water reabsorption - Homo sapiens (human),Brain_Substantia_nigra,chr2_24883396_C_T_b38,rs12986610,ENSG00000138031.15,ADCY3,109,3.68917451437496e-08,-0.332853019237518,-36841
chr2,hsa04970,Salivary secretion - Homo sapiens (human),Brain_Substantia_nigra,chr2_24883396_C_T_b38,rs12986610,ENSG00000138031.15,ADCY3,109,3.68917451437496e-08,-0.332853019237518,-36841
chr2,hsa04971,Gastric acid secretion - Homo sapiens (human),Brain_Substantia_nigra,chr2_24883396_C_T_b38,rs12986610,ENSG00000138031.15,ADCY3,109,3.68917451437496e-08,-0.332853019237518,-36841
chr2,hsa04972,Pancreatic secretion - Homo sapiens (human),Brain_Substantia_nigra,chr2_24883396_C_T_b38,rs12986610,ENSG00000138031.15,ADCY3,109,3.68917451437496e-08,-0.332853019237518,-36841
chr2,hsa04976,Bile secretion - Homo sapiens (human),Brain_Substantia_nigra,chr2_24883396_C_T_b38,rs12986610,ENSG00000138031.15,ADCY3,109,3.68917451437496e-08,-0.332853019237518,-36841
chr2,hsa05110,Vibrio cholerae infection - Homo sapiens (human),Brain_Substantia_nigra,chr2_24883396_C_T_b38,rs12986610,ENSG00000138031.15,ADCY3,109,3.68917451437496e-08,-0.332853019237518,-36841
chr2,hsa05414,Dilated cardiomyopathy - Homo sapiens (human),Brain_Substantia_nigra,chr2_24883396_C_T_b38,rs12986610,ENSG00000138031.15,ADCY3,109,3.68917451437496e-08,-0.332853019237518,-36841
chr2,hsa00230,Purine metabolism - Homo sapiens (human),Brain_Substantia_nigra,chr2_24884720_G_C_b38,rs11675198,ENSG00000138031.15,ADCY3,109,1.57021273853404e-12,-0.384237736463547,-35517
chr2,hsa04020,Calcium signaling pathway - Homo sapiens (human),Brain_Substantia_nigra,chr2_24884720_G_C_b38,rs11675198,ENSG00000138031.15,ADCY3,109,1.57021273853404e-12,-0.384237736463547,-35517
chr2,hsa04062,Chemokine signaling pathway - Homo sapiens (human),Brain_Substantia_nigra,chr2_24884720_G_C_b38,rs11675198,ENSG00000138031.15,ADCY3,109,1.57021273853404e-12,-0.384237736463547,-35517
chr2,hsa04114,Oocyte meiosis - Homo sapiens (human),Brain_Substantia_nigra,chr2_24884720_G_C_b38,rs11675198,ENSG00000138031.15,ADCY3,109,1.57021273853404e-12,-0.384237736463547,-35517
chr2,hsa04270,Vascular smooth muscle contraction - Homo sapiens (human),Brain_Substantia_nigra,chr2_24884720_G_C_b38,rs11675198,ENSG00000138031.15,ADCY3,109,1.57021273853404e-12,-0.384237736463547,-35517
chr2,hsa04540,Gap junction - Homo sapiens (human),Brain_Substantia_nigra,chr2_24884720_G_C_b38,rs11675198,ENSG00000138031.15,ADCY3,109,1.57021273853404e-12,-0.384237736463547,-35517
chr2,hsa04740,Olfactory transduction - Homo sapiens (human),Brain_Substantia_nigra,chr2_24884720_G_C_b38,rs11675198,ENSG00000138031.15,ADCY3,109,1.57021273853404e-12,-0.384237736463547,-35517
chr2,hsa04912,GnRH signaling pathway - Homo sapiens (human),Brain_Substantia_nigra,chr2_24884720_G_C_b38,rs11675198,ENSG00000138031.15,ADCY3,109,1.57021273853404e-12,-0.384237736463547,-35517
chr2,hsa04914,Progesterone-mediated oocyte maturation - Homo sapiens (human),Brain_Substantia_nigra,chr2_24884720_G_C_b38,rs11675198,ENSG00000138031.15,ADCY3,109,1.57021273853404e-12,-0.384237736463547,-35517
chr2,hsa04916,Melanogenesis - Homo sapiens (human),Brain_Substantia_nigra,chr2_24884720_G_C_b38,rs11675198,ENSG00000138031.15,ADCY3,109,1.57021273853404e-12,-0.384237736463547,-35517
chr2,hsa04962,Vasopressin-regulated water reabsorption - Homo sapiens (human),Brain_Substantia_nigra,chr2_24884720_G_C_b38,rs11675198,ENSG00000138031.15,ADCY3,109,1.57021273853404e-12,-0.384237736463547,-35517
chr2,hsa04970,Salivary secretion - Homo sapiens (human),Brain_Substantia_nigra,chr2_24884720_G_C_b38,rs11675198,ENSG00000138031.15,ADCY3,109,1.57021273853404e-12,-0.384237736463547,-35517
chr2,hsa04971,Gastric acid secretion - Homo sapiens (human),Brain_Substantia_nigra,chr2_24884720_G_C_b38,rs11675198,ENSG00000138031.15,ADCY3,109,1.57021273853404e-12,-0.384237736463547,-35517
chr2,hsa04972,Pancreatic secretion - Homo sapiens (human),Brain_Substantia_nigra,chr2_24884720_G_C_b38,rs11675198,ENSG00000138031.15,ADCY3,109,1.57021273853404e-12,-0.384237736463547,-35517
chr2,hsa04976,Bile secretion - Homo sapiens (human),Brain_Substantia_nigra,chr2_24884720_G_C_b38,rs11675198,ENSG00000138031.15,ADCY3,109,1.57021273853404e-12,-0.384237736463547,-35517
chr2,hsa05110,Vibrio cholerae infection - Homo sapiens (human),Brain_Substantia_nigra,chr2_24884720_G_C_b38,rs11675198,ENSG00000138031.15,ADCY3,109,1.57021273853404e-12,-0.384237736463547,-35517
chr2,hsa05414,Dilated cardiomyopathy - Homo sapiens (human),Brain_Substantia_nigra,chr2_24884720_G_C_b38,rs11675198,ENSG00000138031.15,ADCY3,109,1.57021273853404e-12,-0.384237736463547,-35517
chr2,hsa00230,Purine metabolism - Homo sapiens (human),Brain_Substantia_nigra,chr2_24884728_T_C_b38,rs11693654,ENSG00000138031.15,ADCY3,109,8.2161404343499e-11,-0.371424496173859,-35509
chr2,hsa04020,Calcium signaling pathway - Homo sapiens (human),Brain_Substantia_nigra,chr2_24884728_T_C_b38,rs11693654,ENSG00000138031.15,ADCY3,109,8.2161404343499e-11,-0.371424496173859,-35509
chr2,hsa04062,Chemokine signaling pathway - Homo sapiens (human),Brain_Substantia_nigra,chr2_24884728_T_C_b38,rs11693654,ENSG00000138031.15,ADCY3,109,8.2161404343499e-11,-0.371424496173859,-35509
chr2,hsa04114,Oocyte meiosis - Homo sapiens (human),Brain_Substantia_nigra,chr2_24884728_T_C_b38,rs11693654,ENSG00000138031.15,ADCY3,109,8.2161404343499e-11,-0.371424496173859,-35509
chr2,hsa04270,Vascular smooth muscle contraction - Homo sapiens (human),Brain_Substantia_nigra,chr2_24884728_T_C_b38,rs11693654,ENSG00000138031.15,ADCY3,109,8.2161404343499e-11,-0.371424496173859,-35509
chr2,hsa04540,Gap junction - Homo sapiens (human),Brain_Substantia_nigra,chr2_24884728_T_C_b38,rs11693654,ENSG00000138031.15,ADCY3,109,8.2161404343499e-11,-0.371424496173859,-35509
chr2,hsa04740,Olfactory transduction - Homo sapiens (human),Brain_Substantia_nigra,chr2_24884728_T_C_b38,rs11693654,ENSG00000138031.15,ADCY3,109,8.2161404343499e-11,-0.371424496173859,-35509
chr2,hsa04912,GnRH signaling pathway - Homo sapiens (human),Brain_Substantia_nigra,chr2_24884728_T_C_b38,rs11693654,ENSG00000138031.15,ADCY3,109,8.2161404343499e-11,-0.371424496173859,-35509
chr2,hsa04914,Progesterone-mediated oocyte maturation - Homo sapiens (human),Brain_Substantia_nigra,chr2_24884728_T_C_b38,rs11693654,ENSG00000138031.15,ADCY3,109,8.2161404343499e-11,-0.371424496173859,-35509
chr2,hsa04916,Melanogenesis - Homo sapiens (human),Brain_Substantia_nigra,chr2_24884728_T_C_b38,rs11693654,ENSG00000138031.15,ADCY3,109,8.2161404343499e-11,-0.371424496173859,-35509
chr2,hsa04962,Vasopressin-regulated water reabsorption - Homo sapiens (human),Brain_Substantia_nigra,chr2_24884728_T_C_b38,rs11693654,ENSG00000138031.15,ADCY3,109,8.2161404343499e-11,-0.371424496173859,-35509
chr2,hsa04970,Salivary secretion - Homo sapiens (human),Brain_Substantia_nigra,chr2_24884728_T_C_b38,rs11693654,ENSG00000138031.15,ADCY3,109,8.2161404343499e-11,-0.371424496173859,-35509
chr2,hsa04971,Gastric acid secretion - Homo sapiens (human),Brain_Substantia_nigra,chr2_24884728_T_C_b38,rs11693654,ENSG00000138031.15,ADCY3,109,8.2161404343499e-11,-0.371424496173859,-35509
chr2,hsa04972,Pancreatic secretion - Homo sapiens (human),Brain_Substantia_nigra,chr2_24884728_T_C_b38,rs11693654,ENSG00000138031.15,ADCY3,109,8.2161404343499e-11,-0.371424496173859,-35509
chr2,hsa04976,Bile secretion - Homo sapiens (human),Brain_Substantia_nigra,chr2_24884728_T_C_b38,rs11693654,ENSG00000138031.15,ADCY3,109,8.2161404343499e-11,-0.371424496173859,-35509
chr2,hsa05110,Vibrio cholerae infection - Homo sapiens (human),Brain_Substantia_nigra,chr2_24884728_T_C_b38,rs11693654,ENSG00000138031.15,ADCY3,109,8.2161404343499e-11,-0.371424496173859,-35509
chr2,hsa05414,Dilated cardiomyopathy - Homo sapiens (human),Brain_Substantia_nigra,chr2_24884728_T_C_b38,rs11693654,ENSG00000138031.15,ADCY3,109,8.2161404343499e-11,-0.371424496173859,-35509
chr2,hsa00230,Purine metabolism - Homo sapiens (human),Brain_Substantia_nigra,chr2_24884843_CT_C_b38,rs36007978,ENSG00000138031.15,ADCY3,109,1.57022323657476e-12,-0.384237706661224,-35394
chr2,hsa04020,Calcium signaling pathway - Homo sapiens (human),Brain_Substantia_nigra,chr2_24884843_CT_C_b38,rs36007978,ENSG00000138031.15,ADCY3,109,1.57022323657476e-12,-0.384237706661224,-35394
chr2,hsa04062,Chemokine signaling pathway - Homo sapiens (human),Brain_Substantia_nigra,chr2_24884843_CT_C_b38,rs36007978,ENSG00000138031.15,ADCY3,109,1.57022323657476e-12,-0.384237706661224,-35394
chr2,hsa04114,Oocyte meiosis - Homo sapiens (human),Brain_Substantia_nigra,chr2_24884843_CT_C_b38,rs36007978,ENSG00000138031.15,ADCY3,109,1.57022323657476e-12,-0.384237706661224,-35394
chr2,hsa04270,Vascular smooth muscle contraction - Homo sapiens (human),Brain_Substantia_nigra,chr2_24884843_CT_C_b38,rs36007978,ENSG00000138031.15,ADCY3,109,1.57022323657476e-12,-0.384237706661224,-35394
chr2,hsa04540,Gap junction - Homo sapiens (human),Brain_Substantia_nigra,chr2_24884843_CT_C_b38,rs36007978,ENSG00000138031.15,ADCY3,109,1.57022323657476e-12,-0.384237706661224,-35394
chr2,hsa04740,Olfactory transduction - Homo sapiens (human),Brain_Substantia_nigra,chr2_24884843_CT_C_b38,rs36007978,ENSG00000138031.15,ADCY3,109,1.57022323657476e-12,-0.384237706661224,-35394
chr2,hsa04912,GnRH signaling pathway - Homo sapiens (human),Brain_Substantia_nigra,chr2_24884843_CT_C_b38,rs36007978,ENSG00000138031.15,ADCY3,109,1.57022323657476e-12,-0.384237706661224,-35394
chr2,hsa04914,Progesterone-mediated oocyte maturation - Homo sapiens (human),Brain_Substantia_nigra,chr2_24884843_CT_C_b38,rs36007978,ENSG00000138031.15,ADCY3,109,1.57022323657476e-12,-0.384237706661224,-35394
chr2,hsa04916,Melanogenesis - Homo sapiens (human),Brain_Substantia_nigra,chr2_24884843_CT_C_b38,rs36007978,ENSG00000138031.15,ADCY3,109,1.57022323657476e-12,-0.384237706661224,-35394
chr2,hsa04962,Vasopressin-regulated water reabsorption - Homo sapiens (human),Brain_Substantia_nigra,chr2_24884843_CT_C_b38,rs36007978,ENSG00000138031.15,ADCY3,109,1.57022323657476e-12,-0.384237706661224,-35394
chr2,hsa04970,Salivary secretion - Homo sapiens (human),Brain_Substantia_nigra,chr2_24884843_CT_C_b38,rs36007978,ENSG00000138031.15,ADCY3,109,1.57022323657476e-12,-0.384237706661224,-35394
chr2,hsa04971,Gastric acid secretion - Homo sapiens (human),Brain_Substantia_nigra,chr2_24884843_CT_C_b38,rs36007978,ENSG00000138031.15,ADCY3,109,1.57022323657476e-12,-0.384237706661224,-35394
chr2,hsa04972,Pancreatic secretion - Homo sapiens (human),Brain_Substantia_nigra,chr2_24884843_CT_C_b38,rs36007978,ENSG00000138031.15,ADCY3,109,1.57022323657476e-12,-0.384237706661224,-35394
chr2,hsa04976,Bile secretion - Homo sapiens (human),Brain_Substantia_nigra,chr2_24884843_CT_C_b38,rs36007978,ENSG00000138031.15,ADCY3,109,1.57022323657476e-12,-0.384237706661224,-35394
chr2,hsa05110,Vibrio cholerae infection - Homo sapiens (human),Brain_Substantia_nigra,chr2_24884843_CT_C_b38,rs36007978,ENSG00000138031.15,ADCY3,109,1.57022323657476e-12,-0.384237706661224,-35394
chr2,hsa05414,Dilated cardiomyopathy - Homo sapiens (human),Brain_Substantia_nigra,chr2_24884843_CT_C_b38,rs36007978,ENSG00000138031.15,ADCY3,109,1.57022323657476e-12,-0.384237706661224,-35394
chr2,hsa00230,Purine metabolism - Homo sapiens (human),Brain_Substantia_nigra,chr2_24884890_C_T_b38,rs11686663,ENSG00000138031.15,ADCY3,109,1.57021273853404e-12,-0.384237736463547,-35347
chr2,hsa04020,Calcium signaling pathway - Homo sapiens (human),Brain_Substantia_nigra,chr2_24884890_C_T_b38,rs11686663,ENSG00000138031.15,ADCY3,109,1.57021273853404e-12,-0.384237736463547,-35347
chr2,hsa04062,Chemokine signaling pathway - Homo sapiens (human),Brain_Substantia_nigra,chr2_24884890_C_T_b38,rs11686663,ENSG00000138031.15,ADCY3,109,1.57021273853404e-12,-0.384237736463547,-35347
chr2,hsa04114,Oocyte meiosis - Homo sapiens (human),Brain_Substantia_nigra,chr2_24884890_C_T_b38,rs11686663,ENSG00000138031.15,ADCY3,109,1.57021273853404e-12,-0.384237736463547,-35347
chr2,hsa04270,Vascular smooth muscle contraction - Homo sapiens (human),Brain_Substantia_nigra,chr2_24884890_C_T_b38,rs11686663,ENSG00000138031.15,ADCY3,109,1.57021273853404e-12,-0.384237736463547,-35347
chr2,hsa04540,Gap junction - Homo sapiens (human),Brain_Substantia_nigra,chr2_24884890_C_T_b38,rs11686663,ENSG00000138031.15,ADCY3,109,1.57021273853404e-12,-0.384237736463547,-35347
chr2,hsa04740,Olfactory transduction - Homo sapiens (human),Brain_Substantia_nigra,chr2_24884890_C_T_b38,rs11686663,ENSG00000138031.15,ADCY3,109,1.57021273853404e-12,-0.384237736463547,-35347
chr2,hsa04912,GnRH signaling pathway - Homo sapiens (human),Brain_Substantia_nigra,chr2_24884890_C_T_b38,rs11686663,ENSG00000138031.15,ADCY3,109,1.57021273853404e-12,-0.384237736463547,-35347
chr2,hsa04914,Progesterone-mediated oocyte maturation - Homo sapiens (human),Brain_Substantia_nigra,chr2_24884890_C_T_b38,rs11686663,ENSG00000138031.15,ADCY3,109,1.57021273853404e-12,-0.384237736463547,-35347
chr2,hsa04916,Melanogenesis - Homo sapiens (human),Brain_Substantia_nigra,chr2_24884890_C_T_b38,rs11686663,ENSG00000138031.15,ADCY3,109,1.57021273853404e-12,-0.384237736463547,-35347
chr2,hsa04962,Vasopressin-regulated water reabsorption - Homo sapiens (human),Brain_Substantia_nigra,chr2_24884890_C_T_b38,rs11686663,ENSG00000138031.15,ADCY3,109,1.57021273853404e-12,-0.384237736463547,-35347
chr2,hsa04970,Salivary secretion - Homo sapiens (human),Brain_Substantia_nigra,chr2_24884890_C_T_b38,rs11686663,ENSG00000138031.15,ADCY3,109,1.57021273853404e-12,-0.384237736463547,-35347
chr2,hsa04971,Gastric acid secretion - Homo sapiens (human),Brain_Substantia_nigra,chr2_24884890_C_T_b38,rs11686663,ENSG00000138031.15,ADCY3,109,1.57021273853404e-12,-0.384237736463547,-35347
chr2,hsa04972,Pancreatic secretion - Homo sapiens (human),Brain_Substantia_nigra,chr2_24884890_C_T_b38,rs11686663,ENSG00000138031.15,ADCY3,109,1.57021273853404e-12,-0.384237736463547,-35347
chr2,hsa04976,Bile secretion - Homo sapiens (human),Brain_Substantia_nigra,chr2_24884890_C_T_b38,rs11686663,ENSG00000138031.15,ADCY3,109,1.57021273853404e-12,-0.384237736463547,-35347
chr2,hsa05110,Vibrio cholerae infection - Homo sapiens (human),Brain_Substantia_nigra,chr2_24884890_C_T_b38,rs11686663,ENSG00000138031.15,ADCY3,109,1.57021273853404e-12,-0.384237736463547,-35347
chr2,hsa05414,Dilated cardiomyopathy - Homo sapiens (human),Brain_Substantia_nigra,chr2_24884890_C_T_b38,rs11686663,ENSG00000138031.15,ADCY3,109,1.57021273853404e-12,-0.384237736463547,-35347
chr2,hsa00230,Purine metabolism - Homo sapiens (human),Brain_Substantia_nigra,chr2_24885328_T_C_b38,rs1865689,ENSG00000138031.15,ADCY3,109,1.57021273853404e-12,-0.384237736463547,-34909
chr2,hsa04020,Calcium signaling pathway - Homo sapiens (human),Brain_Substantia_nigra,chr2_24885328_T_C_b38,rs1865689,ENSG00000138031.15,ADCY3,109,1.57021273853404e-12,-0.384237736463547,-34909
chr2,hsa04062,Chemokine signaling pathway - Homo sapiens (human),Brain_Substantia_nigra,chr2_24885328_T_C_b38,rs1865689,ENSG00000138031.15,ADCY3,109,1.57021273853404e-12,-0.384237736463547,-34909
chr2,hsa04114,Oocyte meiosis - Homo sapiens (human),Brain_Substantia_nigra,chr2_24885328_T_C_b38,rs1865689,ENSG00000138031.15,ADCY3,109,1.57021273853404e-12,-0.384237736463547,-34909
chr2,hsa04270,Vascular smooth muscle contraction - Homo sapiens (human),Brain_Substantia_nigra,chr2_24885328_T_C_b38,rs1865689,ENSG00000138031.15,ADCY3,109,1.57021273853404e-12,-0.384237736463547,-34909
chr2,hsa04540,Gap junction - Homo sapiens (human),Brain_Substantia_nigra,chr2_24885328_T_C_b38,rs1865689,ENSG00000138031.15,ADCY3,109,1.57021273853404e-12,-0.384237736463547,-34909
chr2,hsa04740,Olfactory transduction - Homo sapiens (human),Brain_Substantia_nigra,chr2_24885328_T_C_b38,rs1865689,ENSG00000138031.15,ADCY3,109,1.57021273853404e-12,-0.384237736463547,-34909
chr2,hsa04912,GnRH signaling pathway - Homo sapiens (human),Brain_Substantia_nigra,chr2_24885328_T_C_b38,rs1865689,ENSG00000138031.15,ADCY3,109,1.57021273853404e-12,-0.384237736463547,-34909
chr2,hsa04914,Progesterone-mediated oocyte maturation - Homo sapiens (human),Brain_Substantia_nigra,chr2_24885328_T_C_b38,rs1865689,ENSG00000138031.15,ADCY3,109,1.57021273853404e-12,-0.384237736463547,-34909
chr2,hsa04916,Melanogenesis - Homo sapiens (human),Brain_Substantia_nigra,chr2_24885328_T_C_b38,rs1865689,ENSG00000138031.15,ADCY3,109,1.57021273853404e-12,-0.384237736463547,-34909
chr2,hsa04962,Vasopressin-regulated water reabsorption - Homo sapiens (human),Brain_Substantia_nigra,chr2_24885328_T_C_b38,rs1865689,ENSG00000138031.15,ADCY3,109,1.57021273853404e-12,-0.384237736463547,-34909
chr2,hsa04970,Salivary secretion - Homo sapiens (human),Brain_Substantia_nigra,chr2_24885328_T_C_b38,rs1865689,ENSG00000138031.15,ADCY3,109,1.57021273853404e-12,-0.384237736463547,-34909
chr2,hsa04971,Gastric acid secretion - Homo sapiens (human),Brain_Substantia_nigra,chr2_24885328_T_C_b38,rs1865689,ENSG00000138031.15,ADCY3,109,1.57021273853404e-12,-0.384237736463547,-34909
chr2,hsa04972,Pancreatic secretion - Homo sapiens (human),Brain_Substantia_nigra,chr2_24885328_T_C_b38,rs1865689,ENSG00000138031.15,ADCY3,109,1.57021273853404e-12,-0.384237736463547,-34909
chr2,hsa04976,Bile secretion - Homo sapiens (human),Brain_Substantia_nigra,chr2_24885328_T_C_b38,rs1865689,ENSG00000138031.15,ADCY3,109,1.57021273853404e-12,-0.384237736463547,-34909
chr2,hsa05110,Vibrio cholerae infection - Homo sapiens (human),Brain_Substantia_nigra,chr2_24885328_T_C_b38,rs1865689,ENSG00000138031.15,ADCY3,109,1.57021273853404e-12,-0.384237736463547,-34909
chr2,hsa05414,Dilated cardiomyopathy - Homo sapiens (human),Brain_Substantia_nigra,chr2_24885328_T_C_b38,rs1865689,ENSG00000138031.15,ADCY3,109,1.57021273853404e-12,-0.384237736463547,-34909
chr2,hsa00230,Purine metabolism - Homo sapiens (human),Brain_Substantia_nigra,chr2_24886433_A_G_b38,rs6545790,ENSG00000138031.15,ADCY3,109,7.19961600461863e-12,-0.385668694972992,-33804
chr2,hsa04020,Calcium signaling pathway - Homo sapiens (human),Brain_Substantia_nigra,chr2_24886433_A_G_b38,rs6545790,ENSG00000138031.15,ADCY3,109,7.19961600461863e-12,-0.385668694972992,-33804
chr2,hsa04062,Chemokine signaling pathway - Homo sapiens (human),Brain_Substantia_nigra,chr2_24886433_A_G_b38,rs6545790,ENSG00000138031.15,ADCY3,109,7.19961600461863e-12,-0.385668694972992,-33804
chr2,hsa04114,Oocyte meiosis - Homo sapiens (human),Brain_Substantia_nigra,chr2_24886433_A_G_b38,rs6545790,ENSG00000138031.15,ADCY3,109,7.19961600461863e-12,-0.385668694972992,-33804
chr2,hsa04270,Vascular smooth muscle contraction - Homo sapiens (human),Brain_Substantia_nigra,chr2_24886433_A_G_b38,rs6545790,ENSG00000138031.15,ADCY3,109,7.19961600461863e-12,-0.385668694972992,-33804
chr2,hsa04540,Gap junction - Homo sapiens (human),Brain_Substantia_nigra,chr2_24886433_A_G_b38,rs6545790,ENSG00000138031.15,ADCY3,109,7.19961600461863e-12,-0.385668694972992,-33804
chr2,hsa04740,Olfactory transduction - Homo sapiens (human),Brain_Substantia_nigra,chr2_24886433_A_G_b38,rs6545790,ENSG00000138031.15,ADCY3,109,7.19961600461863e-12,-0.385668694972992,-33804
chr2,hsa04912,GnRH signaling pathway - Homo sapiens (human),Brain_Substantia_nigra,chr2_24886433_A_G_b38,rs6545790,ENSG00000138031.15,ADCY3,109,7.19961600461863e-12,-0.385668694972992,-33804
chr2,hsa04914,Progesterone-mediated oocyte maturation - Homo sapiens (human),Brain_Substantia_nigra,chr2_24886433_A_G_b38,rs6545790,ENSG00000138031.15,ADCY3,109,7.19961600461863e-12,-0.385668694972992,-33804
chr2,hsa04916,Melanogenesis - Homo sapiens (human),Brain_Substantia_nigra,chr2_24886433_A_G_b38,rs6545790,ENSG00000138031.15,ADCY3,109,7.19961600461863e-12,-0.385668694972992,-33804
chr2,hsa04962,Vasopressin-regulated water reabsorption - Homo sapiens (human),Brain_Substantia_nigra,chr2_24886433_A_G_b38,rs6545790,ENSG00000138031.15,ADCY3,109,7.19961600461863e-12,-0.385668694972992,-33804
chr2,hsa04970,Salivary secretion - Homo sapiens (human),Brain_Substantia_nigra,chr2_24886433_A_G_b38,rs6545790,ENSG00000138031.15,ADCY3,109,7.19961600461863e-12,-0.385668694972992,-33804
chr2,hsa04971,Gastric acid secretion - Homo sapiens (human),Brain_Substantia_nigra,chr2_24886433_A_G_b38,rs6545790,ENSG00000138031.15,ADCY3,109,7.19961600461863e-12,-0.385668694972992,-33804
chr2,hsa04972,Pancreatic secretion - Homo sapiens (human),Brain_Substantia_nigra,chr2_24886433_A_G_b38,rs6545790,ENSG00000138031.15,ADCY3,109,7.19961600461863e-12,-0.385668694972992,-33804
chr2,hsa04976,Bile secretion - Homo sapiens (human),Brain_Substantia_nigra,chr2_24886433_A_G_b38,rs6545790,ENSG00000138031.15,ADCY3,109,7.19961600461863e-12,-0.385668694972992,-33804
chr2,hsa05110,Vibrio cholerae infection - Homo sapiens (human),Brain_Substantia_nigra,chr2_24886433_A_G_b38,rs6545790,ENSG00000138031.15,ADCY3,109,7.19961600461863e-12,-0.385668694972992,-33804
chr2,hsa05414,Dilated cardiomyopathy - Homo sapiens (human),Brain_Substantia_nigra,chr2_24886433_A_G_b38,rs6545790,ENSG00000138031.15,ADCY3,109,7.19961600461863e-12,-0.385668694972992,-33804
chr2,hsa00230,Purine metabolism - Homo sapiens (human),Brain_Substantia_nigra,chr2_24886448_G_A_b38,rs7605335,ENSG00000138031.15,ADCY3,109,1.57021273853404e-12,-0.384237736463547,-33789
chr2,hsa04020,Calcium signaling pathway - Homo sapiens (human),Brain_Substantia_nigra,chr2_24886448_G_A_b38,rs7605335,ENSG00000138031.15,ADCY3,109,1.57021273853404e-12,-0.384237736463547,-33789
chr2,hsa04062,Chemokine signaling pathway - Homo sapiens (human),Brain_Substantia_nigra,chr2_24886448_G_A_b38,rs7605335,ENSG00000138031.15,ADCY3,109,1.57021273853404e-12,-0.384237736463547,-33789
chr2,hsa04114,Oocyte meiosis - Homo sapiens (human),Brain_Substantia_nigra,chr2_24886448_G_A_b38,rs7605335,ENSG00000138031.15,ADCY3,109,1.57021273853404e-12,-0.384237736463547,-33789
chr2,hsa04270,Vascular smooth muscle contraction - Homo sapiens (human),Brain_Substantia_nigra,chr2_24886448_G_A_b38,rs7605335,ENSG00000138031.15,ADCY3,109,1.57021273853404e-12,-0.384237736463547,-33789
chr2,hsa04540,Gap junction - Homo sapiens (human),Brain_Substantia_nigra,chr2_24886448_G_A_b38,rs7605335,ENSG00000138031.15,ADCY3,109,1.57021273853404e-12,-0.384237736463547,-33789
chr2,hsa04740,Olfactory transduction - Homo sapiens (human),Brain_Substantia_nigra,chr2_24886448_G_A_b38,rs7605335,ENSG00000138031.15,ADCY3,109,1.57021273853404e-12,-0.384237736463547,-33789
chr2,hsa04912,GnRH signaling pathway - Homo sapiens (human),Brain_Substantia_nigra,chr2_24886448_G_A_b38,rs7605335,ENSG00000138031.15,ADCY3,109,1.57021273853404e-12,-0.384237736463547,-33789
chr2,hsa04914,Progesterone-mediated oocyte maturation - Homo sapiens (human),Brain_Substantia_nigra,chr2_24886448_G_A_b38,rs7605335,ENSG00000138031.15,ADCY3,109,1.57021273853404e-12,-0.384237736463547,-33789
chr2,hsa04916,Melanogenesis - Homo sapiens (human),Brain_Substantia_nigra,chr2_24886448_G_A_b38,rs7605335,ENSG00000138031.15,ADCY3,109,1.57021273853404e-12,-0.384237736463547,-33789
chr2,hsa04962,Vasopressin-regulated water reabsorption - Homo sapiens (human),Brain_Substantia_nigra,chr2_24886448_G_A_b38,rs7605335,ENSG00000138031.15,ADCY3,109,1.57021273853404e-12,-0.384237736463547,-33789
chr2,hsa04970,Salivary secretion - Homo sapiens (human),Brain_Substantia_nigra,chr2_24886448_G_A_b38,rs7605335,ENSG00000138031.15,ADCY3,109,1.57021273853404e-12,-0.384237736463547,-33789
chr2,hsa04971,Gastric acid secretion - Homo sapiens (human),Brain_Substantia_nigra,chr2_24886448_G_A_b38,rs7605335,ENSG00000138031.15,ADCY3,109,1.57021273853404e-12,-0.384237736463547,-33789
chr2,hsa04972,Pancreatic secretion - Homo sapiens (human),Brain_Substantia_nigra,chr2_24886448_G_A_b38,rs7605335,ENSG00000138031.15,ADCY3,109,1.57021273853404e-12,-0.384237736463547,-33789
chr2,hsa04976,Bile secretion - Homo sapiens (human),Brain_Substantia_nigra,chr2_24886448_G_A_b38,rs7605335,ENSG00000138031.15,ADCY3,109,1.57021273853404e-12,-0.384237736463547,-33789
chr2,hsa05110,Vibrio cholerae infection - Homo sapiens (human),Brain_Substantia_nigra,chr2_24886448_G_A_b38,rs7605335,ENSG00000138031.15,ADCY3,109,1.57021273853404e-12,-0.384237736463547,-33789
chr2,hsa05414,Dilated cardiomyopathy - Homo sapiens (human),Brain_Substantia_nigra,chr2_24886448_G_A_b38,rs7605335,ENSG00000138031.15,ADCY3,109,1.57021273853404e-12,-0.384237736463547,-33789
chr2,hsa00230,Purine metabolism - Homo sapiens (human),Brain_Substantia_nigra,chr2_24887215_C_T_b38,rs9631062,ENSG00000138031.15,ADCY3,109,2.27580324943617e-08,-0.33760267496109,-33022
chr2,hsa04020,Calcium signaling pathway - Homo sapiens (human),Brain_Substantia_nigra,chr2_24887215_C_T_b38,rs9631062,ENSG00000138031.15,ADCY3,109,2.27580324943617e-08,-0.33760267496109,-33022
chr2,hsa04062,Chemokine signaling pathway - Homo sapiens (human),Brain_Substantia_nigra,chr2_24887215_C_T_b38,rs9631062,ENSG00000138031.15,ADCY3,109,2.27580324943617e-08,-0.33760267496109,-33022
chr2,hsa04114,Oocyte meiosis - Homo sapiens (human),Brain_Substantia_nigra,chr2_24887215_C_T_b38,rs9631062,ENSG00000138031.15,ADCY3,109,2.27580324943617e-08,-0.33760267496109,-33022
chr2,hsa04270,Vascular smooth muscle contraction - Homo sapiens (human),Brain_Substantia_nigra,chr2_24887215_C_T_b38,rs9631062,ENSG00000138031.15,ADCY3,109,2.27580324943617e-08,-0.33760267496109,-33022
chr2,hsa04540,Gap junction - Homo sapiens (human),Brain_Substantia_nigra,chr2_24887215_C_T_b38,rs9631062,ENSG00000138031.15,ADCY3,109,2.27580324943617e-08,-0.33760267496109,-33022
chr2,hsa04740,Olfactory transduction - Homo sapiens (human),Brain_Substantia_nigra,chr2_24887215_C_T_b38,rs9631062,ENSG00000138031.15,ADCY3,109,2.27580324943617e-08,-0.33760267496109,-33022
chr2,hsa04912,GnRH signaling pathway - Homo sapiens (human),Brain_Substantia_nigra,chr2_24887215_C_T_b38,rs9631062,ENSG00000138031.15,ADCY3,109,2.27580324943617e-08,-0.33760267496109,-33022
chr2,hsa04914,Progesterone-mediated oocyte maturation - Homo sapiens (human),Brain_Substantia_nigra,chr2_24887215_C_T_b38,rs9631062,ENSG00000138031.15,ADCY3,109,2.27580324943617e-08,-0.33760267496109,-33022
chr2,hsa04916,Melanogenesis - Homo sapiens (human),Brain_Substantia_nigra,chr2_24887215_C_T_b38,rs9631062,ENSG00000138031.15,ADCY3,109,2.27580324943617e-08,-0.33760267496109,-33022
chr2,hsa04962,Vasopressin-regulated water reabsorption - Homo sapiens (human),Brain_Substantia_nigra,chr2_24887215_C_T_b38,rs9631062,ENSG00000138031.15,ADCY3,109,2.27580324943617e-08,-0.33760267496109,-33022
chr2,hsa04970,Salivary secretion - Homo sapiens (human),Brain_Substantia_nigra,chr2_24887215_C_T_b38,rs9631062,ENSG00000138031.15,ADCY3,109,2.27580324943617e-08,-0.33760267496109,-33022
chr2,hsa04971,Gastric acid secretion - Homo sapiens (human),Brain_Substantia_nigra,chr2_24887215_C_T_b38,rs9631062,ENSG00000138031.15,ADCY3,109,2.27580324943617e-08,-0.33760267496109,-33022
chr2,hsa04972,Pancreatic secretion - Homo sapiens (human),Brain_Substantia_nigra,chr2_24887215_C_T_b38,rs9631062,ENSG00000138031.15,ADCY3,109,2.27580324943617e-08,-0.33760267496109,-33022
chr2,hsa04976,Bile secretion - Homo sapiens (human),Brain_Substantia_nigra,chr2_24887215_C_T_b38,rs9631062,ENSG00000138031.15,ADCY3,109,2.27580324943617e-08,-0.33760267496109,-33022
chr2,hsa05110,Vibrio cholerae infection - Homo sapiens (human),Brain_Substantia_nigra,chr2_24887215_C_T_b38,rs9631062,ENSG00000138031.15,ADCY3,109,2.27580324943617e-08,-0.33760267496109,-33022
chr2,hsa05414,Dilated cardiomyopathy - Homo sapiens (human),Brain_Substantia_nigra,chr2_24887215_C_T_b38,rs9631062,ENSG00000138031.15,ADCY3,109,2.27580324943617e-08,-0.33760267496109,-33022
chr2,hsa00230,Purine metabolism - Homo sapiens (human),Brain_Substantia_nigra,chr2_24888093_A_G_b38,rs6749170,ENSG00000138031.15,ADCY3,109,1.28263619856658e-11,-0.37991738319397,-32144
chr2,hsa04020,Calcium signaling pathway - Homo sapiens (human),Brain_Substantia_nigra,chr2_24888093_A_G_b38,rs6749170,ENSG00000138031.15,ADCY3,109,1.28263619856658e-11,-0.37991738319397,-32144
chr2,hsa04062,Chemokine signaling pathway - Homo sapiens (human),Brain_Substantia_nigra,chr2_24888093_A_G_b38,rs6749170,ENSG00000138031.15,ADCY3,109,1.28263619856658e-11,-0.37991738319397,-32144
chr2,hsa04114,Oocyte meiosis - Homo sapiens (human),Brain_Substantia_nigra,chr2_24888093_A_G_b38,rs6749170,ENSG00000138031.15,ADCY3,109,1.28263619856658e-11,-0.37991738319397,-32144
chr2,hsa04270,Vascular smooth muscle contraction - Homo sapiens (human),Brain_Substantia_nigra,chr2_24888093_A_G_b38,rs6749170,ENSG00000138031.15,ADCY3,109,1.28263619856658e-11,-0.37991738319397,-32144
chr2,hsa04540,Gap junction - Homo sapiens (human),Brain_Substantia_nigra,chr2_24888093_A_G_b38,rs6749170,ENSG00000138031.15,ADCY3,109,1.28263619856658e-11,-0.37991738319397,-32144
chr2,hsa04740,Olfactory transduction - Homo sapiens (human),Brain_Substantia_nigra,chr2_24888093_A_G_b38,rs6749170,ENSG00000138031.15,ADCY3,109,1.28263619856658e-11,-0.37991738319397,-32144
chr2,hsa04912,GnRH signaling pathway - Homo sapiens (human),Brain_Substantia_nigra,chr2_24888093_A_G_b38,rs6749170,ENSG00000138031.15,ADCY3,109,1.28263619856658e-11,-0.37991738319397,-32144
chr2,hsa04914,Progesterone-mediated oocyte maturation - Homo sapiens (human),Brain_Substantia_nigra,chr2_24888093_A_G_b38,rs6749170,ENSG00000138031.15,ADCY3,109,1.28263619856658e-11,-0.37991738319397,-32144
chr2,hsa04916,Melanogenesis - Homo sapiens (human),Brain_Substantia_nigra,chr2_24888093_A_G_b38,rs6749170,ENSG00000138031.15,ADCY3,109,1.28263619856658e-11,-0.37991738319397,-32144
chr2,hsa04962,Vasopressin-regulated water reabsorption - Homo sapiens (human),Brain_Substantia_nigra,chr2_24888093_A_G_b38,rs6749170,ENSG00000138031.15,ADCY3,109,1.28263619856658e-11,-0.37991738319397,-32144
chr2,hsa04970,Salivary secretion - Homo sapiens (human),Brain_Substantia_nigra,chr2_24888093_A_G_b38,rs6749170,ENSG00000138031.15,ADCY3,109,1.28263619856658e-11,-0.37991738319397,-32144
chr2,hsa04971,Gastric acid secretion - Homo sapiens (human),Brain_Substantia_nigra,chr2_24888093_A_G_b38,rs6749170,ENSG00000138031.15,ADCY3,109,1.28263619856658e-11,-0.37991738319397,-32144
chr2,hsa04972,Pancreatic secretion - Homo sapiens (human),Brain_Substantia_nigra,chr2_24888093_A_G_b38,rs6749170,ENSG00000138031.15,ADCY3,109,1.28263619856658e-11,-0.37991738319397,-32144
chr2,hsa04976,Bile secretion - Homo sapiens (human),Brain_Substantia_nigra,chr2_24888093_A_G_b38,rs6749170,ENSG00000138031.15,ADCY3,109,1.28263619856658e-11,-0.37991738319397,-32144
chr2,hsa05110,Vibrio cholerae infection - Homo sapiens (human),Brain_Substantia_nigra,chr2_24888093_A_G_b38,rs6749170,ENSG00000138031.15,ADCY3,109,1.28263619856658e-11,-0.37991738319397,-32144
chr2,hsa05414,Dilated cardiomyopathy - Homo sapiens (human),Brain_Substantia_nigra,chr2_24888093_A_G_b38,rs6749170,ENSG00000138031.15,ADCY3,109,1.28263619856658e-11,-0.37991738319397,-32144
chr2,hsa00230,Purine metabolism - Homo sapiens (human),Brain_Substantia_nigra,chr2_24888811_T_C_b38,rs10172886,ENSG00000138031.15,ADCY3,109,3.0421417898679e-08,-0.313887029886246,-31426
chr2,hsa04020,Calcium signaling pathway - Homo sapiens (human),Brain_Substantia_nigra,chr2_24888811_T_C_b38,rs10172886,ENSG00000138031.15,ADCY3,109,3.0421417898679e-08,-0.313887029886246,-31426
chr2,hsa04062,Chemokine signaling pathway - Homo sapiens (human),Brain_Substantia_nigra,chr2_24888811_T_C_b38,rs10172886,ENSG00000138031.15,ADCY3,109,3.0421417898679e-08,-0.313887029886246,-31426
chr2,hsa04114,Oocyte meiosis - Homo sapiens (human),Brain_Substantia_nigra,chr2_24888811_T_C_b38,rs10172886,ENSG00000138031.15,ADCY3,109,3.0421417898679e-08,-0.313887029886246,-31426
chr2,hsa04270,Vascular smooth muscle contraction - Homo sapiens (human),Brain_Substantia_nigra,chr2_24888811_T_C_b38,rs10172886,ENSG00000138031.15,ADCY3,109,3.0421417898679e-08,-0.313887029886246,-31426
chr2,hsa04540,Gap junction - Homo sapiens (human),Brain_Substantia_nigra,chr2_24888811_T_C_b38,rs10172886,ENSG00000138031.15,ADCY3,109,3.0421417898679e-08,-0.313887029886246,-31426
chr2,hsa04740,Olfactory transduction - Homo sapiens (human),Brain_Substantia_nigra,chr2_24888811_T_C_b38,rs10172886,ENSG00000138031.15,ADCY3,109,3.0421417898679e-08,-0.313887029886246,-31426
chr2,hsa04912,GnRH signaling pathway - Homo sapiens (human),Brain_Substantia_nigra,chr2_24888811_T_C_b38,rs10172886,ENSG00000138031.15,ADCY3,109,3.0421417898679e-08,-0.313887029886246,-31426
chr2,hsa04914,Progesterone-mediated oocyte maturation - Homo sapiens (human),Brain_Substantia_nigra,chr2_24888811_T_C_b38,rs10172886,ENSG00000138031.15,ADCY3,109,3.0421417898679e-08,-0.313887029886246,-31426
chr2,hsa04916,Melanogenesis - Homo sapiens (human),Brain_Substantia_nigra,chr2_24888811_T_C_b38,rs10172886,ENSG00000138031.15,ADCY3,109,3.0421417898679e-08,-0.313887029886246,-31426
chr2,hsa04962,Vasopressin-regulated water reabsorption - Homo sapiens (human),Brain_Substantia_nigra,chr2_24888811_T_C_b38,rs10172886,ENSG00000138031.15,ADCY3,109,3.0421417898679e-08,-0.313887029886246,-31426
chr2,hsa04970,Salivary secretion - Homo sapiens (human),Brain_Substantia_nigra,chr2_24888811_T_C_b38,rs10172886,ENSG00000138031.15,ADCY3,109,3.0421417898679e-08,-0.313887029886246,-31426
chr2,hsa04971,Gastric acid secretion - Homo sapiens (human),Brain_Substantia_nigra,chr2_24888811_T_C_b38,rs10172886,ENSG00000138031.15,ADCY3,109,3.0421417898679e-08,-0.313887029886246,-31426
chr2,hsa04972,Pancreatic secretion - Homo sapiens (human),Brain_Substantia_nigra,chr2_24888811_T_C_b38,rs10172886,ENSG00000138031.15,ADCY3,109,3.0421417898679e-08,-0.313887029886246,-31426
chr2,hsa04976,Bile secretion - Homo sapiens (human),Brain_Substantia_nigra,chr2_24888811_T_C_b38,rs10172886,ENSG00000138031.15,ADCY3,109,3.0421417898679e-08,-0.313887029886246,-31426
chr2,hsa05110,Vibrio cholerae infection - Homo sapiens (human),Brain_Substantia_nigra,chr2_24888811_T_C_b38,rs10172886,ENSG00000138031.15,ADCY3,109,3.0421417898679e-08,-0.313887029886246,-31426
chr2,hsa05414,Dilated cardiomyopathy - Homo sapiens (human),Brain_Substantia_nigra,chr2_24888811_T_C_b38,rs10172886,ENSG00000138031.15,ADCY3,109,3.0421417898679e-08,-0.313887029886246,-31426
chr2,hsa00230,Purine metabolism - Homo sapiens (human),Brain_Substantia_nigra,chr2_24888865_C_T_b38,rs10205326,ENSG00000138031.15,ADCY3,109,1.37373657182526e-08,-0.345566779375076,-31372
chr2,hsa04020,Calcium signaling pathway - Homo sapiens (human),Brain_Substantia_nigra,chr2_24888865_C_T_b38,rs10205326,ENSG00000138031.15,ADCY3,109,1.37373657182526e-08,-0.345566779375076,-31372
chr2,hsa04062,Chemokine signaling pathway - Homo sapiens (human),Brain_Substantia_nigra,chr2_24888865_C_T_b38,rs10205326,ENSG00000138031.15,ADCY3,109,1.37373657182526e-08,-0.345566779375076,-31372
chr2,hsa04114,Oocyte meiosis - Homo sapiens (human),Brain_Substantia_nigra,chr2_24888865_C_T_b38,rs10205326,ENSG00000138031.15,ADCY3,109,1.37373657182526e-08,-0.345566779375076,-31372
chr2,hsa04270,Vascular smooth muscle contraction - Homo sapiens (human),Brain_Substantia_nigra,chr2_24888865_C_T_b38,rs10205326,ENSG00000138031.15,ADCY3,109,1.37373657182526e-08,-0.345566779375076,-31372
chr2,hsa04540,Gap junction - Homo sapiens (human),Brain_Substantia_nigra,chr2_24888865_C_T_b38,rs10205326,ENSG00000138031.15,ADCY3,109,1.37373657182526e-08,-0.345566779375076,-31372
chr2,hsa04740,Olfactory transduction - Homo sapiens (human),Brain_Substantia_nigra,chr2_24888865_C_T_b38,rs10205326,ENSG00000138031.15,ADCY3,109,1.37373657182526e-08,-0.345566779375076,-31372
chr2,hsa04912,GnRH signaling pathway - Homo sapiens (human),Brain_Substantia_nigra,chr2_24888865_C_T_b38,rs10205326,ENSG00000138031.15,ADCY3,109,1.37373657182526e-08,-0.345566779375076,-31372
chr2,hsa04914,Progesterone-mediated oocyte maturation - Homo sapiens (human),Brain_Substantia_nigra,chr2_24888865_C_T_b38,rs10205326,ENSG00000138031.15,ADCY3,109,1.37373657182526e-08,-0.345566779375076,-31372
chr2,hsa04916,Melanogenesis - Homo sapiens (human),Brain_Substantia_nigra,chr2_24888865_C_T_b38,rs10205326,ENSG00000138031.15,ADCY3,109,1.37373657182526e-08,-0.345566779375076,-31372
chr2,hsa04962,Vasopressin-regulated water reabsorption - Homo sapiens (human),Brain_Substantia_nigra,chr2_24888865_C_T_b38,rs10205326,ENSG00000138031.15,ADCY3,109,1.37373657182526e-08,-0.345566779375076,-31372
chr2,hsa04970,Salivary secretion - Homo sapiens (human),Brain_Substantia_nigra,chr2_24888865_C_T_b38,rs10205326,ENSG00000138031.15,ADCY3,109,1.37373657182526e-08,-0.345566779375076,-31372
chr2,hsa04971,Gastric acid secretion - Homo sapiens (human),Brain_Substantia_nigra,chr2_24888865_C_T_b38,rs10205326,ENSG00000138031.15,ADCY3,109,1.37373657182526e-08,-0.345566779375076,-31372
chr2,hsa04972,Pancreatic secretion - Homo sapiens (human),Brain_Substantia_nigra,chr2_24888865_C_T_b38,rs10205326,ENSG00000138031.15,ADCY3,109,1.37373657182526e-08,-0.345566779375076,-31372
chr2,hsa04976,Bile secretion - Homo sapiens (human),Brain_Substantia_nigra,chr2_24888865_C_T_b38,rs10205326,ENSG00000138031.15,ADCY3,109,1.37373657182526e-08,-0.345566779375076,-31372
chr2,hsa05110,Vibrio cholerae infection - Homo sapiens (human),Brain_Substantia_nigra,chr2_24888865_C_T_b38,rs10205326,ENSG00000138031.15,ADCY3,109,1.37373657182526e-08,-0.345566779375076,-31372
chr2,hsa05414,Dilated cardiomyopathy - Homo sapiens (human),Brain_Substantia_nigra,chr2_24888865_C_T_b38,rs10205326,ENSG00000138031.15,ADCY3,109,1.37373657182526e-08,-0.345566779375076,-31372
chr2,hsa00230,Purine metabolism - Homo sapiens (human),Brain_Substantia_nigra,chr2_24890016_G_A_b38,rs1865687,ENSG00000138031.15,ADCY3,109,2.58420589794907e-10,-0.387689679861069,-30221
chr2,hsa04020,Calcium signaling pathway - Homo sapiens (human),Brain_Substantia_nigra,chr2_24890016_G_A_b38,rs1865687,ENSG00000138031.15,ADCY3,109,2.58420589794907e-10,-0.387689679861069,-30221
chr2,hsa04062,Chemokine signaling pathway - Homo sapiens (human),Brain_Substantia_nigra,chr2_24890016_G_A_b38,rs1865687,ENSG00000138031.15,ADCY3,109,2.58420589794907e-10,-0.387689679861069,-30221
chr2,hsa04114,Oocyte meiosis - Homo sapiens (human),Brain_Substantia_nigra,chr2_24890016_G_A_b38,rs1865687,ENSG00000138031.15,ADCY3,109,2.58420589794907e-10,-0.387689679861069,-30221
chr2,hsa04270,Vascular smooth muscle contraction - Homo sapiens (human),Brain_Substantia_nigra,chr2_24890016_G_A_b38,rs1865687,ENSG00000138031.15,ADCY3,109,2.58420589794907e-10,-0.387689679861069,-30221
chr2,hsa04540,Gap junction - Homo sapiens (human),Brain_Substantia_nigra,chr2_24890016_G_A_b38,rs1865687,ENSG00000138031.15,ADCY3,109,2.58420589794907e-10,-0.387689679861069,-30221
chr2,hsa04740,Olfactory transduction - Homo sapiens (human),Brain_Substantia_nigra,chr2_24890016_G_A_b38,rs1865687,ENSG00000138031.15,ADCY3,109,2.58420589794907e-10,-0.387689679861069,-30221
chr2,hsa04912,GnRH signaling pathway - Homo sapiens (human),Brain_Substantia_nigra,chr2_24890016_G_A_b38,rs1865687,ENSG00000138031.15,ADCY3,109,2.58420589794907e-10,-0.387689679861069,-30221
chr2,hsa04914,Progesterone-mediated oocyte maturation - Homo sapiens (human),Brain_Substantia_nigra,chr2_24890016_G_A_b38,rs1865687,ENSG00000138031.15,ADCY3,109,2.58420589794907e-10,-0.387689679861069,-30221
chr2,hsa04916,Melanogenesis - Homo sapiens (human),Brain_Substantia_nigra,chr2_24890016_G_A_b38,rs1865687,ENSG00000138031.15,ADCY3,109,2.58420589794907e-10,-0.387689679861069,-30221
chr2,hsa04962,Vasopressin-regulated water reabsorption - Homo sapiens (human),Brain_Substantia_nigra,chr2_24890016_G_A_b38,rs1865687,ENSG00000138031.15,ADCY3,109,2.58420589794907e-10,-0.387689679861069,-30221
chr2,hsa04970,Salivary secretion - Homo sapiens (human),Brain_Substantia_nigra,chr2_24890016_G_A_b38,rs1865687,ENSG00000138031.15,ADCY3,109,2.58420589794907e-10,-0.387689679861069,-30221
chr2,hsa04971,Gastric acid secretion - Homo sapiens (human),Brain_Substantia_nigra,chr2_24890016_G_A_b38,rs1865687,ENSG00000138031.15,ADCY3,109,2.58420589794907e-10,-0.387689679861069,-30221
chr2,hsa04972,Pancreatic secretion - Homo sapiens (human),Brain_Substantia_nigra,chr2_24890016_G_A_b38,rs1865687,ENSG00000138031.15,ADCY3,109,2.58420589794907e-10,-0.387689679861069,-30221
chr2,hsa04976,Bile secretion - Homo sapiens (human),Brain_Substantia_nigra,chr2_24890016_G_A_b38,rs1865687,ENSG00000138031.15,ADCY3,109,2.58420589794907e-10,-0.387689679861069,-30221
chr2,hsa05110,Vibrio cholerae infection - Homo sapiens (human),Brain_Substantia_nigra,chr2_24890016_G_A_b38,rs1865687,ENSG00000138031.15,ADCY3,109,2.58420589794907e-10,-0.387689679861069,-30221
chr2,hsa05414,Dilated cardiomyopathy - Homo sapiens (human),Brain_Substantia_nigra,chr2_24890016_G_A_b38,rs1865687,ENSG00000138031.15,ADCY3,109,2.58420589794907e-10,-0.387689679861069,-30221
chr2,hsa00230,Purine metabolism - Homo sapiens (human),Brain_Substantia_nigra,chr2_24890934_C_T_b38,rs10164842,ENSG00000138031.15,ADCY3,109,9.20971349361055e-11,-0.38771590590477,-29303
chr2,hsa04020,Calcium signaling pathway - Homo sapiens (human),Brain_Substantia_nigra,chr2_24890934_C_T_b38,rs10164842,ENSG00000138031.15,ADCY3,109,9.20971349361055e-11,-0.38771590590477,-29303
chr2,hsa04062,Chemokine signaling pathway - Homo sapiens (human),Brain_Substantia_nigra,chr2_24890934_C_T_b38,rs10164842,ENSG00000138031.15,ADCY3,109,9.20971349361055e-11,-0.38771590590477,-29303
chr2,hsa04114,Oocyte meiosis - Homo sapiens (human),Brain_Substantia_nigra,chr2_24890934_C_T_b38,rs10164842,ENSG00000138031.15,ADCY3,109,9.20971349361055e-11,-0.38771590590477,-29303
chr2,hsa04270,Vascular smooth muscle contraction - Homo sapiens (human),Brain_Substantia_nigra,chr2_24890934_C_T_b38,rs10164842,ENSG00000138031.15,ADCY3,109,9.20971349361055e-11,-0.38771590590477,-29303
chr2,hsa04540,Gap junction - Homo sapiens (human),Brain_Substantia_nigra,chr2_24890934_C_T_b38,rs10164842,ENSG00000138031.15,ADCY3,109,9.20971349361055e-11,-0.38771590590477,-29303
chr2,hsa04740,Olfactory transduction - Homo sapiens (human),Brain_Substantia_nigra,chr2_24890934_C_T_b38,rs10164842,ENSG00000138031.15,ADCY3,109,9.20971349361055e-11,-0.38771590590477,-29303
chr2,hsa04912,GnRH signaling pathway - Homo sapiens (human),Brain_Substantia_nigra,chr2_24890934_C_T_b38,rs10164842,ENSG00000138031.15,ADCY3,109,9.20971349361055e-11,-0.38771590590477,-29303
chr2,hsa04914,Progesterone-mediated oocyte maturation - Homo sapiens (human),Brain_Substantia_nigra,chr2_24890934_C_T_b38,rs10164842,ENSG00000138031.15,ADCY3,109,9.20971349361055e-11,-0.38771590590477,-29303
chr2,hsa04916,Melanogenesis - Homo sapiens (human),Brain_Substantia_nigra,chr2_24890934_C_T_b38,rs10164842,ENSG00000138031.15,ADCY3,109,9.20971349361055e-11,-0.38771590590477,-29303
chr2,hsa04962,Vasopressin-regulated water reabsorption - Homo sapiens (human),Brain_Substantia_nigra,chr2_24890934_C_T_b38,rs10164842,ENSG00000138031.15,ADCY3,109,9.20971349361055e-11,-0.38771590590477,-29303
chr2,hsa04970,Salivary secretion - Homo sapiens (human),Brain_Substantia_nigra,chr2_24890934_C_T_b38,rs10164842,ENSG00000138031.15,ADCY3,109,9.20971349361055e-11,-0.38771590590477,-29303
chr2,hsa04971,Gastric acid secretion - Homo sapiens (human),Brain_Substantia_nigra,chr2_24890934_C_T_b38,rs10164842,ENSG00000138031.15,ADCY3,109,9.20971349361055e-11,-0.38771590590477,-29303
chr2,hsa04972,Pancreatic secretion - Homo sapiens (human),Brain_Substantia_nigra,chr2_24890934_C_T_b38,rs10164842,ENSG00000138031.15,ADCY3,109,9.20971349361055e-11,-0.38771590590477,-29303
chr2,hsa04976,Bile secretion - Homo sapiens (human),Brain_Substantia_nigra,chr2_24890934_C_T_b38,rs10164842,ENSG00000138031.15,ADCY3,109,9.20971349361055e-11,-0.38771590590477,-29303
chr2,hsa05110,Vibrio cholerae infection - Homo sapiens (human),Brain_Substantia_nigra,chr2_24890934_C_T_b38,rs10164842,ENSG00000138031.15,ADCY3,109,9.20971349361055e-11,-0.38771590590477,-29303
chr2,hsa05414,Dilated cardiomyopathy - Homo sapiens (human),Brain_Substantia_nigra,chr2_24890934_C_T_b38,rs10164842,ENSG00000138031.15,ADCY3,109,9.20971349361055e-11,-0.38771590590477,-29303
chr2,hsa00230,Purine metabolism - Homo sapiens (human),Brain_Substantia_nigra,chr2_24891120_T_C_b38,rs10179794,ENSG00000138031.15,ADCY3,109,2.58421325492901e-10,-0.387689650058746,-29117
chr2,hsa04020,Calcium signaling pathway - Homo sapiens (human),Brain_Substantia_nigra,chr2_24891120_T_C_b38,rs10179794,ENSG00000138031.15,ADCY3,109,2.58421325492901e-10,-0.387689650058746,-29117
chr2,hsa04062,Chemokine signaling pathway - Homo sapiens (human),Brain_Substantia_nigra,chr2_24891120_T_C_b38,rs10179794,ENSG00000138031.15,ADCY3,109,2.58421325492901e-10,-0.387689650058746,-29117
chr2,hsa04114,Oocyte meiosis - Homo sapiens (human),Brain_Substantia_nigra,chr2_24891120_T_C_b38,rs10179794,ENSG00000138031.15,ADCY3,109,2.58421325492901e-10,-0.387689650058746,-29117
chr2,hsa04270,Vascular smooth muscle contraction - Homo sapiens (human),Brain_Substantia_nigra,chr2_24891120_T_C_b38,rs10179794,ENSG00000138031.15,ADCY3,109,2.58421325492901e-10,-0.387689650058746,-29117
chr2,hsa04540,Gap junction - Homo sapiens (human),Brain_Substantia_nigra,chr2_24891120_T_C_b38,rs10179794,ENSG00000138031.15,ADCY3,109,2.58421325492901e-10,-0.387689650058746,-29117
chr2,hsa04740,Olfactory transduction - Homo sapiens (human),Brain_Substantia_nigra,chr2_24891120_T_C_b38,rs10179794,ENSG00000138031.15,ADCY3,109,2.58421325492901e-10,-0.387689650058746,-29117
chr2,hsa04912,GnRH signaling pathway - Homo sapiens (human),Brain_Substantia_nigra,chr2_24891120_T_C_b38,rs10179794,ENSG00000138031.15,ADCY3,109,2.58421325492901e-10,-0.387689650058746,-29117
chr2,hsa04914,Progesterone-mediated oocyte maturation - Homo sapiens (human),Brain_Substantia_nigra,chr2_24891120_T_C_b38,rs10179794,ENSG00000138031.15,ADCY3,109,2.58421325492901e-10,-0.387689650058746,-29117
chr2,hsa04916,Melanogenesis - Homo sapiens (human),Brain_Substantia_nigra,chr2_24891120_T_C_b38,rs10179794,ENSG00000138031.15,ADCY3,109,2.58421325492901e-10,-0.387689650058746,-29117
chr2,hsa04962,Vasopressin-regulated water reabsorption - Homo sapiens (human),Brain_Substantia_nigra,chr2_24891120_T_C_b38,rs10179794,ENSG00000138031.15,ADCY3,109,2.58421325492901e-10,-0.387689650058746,-29117
chr2,hsa04970,Salivary secretion - Homo sapiens (human),Brain_Substantia_nigra,chr2_24891120_T_C_b38,rs10179794,ENSG00000138031.15,ADCY3,109,2.58421325492901e-10,-0.387689650058746,-29117
chr2,hsa04971,Gastric acid secretion - Homo sapiens (human),Brain_Substantia_nigra,chr2_24891120_T_C_b38,rs10179794,ENSG00000138031.15,ADCY3,109,2.58421325492901e-10,-0.387689650058746,-29117
chr2,hsa04972,Pancreatic secretion - Homo sapiens (human),Brain_Substantia_nigra,chr2_24891120_T_C_b38,rs10179794,ENSG00000138031.15,ADCY3,109,2.58421325492901e-10,-0.387689650058746,-29117
chr2,hsa04976,Bile secretion - Homo sapiens (human),Brain_Substantia_nigra,chr2_24891120_T_C_b38,rs10179794,ENSG00000138031.15,ADCY3,109,2.58421325492901e-10,-0.387689650058746,-29117
chr2,hsa05110,Vibrio cholerae infection - Homo sapiens (human),Brain_Substantia_nigra,chr2_24891120_T_C_b38,rs10179794,ENSG00000138031.15,ADCY3,109,2.58421325492901e-10,-0.387689650058746,-29117
chr2,hsa05414,Dilated cardiomyopathy - Homo sapiens (human),Brain_Substantia_nigra,chr2_24891120_T_C_b38,rs10179794,ENSG00000138031.15,ADCY3,109,2.58421325492901e-10,-0.387689650058746,-29117
chr2,hsa00230,Purine metabolism - Homo sapiens (human),Brain_Substantia_nigra,chr2_24891200_T_C_b38,rs10164466,ENSG00000138031.15,ADCY3,109,1.37373657182526e-08,-0.345566779375076,-29037
chr2,hsa04020,Calcium signaling pathway - Homo sapiens (human),Brain_Substantia_nigra,chr2_24891200_T_C_b38,rs10164466,ENSG00000138031.15,ADCY3,109,1.37373657182526e-08,-0.345566779375076,-29037
chr2,hsa04062,Chemokine signaling pathway - Homo sapiens (human),Brain_Substantia_nigra,chr2_24891200_T_C_b38,rs10164466,ENSG00000138031.15,ADCY3,109,1.37373657182526e-08,-0.345566779375076,-29037
chr2,hsa04114,Oocyte meiosis - Homo sapiens (human),Brain_Substantia_nigra,chr2_24891200_T_C_b38,rs10164466,ENSG00000138031.15,ADCY3,109,1.37373657182526e-08,-0.345566779375076,-29037
chr2,hsa04270,Vascular smooth muscle contraction - Homo sapiens (human),Brain_Substantia_nigra,chr2_24891200_T_C_b38,rs10164466,ENSG00000138031.15,ADCY3,109,1.37373657182526e-08,-0.345566779375076,-29037
chr2,hsa04540,Gap junction - Homo sapiens (human),Brain_Substantia_nigra,chr2_24891200_T_C_b38,rs10164466,ENSG00000138031.15,ADCY3,109,1.37373657182526e-08,-0.345566779375076,-29037
chr2,hsa04740,Olfactory transduction - Homo sapiens (human),Brain_Substantia_nigra,chr2_24891200_T_C_b38,rs10164466,ENSG00000138031.15,ADCY3,109,1.37373657182526e-08,-0.345566779375076,-29037
chr2,hsa04912,GnRH signaling pathway - Homo sapiens (human),Brain_Substantia_nigra,chr2_24891200_T_C_b38,rs10164466,ENSG00000138031.15,ADCY3,109,1.37373657182526e-08,-0.345566779375076,-29037
chr2,hsa04914,Progesterone-mediated oocyte maturation - Homo sapiens (human),Brain_Substantia_nigra,chr2_24891200_T_C_b38,rs10164466,ENSG00000138031.15,ADCY3,109,1.37373657182526e-08,-0.345566779375076,-29037
chr2,hsa04916,Melanogenesis - Homo sapiens (human),Brain_Substantia_nigra,chr2_24891200_T_C_b38,rs10164466,ENSG00000138031.15,ADCY3,109,1.37373657182526e-08,-0.345566779375076,-29037
chr2,hsa04962,Vasopressin-regulated water reabsorption - Homo sapiens (human),Brain_Substantia_nigra,chr2_24891200_T_C_b38,rs10164466,ENSG00000138031.15,ADCY3,109,1.37373657182526e-08,-0.345566779375076,-29037
chr2,hsa04970,Salivary secretion - Homo sapiens (human),Brain_Substantia_nigra,chr2_24891200_T_C_b38,rs10164466,ENSG00000138031.15,ADCY3,109,1.37373657182526e-08,-0.345566779375076,-29037
chr2,hsa04971,Gastric acid secretion - Homo sapiens (human),Brain_Substantia_nigra,chr2_24891200_T_C_b38,rs10164466,ENSG00000138031.15,ADCY3,109,1.37373657182526e-08,-0.345566779375076,-29037
chr2,hsa04972,Pancreatic secretion - Homo sapiens (human),Brain_Substantia_nigra,chr2_24891200_T_C_b38,rs10164466,ENSG00000138031.15,ADCY3,109,1.37373657182526e-08,-0.345566779375076,-29037
chr2,hsa04976,Bile secretion - Homo sapiens (human),Brain_Substantia_nigra,chr2_24891200_T_C_b38,rs10164466,ENSG00000138031.15,ADCY3,109,1.37373657182526e-08,-0.345566779375076,-29037
chr2,hsa05110,Vibrio cholerae infection - Homo sapiens (human),Brain_Substantia_nigra,chr2_24891200_T_C_b38,rs10164466,ENSG00000138031.15,ADCY3,109,1.37373657182526e-08,-0.345566779375076,-29037
chr2,hsa05414,Dilated cardiomyopathy - Homo sapiens (human),Brain_Substantia_nigra,chr2_24891200_T_C_b38,rs10164466,ENSG00000138031.15,ADCY3,109,1.37373657182526e-08,-0.345566779375076,-29037
chr2,hsa00230,Purine metabolism - Homo sapiens (human),Brain_Substantia_nigra,chr2_24892374_A_G_b38,rs10165451,ENSG00000138031.15,ADCY3,109,9.55464985853233e-13,-0.402005583047867,-27863
chr2,hsa04020,Calcium signaling pathway - Homo sapiens (human),Brain_Substantia_nigra,chr2_24892374_A_G_b38,rs10165451,ENSG00000138031.15,ADCY3,109,9.55464985853233e-13,-0.402005583047867,-27863
chr2,hsa04062,Chemokine signaling pathway - Homo sapiens (human),Brain_Substantia_nigra,chr2_24892374_A_G_b38,rs10165451,ENSG00000138031.15,ADCY3,109,9.55464985853233e-13,-0.402005583047867,-27863
chr2,hsa04114,Oocyte meiosis - Homo sapiens (human),Brain_Substantia_nigra,chr2_24892374_A_G_b38,rs10165451,ENSG00000138031.15,ADCY3,109,9.55464985853233e-13,-0.402005583047867,-27863
chr2,hsa04270,Vascular smooth muscle contraction - Homo sapiens (human),Brain_Substantia_nigra,chr2_24892374_A_G_b38,rs10165451,ENSG00000138031.15,ADCY3,109,9.55464985853233e-13,-0.402005583047867,-27863
chr2,hsa04540,Gap junction - Homo sapiens (human),Brain_Substantia_nigra,chr2_24892374_A_G_b38,rs10165451,ENSG00000138031.15,ADCY3,109,9.55464985853233e-13,-0.402005583047867,-27863
chr2,hsa04740,Olfactory transduction - Homo sapiens (human),Brain_Substantia_nigra,chr2_24892374_A_G_b38,rs10165451,ENSG00000138031.15,ADCY3,109,9.55464985853233e-13,-0.402005583047867,-27863
chr2,hsa04912,GnRH signaling pathway - Homo sapiens (human),Brain_Substantia_nigra,chr2_24892374_A_G_b38,rs10165451,ENSG00000138031.15,ADCY3,109,9.55464985853233e-13,-0.402005583047867,-27863
chr2,hsa04914,Progesterone-mediated oocyte maturation - Homo sapiens (human),Brain_Substantia_nigra,chr2_24892374_A_G_b38,rs10165451,ENSG00000138031.15,ADCY3,109,9.55464985853233e-13,-0.402005583047867,-27863
chr2,hsa04916,Melanogenesis - Homo sapiens (human),Brain_Substantia_nigra,chr2_24892374_A_G_b38,rs10165451,ENSG00000138031.15,ADCY3,109,9.55464985853233e-13,-0.402005583047867,-27863
chr2,hsa04962,Vasopressin-regulated water reabsorption - Homo sapiens (human),Brain_Substantia_nigra,chr2_24892374_A_G_b38,rs10165451,ENSG00000138031.15,ADCY3,109,9.55464985853233e-13,-0.402005583047867,-27863
chr2,hsa04970,Salivary secretion - Homo sapiens (human),Brain_Substantia_nigra,chr2_24892374_A_G_b38,rs10165451,ENSG00000138031.15,ADCY3,109,9.55464985853233e-13,-0.402005583047867,-27863
chr2,hsa04971,Gastric acid secretion - Homo sapiens (human),Brain_Substantia_nigra,chr2_24892374_A_G_b38,rs10165451,ENSG00000138031.15,ADCY3,109,9.55464985853233e-13,-0.402005583047867,-27863
chr2,hsa04972,Pancreatic secretion - Homo sapiens (human),Brain_Substantia_nigra,chr2_24892374_A_G_b38,rs10165451,ENSG00000138031.15,ADCY3,109,9.55464985853233e-13,-0.402005583047867,-27863
chr2,hsa04976,Bile secretion - Homo sapiens (human),Brain_Substantia_nigra,chr2_24892374_A_G_b38,rs10165451,ENSG00000138031.15,ADCY3,109,9.55464985853233e-13,-0.402005583047867,-27863
chr2,hsa05110,Vibrio cholerae infection - Homo sapiens (human),Brain_Substantia_nigra,chr2_24892374_A_G_b38,rs10165451,ENSG00000138031.15,ADCY3,109,9.55464985853233e-13,-0.402005583047867,-27863
chr2,hsa05414,Dilated cardiomyopathy - Homo sapiens (human),Brain_Substantia_nigra,chr2_24892374_A_G_b38,rs10165451,ENSG00000138031.15,ADCY3,109,9.55464985853233e-13,-0.402005583047867,-27863
chr2,hsa00230,Purine metabolism - Homo sapiens (human),Brain_Substantia_nigra,chr2_24892563_G_C_b38,rs7608185,ENSG00000138031.15,ADCY3,109,2.58421325492901e-10,-0.387689650058746,-27674
chr2,hsa04020,Calcium signaling pathway - Homo sapiens (human),Brain_Substantia_nigra,chr2_24892563_G_C_b38,rs7608185,ENSG00000138031.15,ADCY3,109,2.58421325492901e-10,-0.387689650058746,-27674
chr2,hsa04062,Chemokine signaling pathway - Homo sapiens (human),Brain_Substantia_nigra,chr2_24892563_G_C_b38,rs7608185,ENSG00000138031.15,ADCY3,109,2.58421325492901e-10,-0.387689650058746,-27674
chr2,hsa04114,Oocyte meiosis - Homo sapiens (human),Brain_Substantia_nigra,chr2_24892563_G_C_b38,rs7608185,ENSG00000138031.15,ADCY3,109,2.58421325492901e-10,-0.387689650058746,-27674
chr2,hsa04270,Vascular smooth muscle contraction - Homo sapiens (human),Brain_Substantia_nigra,chr2_24892563_G_C_b38,rs7608185,ENSG00000138031.15,ADCY3,109,2.58421325492901e-10,-0.387689650058746,-27674
chr2,hsa04540,Gap junction - Homo sapiens (human),Brain_Substantia_nigra,chr2_24892563_G_C_b38,rs7608185,ENSG00000138031.15,ADCY3,109,2.58421325492901e-10,-0.387689650058746,-27674
chr2,hsa04740,Olfactory transduction - Homo sapiens (human),Brain_Substantia_nigra,chr2_24892563_G_C_b38,rs7608185,ENSG00000138031.15,ADCY3,109,2.58421325492901e-10,-0.387689650058746,-27674
chr2,hsa04912,GnRH signaling pathway - Homo sapiens (human),Brain_Substantia_nigra,chr2_24892563_G_C_b38,rs7608185,ENSG00000138031.15,ADCY3,109,2.58421325492901e-10,-0.387689650058746,-27674
chr2,hsa04914,Progesterone-mediated oocyte maturation - Homo sapiens (human),Brain_Substantia_nigra,chr2_24892563_G_C_b38,rs7608185,ENSG00000138031.15,ADCY3,109,2.58421325492901e-10,-0.387689650058746,-27674
chr2,hsa04916,Melanogenesis - Homo sapiens (human),Brain_Substantia_nigra,chr2_24892563_G_C_b38,rs7608185,ENSG00000138031.15,ADCY3,109,2.58421325492901e-10,-0.387689650058746,-27674
chr2,hsa04962,Vasopressin-regulated water reabsorption - Homo sapiens (human),Brain_Substantia_nigra,chr2_24892563_G_C_b38,rs7608185,ENSG00000138031.15,ADCY3,109,2.58421325492901e-10,-0.387689650058746,-27674
chr2,hsa04970,Salivary secretion - Homo sapiens (human),Brain_Substantia_nigra,chr2_24892563_G_C_b38,rs7608185,ENSG00000138031.15,ADCY3,109,2.58421325492901e-10,-0.387689650058746,-27674
chr2,hsa04971,Gastric acid secretion - Homo sapiens (human),Brain_Substantia_nigra,chr2_24892563_G_C_b38,rs7608185,ENSG00000138031.15,ADCY3,109,2.58421325492901e-10,-0.387689650058746,-27674
chr2,hsa04972,Pancreatic secretion - Homo sapiens (human),Brain_Substantia_nigra,chr2_24892563_G_C_b38,rs7608185,ENSG00000138031.15,ADCY3,109,2.58421325492901e-10,-0.387689650058746,-27674
chr2,hsa04976,Bile secretion - Homo sapiens (human),Brain_Substantia_nigra,chr2_24892563_G_C_b38,rs7608185,ENSG00000138031.15,ADCY3,109,2.58421325492901e-10,-0.387689650058746,-27674
chr2,hsa05110,Vibrio cholerae infection - Homo sapiens (human),Brain_Substantia_nigra,chr2_24892563_G_C_b38,rs7608185,ENSG00000138031.15,ADCY3,109,2.58421325492901e-10,-0.387689650058746,-27674
chr2,hsa05414,Dilated cardiomyopathy - Homo sapiens (human),Brain_Substantia_nigra,chr2_24892563_G_C_b38,rs7608185,ENSG00000138031.15,ADCY3,109,2.58421325492901e-10,-0.387689650058746,-27674
chr2,hsa00230,Purine metabolism - Homo sapiens (human),Brain_Substantia_nigra,chr2_24893587_C_T_b38,rs6736711,ENSG00000138031.15,ADCY3,109,2.58421325492901e-10,-0.387689650058746,-26650
chr2,hsa04020,Calcium signaling pathway - Homo sapiens (human),Brain_Substantia_nigra,chr2_24893587_C_T_b38,rs6736711,ENSG00000138031.15,ADCY3,109,2.58421325492901e-10,-0.387689650058746,-26650
chr2,hsa04062,Chemokine signaling pathway - Homo sapiens (human),Brain_Substantia_nigra,chr2_24893587_C_T_b38,rs6736711,ENSG00000138031.15,ADCY3,109,2.58421325492901e-10,-0.387689650058746,-26650
chr2,hsa04114,Oocyte meiosis - Homo sapiens (human),Brain_Substantia_nigra,chr2_24893587_C_T_b38,rs6736711,ENSG00000138031.15,ADCY3,109,2.58421325492901e-10,-0.387689650058746,-26650
chr2,hsa04270,Vascular smooth muscle contraction - Homo sapiens (human),Brain_Substantia_nigra,chr2_24893587_C_T_b38,rs6736711,ENSG00000138031.15,ADCY3,109,2.58421325492901e-10,-0.387689650058746,-26650
chr2,hsa04540,Gap junction - Homo sapiens (human),Brain_Substantia_nigra,chr2_24893587_C_T_b38,rs6736711,ENSG00000138031.15,ADCY3,109,2.58421325492901e-10,-0.387689650058746,-26650
chr2,hsa04740,Olfactory transduction - Homo sapiens (human),Brain_Substantia_nigra,chr2_24893587_C_T_b38,rs6736711,ENSG00000138031.15,ADCY3,109,2.58421325492901e-10,-0.387689650058746,-26650
chr2,hsa04912,GnRH signaling pathway - Homo sapiens (human),Brain_Substantia_nigra,chr2_24893587_C_T_b38,rs6736711,ENSG00000138031.15,ADCY3,109,2.58421325492901e-10,-0.387689650058746,-26650
chr2,hsa04914,Progesterone-mediated oocyte maturation - Homo sapiens (human),Brain_Substantia_nigra,chr2_24893587_C_T_b38,rs6736711,ENSG00000138031.15,ADCY3,109,2.58421325492901e-10,-0.387689650058746,-26650
chr2,hsa04916,Melanogenesis - Homo sapiens (human),Brain_Substantia_nigra,chr2_24893587_C_T_b38,rs6736711,ENSG00000138031.15,ADCY3,109,2.58421325492901e-10,-0.387689650058746,-26650
chr2,hsa04962,Vasopressin-regulated water reabsorption - Homo sapiens (human),Brain_Substantia_nigra,chr2_24893587_C_T_b38,rs6736711,ENSG00000138031.15,ADCY3,109,2.58421325492901e-10,-0.387689650058746,-26650
chr2,hsa04970,Salivary secretion - Homo sapiens (human),Brain_Substantia_nigra,chr2_24893587_C_T_b38,rs6736711,ENSG00000138031.15,ADCY3,109,2.58421325492901e-10,-0.387689650058746,-26650
chr2,hsa04971,Gastric acid secretion - Homo sapiens (human),Brain_Substantia_nigra,chr2_24893587_C_T_b38,rs6736711,ENSG00000138031.15,ADCY3,109,2.58421325492901e-10,-0.387689650058746,-26650
chr2,hsa04972,Pancreatic secretion - Homo sapiens (human),Brain_Substantia_nigra,chr2_24893587_C_T_b38,rs6736711,ENSG00000138031.15,ADCY3,109,2.58421325492901e-10,-0.387689650058746,-26650
chr2,hsa04976,Bile secretion - Homo sapiens (human),Brain_Substantia_nigra,chr2_24893587_C_T_b38,rs6736711,ENSG00000138031.15,ADCY3,109,2.58421325492901e-10,-0.387689650058746,-26650
chr2,hsa05110,Vibrio cholerae infection - Homo sapiens (human),Brain_Substantia_nigra,chr2_24893587_C_T_b38,rs6736711,ENSG00000138031.15,ADCY3,109,2.58421325492901e-10,-0.387689650058746,-26650
chr2,hsa05414,Dilated cardiomyopathy - Homo sapiens (human),Brain_Substantia_nigra,chr2_24893587_C_T_b38,rs6736711,ENSG00000138031.15,ADCY3,109,2.58421325492901e-10,-0.387689650058746,-26650
chr2,hsa00230,Purine metabolism - Homo sapiens (human),Brain_Substantia_nigra,chr2_24893914_C_T_b38,rs6545795,ENSG00000138031.15,ADCY3,109,1.2720433474008e-10,-0.386610597372055,-26323
chr2,hsa04020,Calcium signaling pathway - Homo sapiens (human),Brain_Substantia_nigra,chr2_24893914_C_T_b38,rs6545795,ENSG00000138031.15,ADCY3,109,1.2720433474008e-10,-0.386610597372055,-26323
chr2,hsa04062,Chemokine signaling pathway - Homo sapiens (human),Brain_Substantia_nigra,chr2_24893914_C_T_b38,rs6545795,ENSG00000138031.15,ADCY3,109,1.2720433474008e-10,-0.386610597372055,-26323
chr2,hsa04114,Oocyte meiosis - Homo sapiens (human),Brain_Substantia_nigra,chr2_24893914_C_T_b38,rs6545795,ENSG00000138031.15,ADCY3,109,1.2720433474008e-10,-0.386610597372055,-26323
chr2,hsa04270,Vascular smooth muscle contraction - Homo sapiens (human),Brain_Substantia_nigra,chr2_24893914_C_T_b38,rs6545795,ENSG00000138031.15,ADCY3,109,1.2720433474008e-10,-0.386610597372055,-26323
chr2,hsa04540,Gap junction - Homo sapiens (human),Brain_Substantia_nigra,chr2_24893914_C_T_b38,rs6545795,ENSG00000138031.15,ADCY3,109,1.2720433474008e-10,-0.386610597372055,-26323
chr2,hsa04740,Olfactory transduction - Homo sapiens (human),Brain_Substantia_nigra,chr2_24893914_C_T_b38,rs6545795,ENSG00000138031.15,ADCY3,109,1.2720433474008e-10,-0.386610597372055,-26323
chr2,hsa04912,GnRH signaling pathway - Homo sapiens (human),Brain_Substantia_nigra,chr2_24893914_C_T_b38,rs6545795,ENSG00000138031.15,ADCY3,109,1.2720433474008e-10,-0.386610597372055,-26323
chr2,hsa04914,Progesterone-mediated oocyte maturation - Homo sapiens (human),Brain_Substantia_nigra,chr2_24893914_C_T_b38,rs6545795,ENSG00000138031.15,ADCY3,109,1.2720433474008e-10,-0.386610597372055,-26323
chr2,hsa04916,Melanogenesis - Homo sapiens (human),Brain_Substantia_nigra,chr2_24893914_C_T_b38,rs6545795,ENSG00000138031.15,ADCY3,109,1.2720433474008e-10,-0.386610597372055,-26323
chr2,hsa04962,Vasopressin-regulated water reabsorption - Homo sapiens (human),Brain_Substantia_nigra,chr2_24893914_C_T_b38,rs6545795,ENSG00000138031.15,ADCY3,109,1.2720433474008e-10,-0.386610597372055,-26323
chr2,hsa04970,Salivary secretion - Homo sapiens (human),Brain_Substantia_nigra,chr2_24893914_C_T_b38,rs6545795,ENSG00000138031.15,ADCY3,109,1.2720433474008e-10,-0.386610597372055,-26323
chr2,hsa04971,Gastric acid secretion - Homo sapiens (human),Brain_Substantia_nigra,chr2_24893914_C_T_b38,rs6545795,ENSG00000138031.15,ADCY3,109,1.2720433474008e-10,-0.386610597372055,-26323
chr2,hsa04972,Pancreatic secretion - Homo sapiens (human),Brain_Substantia_nigra,chr2_24893914_C_T_b38,rs6545795,ENSG00000138031.15,ADCY3,109,1.2720433474008e-10,-0.386610597372055,-26323
chr2,hsa04976,Bile secretion - Homo sapiens (human),Brain_Substantia_nigra,chr2_24893914_C_T_b38,rs6545795,ENSG00000138031.15,ADCY3,109,1.2720433474008e-10,-0.386610597372055,-26323
chr2,hsa05110,Vibrio cholerae infection - Homo sapiens (human),Brain_Substantia_nigra,chr2_24893914_C_T_b38,rs6545795,ENSG00000138031.15,ADCY3,109,1.2720433474008e-10,-0.386610597372055,-26323
chr2,hsa05414,Dilated cardiomyopathy - Homo sapiens (human),Brain_Substantia_nigra,chr2_24893914_C_T_b38,rs6545795,ENSG00000138031.15,ADCY3,109,1.2720433474008e-10,-0.386610597372055,-26323
chr2,hsa00230,Purine metabolism - Homo sapiens (human),Brain_Substantia_nigra,chr2_24894097_T_C_b38,rs7603153,ENSG00000138031.15,ADCY3,109,2.58421325492901e-10,-0.387689650058746,-26140
chr2,hsa04020,Calcium signaling pathway - Homo sapiens (human),Brain_Substantia_nigra,chr2_24894097_T_C_b38,rs7603153,ENSG00000138031.15,ADCY3,109,2.58421325492901e-10,-0.387689650058746,-26140
chr2,hsa04062,Chemokine signaling pathway - Homo sapiens (human),Brain_Substantia_nigra,chr2_24894097_T_C_b38,rs7603153,ENSG00000138031.15,ADCY3,109,2.58421325492901e-10,-0.387689650058746,-26140
chr2,hsa04114,Oocyte meiosis - Homo sapiens (human),Brain_Substantia_nigra,chr2_24894097_T_C_b38,rs7603153,ENSG00000138031.15,ADCY3,109,2.58421325492901e-10,-0.387689650058746,-26140
chr2,hsa04270,Vascular smooth muscle contraction - Homo sapiens (human),Brain_Substantia_nigra,chr2_24894097_T_C_b38,rs7603153,ENSG00000138031.15,ADCY3,109,2.58421325492901e-10,-0.387689650058746,-26140
chr2,hsa04540,Gap junction - Homo sapiens (human),Brain_Substantia_nigra,chr2_24894097_T_C_b38,rs7603153,ENSG00000138031.15,ADCY3,109,2.58421325492901e-10,-0.387689650058746,-26140
chr2,hsa04740,Olfactory transduction - Homo sapiens (human),Brain_Substantia_nigra,chr2_24894097_T_C_b38,rs7603153,ENSG00000138031.15,ADCY3,109,2.58421325492901e-10,-0.387689650058746,-26140
chr2,hsa04912,GnRH signaling pathway - Homo sapiens (human),Brain_Substantia_nigra,chr2_24894097_T_C_b38,rs7603153,ENSG00000138031.15,ADCY3,109,2.58421325492901e-10,-0.387689650058746,-26140
chr2,hsa04914,Progesterone-mediated oocyte maturation - Homo sapiens (human),Brain_Substantia_nigra,chr2_24894097_T_C_b38,rs7603153,ENSG00000138031.15,ADCY3,109,2.58421325492901e-10,-0.387689650058746,-26140
chr2,hsa04916,Melanogenesis - Homo sapiens (human),Brain_Substantia_nigra,chr2_24894097_T_C_b38,rs7603153,ENSG00000138031.15,ADCY3,109,2.58421325492901e-10,-0.387689650058746,-26140
chr2,hsa04962,Vasopressin-regulated water reabsorption - Homo sapiens (human),Brain_Substantia_nigra,chr2_24894097_T_C_b38,rs7603153,ENSG00000138031.15,ADCY3,109,2.58421325492901e-10,-0.387689650058746,-26140
chr2,hsa04970,Salivary secretion - Homo sapiens (human),Brain_Substantia_nigra,chr2_24894097_T_C_b38,rs7603153,ENSG00000138031.15,ADCY3,109,2.58421325492901e-10,-0.387689650058746,-26140
chr2,hsa04971,Gastric acid secretion - Homo sapiens (human),Brain_Substantia_nigra,chr2_24894097_T_C_b38,rs7603153,ENSG00000138031.15,ADCY3,109,2.58421325492901e-10,-0.387689650058746,-26140
chr2,hsa04972,Pancreatic secretion - Homo sapiens (human),Brain_Substantia_nigra,chr2_24894097_T_C_b38,rs7603153,ENSG00000138031.15,ADCY3,109,2.58421325492901e-10,-0.387689650058746,-26140
chr2,hsa04976,Bile secretion - Homo sapiens (human),Brain_Substantia_nigra,chr2_24894097_T_C_b38,rs7603153,ENSG00000138031.15,ADCY3,109,2.58421325492901e-10,-0.387689650058746,-26140
chr2,hsa05110,Vibrio cholerae infection - Homo sapiens (human),Brain_Substantia_nigra,chr2_24894097_T_C_b38,rs7603153,ENSG00000138031.15,ADCY3,109,2.58421325492901e-10,-0.387689650058746,-26140
chr2,hsa05414,Dilated cardiomyopathy - Homo sapiens (human),Brain_Substantia_nigra,chr2_24894097_T_C_b38,rs7603153,ENSG00000138031.15,ADCY3,109,2.58421325492901e-10,-0.387689650058746,-26140
chr2,hsa00230,Purine metabolism - Homo sapiens (human),Brain_Substantia_nigra,chr2_24894108_C_T_b38,rs7586879,ENSG00000138031.15,ADCY3,109,2.58421325492901e-10,-0.387689650058746,-26129
chr2,hsa04020,Calcium signaling pathway - Homo sapiens (human),Brain_Substantia_nigra,chr2_24894108_C_T_b38,rs7586879,ENSG00000138031.15,ADCY3,109,2.58421325492901e-10,-0.387689650058746,-26129
chr2,hsa04062,Chemokine signaling pathway - Homo sapiens (human),Brain_Substantia_nigra,chr2_24894108_C_T_b38,rs7586879,ENSG00000138031.15,ADCY3,109,2.58421325492901e-10,-0.387689650058746,-26129
chr2,hsa04114,Oocyte meiosis - Homo sapiens (human),Brain_Substantia_nigra,chr2_24894108_C_T_b38,rs7586879,ENSG00000138031.15,ADCY3,109,2.58421325492901e-10,-0.387689650058746,-26129
chr2,hsa04270,Vascular smooth muscle contraction - Homo sapiens (human),Brain_Substantia_nigra,chr2_24894108_C_T_b38,rs7586879,ENSG00000138031.15,ADCY3,109,2.58421325492901e-10,-0.387689650058746,-26129
chr2,hsa04540,Gap junction - Homo sapiens (human),Brain_Substantia_nigra,chr2_24894108_C_T_b38,rs7586879,ENSG00000138031.15,ADCY3,109,2.58421325492901e-10,-0.387689650058746,-26129
chr2,hsa04740,Olfactory transduction - Homo sapiens (human),Brain_Substantia_nigra,chr2_24894108_C_T_b38,rs7586879,ENSG00000138031.15,ADCY3,109,2.58421325492901e-10,-0.387689650058746,-26129
chr2,hsa04912,GnRH signaling pathway - Homo sapiens (human),Brain_Substantia_nigra,chr2_24894108_C_T_b38,rs7586879,ENSG00000138031.15,ADCY3,109,2.58421325492901e-10,-0.387689650058746,-26129
chr2,hsa04914,Progesterone-mediated oocyte maturation - Homo sapiens (human),Brain_Substantia_nigra,chr2_24894108_C_T_b38,rs7586879,ENSG00000138031.15,ADCY3,109,2.58421325492901e-10,-0.387689650058746,-26129
chr2,hsa04916,Melanogenesis - Homo sapiens (human),Brain_Substantia_nigra,chr2_24894108_C_T_b38,rs7586879,ENSG00000138031.15,ADCY3,109,2.58421325492901e-10,-0.387689650058746,-26129
chr2,hsa04962,Vasopressin-regulated water reabsorption - Homo sapiens (human),Brain_Substantia_nigra,chr2_24894108_C_T_b38,rs7586879,ENSG00000138031.15,ADCY3,109,2.58421325492901e-10,-0.387689650058746,-26129
chr2,hsa04970,Salivary secretion - Homo sapiens (human),Brain_Substantia_nigra,chr2_24894108_C_T_b38,rs7586879,ENSG00000138031.15,ADCY3,109,2.58421325492901e-10,-0.387689650058746,-26129
chr2,hsa04971,Gastric acid secretion - Homo sapiens (human),Brain_Substantia_nigra,chr2_24894108_C_T_b38,rs7586879,ENSG00000138031.15,ADCY3,109,2.58421325492901e-10,-0.387689650058746,-26129
chr2,hsa04972,Pancreatic secretion - Homo sapiens (human),Brain_Substantia_nigra,chr2_24894108_C_T_b38,rs7586879,ENSG00000138031.15,ADCY3,109,2.58421325492901e-10,-0.387689650058746,-26129
chr2,hsa04976,Bile secretion - Homo sapiens (human),Brain_Substantia_nigra,chr2_24894108_C_T_b38,rs7586879,ENSG00000138031.15,ADCY3,109,2.58421325492901e-10,-0.387689650058746,-26129
chr2,hsa05110,Vibrio cholerae infection - Homo sapiens (human),Brain_Substantia_nigra,chr2_24894108_C_T_b38,rs7586879,ENSG00000138031.15,ADCY3,109,2.58421325492901e-10,-0.387689650058746,-26129
chr2,hsa05414,Dilated cardiomyopathy - Homo sapiens (human),Brain_Substantia_nigra,chr2_24894108_C_T_b38,rs7586879,ENSG00000138031.15,ADCY3,109,2.58421325492901e-10,-0.387689650058746,-26129
chr2,hsa00230,Purine metabolism - Homo sapiens (human),Brain_Substantia_nigra,chr2_24894346_A_G_b38,rs28836469,ENSG00000138031.15,ADCY3,109,8.46675538733406e-13,-0.407738238573074,-25891
chr2,hsa04020,Calcium signaling pathway - Homo sapiens (human),Brain_Substantia_nigra,chr2_24894346_A_G_b38,rs28836469,ENSG00000138031.15,ADCY3,109,8.46675538733406e-13,-0.407738238573074,-25891
chr2,hsa04062,Chemokine signaling pathway - Homo sapiens (human),Brain_Substantia_nigra,chr2_24894346_A_G_b38,rs28836469,ENSG00000138031.15,ADCY3,109,8.46675538733406e-13,-0.407738238573074,-25891
chr2,hsa04114,Oocyte meiosis - Homo sapiens (human),Brain_Substantia_nigra,chr2_24894346_A_G_b38,rs28836469,ENSG00000138031.15,ADCY3,109,8.46675538733406e-13,-0.407738238573074,-25891
chr2,hsa04270,Vascular smooth muscle contraction - Homo sapiens (human),Brain_Substantia_nigra,chr2_24894346_A_G_b38,rs28836469,ENSG00000138031.15,ADCY3,109,8.46675538733406e-13,-0.407738238573074,-25891
chr2,hsa04540,Gap junction - Homo sapiens (human),Brain_Substantia_nigra,chr2_24894346_A_G_b38,rs28836469,ENSG00000138031.15,ADCY3,109,8.46675538733406e-13,-0.407738238573074,-25891
chr2,hsa04740,Olfactory transduction - Homo sapiens (human),Brain_Substantia_nigra,chr2_24894346_A_G_b38,rs28836469,ENSG00000138031.15,ADCY3,109,8.46675538733406e-13,-0.407738238573074,-25891
chr2,hsa04912,GnRH signaling pathway - Homo sapiens (human),Brain_Substantia_nigra,chr2_24894346_A_G_b38,rs28836469,ENSG00000138031.15,ADCY3,109,8.46675538733406e-13,-0.407738238573074,-25891
chr2,hsa04914,Progesterone-mediated oocyte maturation - Homo sapiens (human),Brain_Substantia_nigra,chr2_24894346_A_G_b38,rs28836469,ENSG00000138031.15,ADCY3,109,8.46675538733406e-13,-0.407738238573074,-25891
chr2,hsa04916,Melanogenesis - Homo sapiens (human),Brain_Substantia_nigra,chr2_24894346_A_G_b38,rs28836469,ENSG00000138031.15,ADCY3,109,8.46675538733406e-13,-0.407738238573074,-25891
chr2,hsa04962,Vasopressin-regulated water reabsorption - Homo sapiens (human),Brain_Substantia_nigra,chr2_24894346_A_G_b38,rs28836469,ENSG00000138031.15,ADCY3,109,8.46675538733406e-13,-0.407738238573074,-25891
chr2,hsa04970,Salivary secretion - Homo sapiens (human),Brain_Substantia_nigra,chr2_24894346_A_G_b38,rs28836469,ENSG00000138031.15,ADCY3,109,8.46675538733406e-13,-0.407738238573074,-25891
chr2,hsa04971,Gastric acid secretion - Homo sapiens (human),Brain_Substantia_nigra,chr2_24894346_A_G_b38,rs28836469,ENSG00000138031.15,ADCY3,109,8.46675538733406e-13,-0.407738238573074,-25891
chr2,hsa04972,Pancreatic secretion - Homo sapiens (human),Brain_Substantia_nigra,chr2_24894346_A_G_b38,rs28836469,ENSG00000138031.15,ADCY3,109,8.46675538733406e-13,-0.407738238573074,-25891
chr2,hsa04976,Bile secretion - Homo sapiens (human),Brain_Substantia_nigra,chr2_24894346_A_G_b38,rs28836469,ENSG00000138031.15,ADCY3,109,8.46675538733406e-13,-0.407738238573074,-25891
chr2,hsa05110,Vibrio cholerae infection - Homo sapiens (human),Brain_Substantia_nigra,chr2_24894346_A_G_b38,rs28836469,ENSG00000138031.15,ADCY3,109,8.46675538733406e-13,-0.407738238573074,-25891
chr2,hsa05414,Dilated cardiomyopathy - Homo sapiens (human),Brain_Substantia_nigra,chr2_24894346_A_G_b38,rs28836469,ENSG00000138031.15,ADCY3,109,8.46675538733406e-13,-0.407738238573074,-25891
chr2,hsa00230,Purine metabolism - Homo sapiens (human),Brain_Substantia_nigra,chr2_24894668_T_C_b38,rs10175064,ENSG00000138031.15,ADCY3,109,2.58421325492901e-10,-0.387689650058746,-25569
chr2,hsa04020,Calcium signaling pathway - Homo sapiens (human),Brain_Substantia_nigra,chr2_24894668_T_C_b38,rs10175064,ENSG00000138031.15,ADCY3,109,2.58421325492901e-10,-0.387689650058746,-25569
chr2,hsa04062,Chemokine signaling pathway - Homo sapiens (human),Brain_Substantia_nigra,chr2_24894668_T_C_b38,rs10175064,ENSG00000138031.15,ADCY3,109,2.58421325492901e-10,-0.387689650058746,-25569
chr2,hsa04114,Oocyte meiosis - Homo sapiens (human),Brain_Substantia_nigra,chr2_24894668_T_C_b38,rs10175064,ENSG00000138031.15,ADCY3,109,2.58421325492901e-10,-0.387689650058746,-25569
chr2,hsa04270,Vascular smooth muscle contraction - Homo sapiens (human),Brain_Substantia_nigra,chr2_24894668_T_C_b38,rs10175064,ENSG00000138031.15,ADCY3,109,2.58421325492901e-10,-0.387689650058746,-25569
chr2,hsa04540,Gap junction - Homo sapiens (human),Brain_Substantia_nigra,chr2_24894668_T_C_b38,rs10175064,ENSG00000138031.15,ADCY3,109,2.58421325492901e-10,-0.387689650058746,-25569
chr2,hsa04740,Olfactory transduction - Homo sapiens (human),Brain_Substantia_nigra,chr2_24894668_T_C_b38,rs10175064,ENSG00000138031.15,ADCY3,109,2.58421325492901e-10,-0.387689650058746,-25569
chr2,hsa04912,GnRH signaling pathway - Homo sapiens (human),Brain_Substantia_nigra,chr2_24894668_T_C_b38,rs10175064,ENSG00000138031.15,ADCY3,109,2.58421325492901e-10,-0.387689650058746,-25569
chr2,hsa04914,Progesterone-mediated oocyte maturation - Homo sapiens (human),Brain_Substantia_nigra,chr2_24894668_T_C_b38,rs10175064,ENSG00000138031.15,ADCY3,109,2.58421325492901e-10,-0.387689650058746,-25569
chr2,hsa04916,Melanogenesis - Homo sapiens (human),Brain_Substantia_nigra,chr2_24894668_T_C_b38,rs10175064,ENSG00000138031.15,ADCY3,109,2.58421325492901e-10,-0.387689650058746,-25569
chr2,hsa04962,Vasopressin-regulated water reabsorption - Homo sapiens (human),Brain_Substantia_nigra,chr2_24894668_T_C_b38,rs10175064,ENSG00000138031.15,ADCY3,109,2.58421325492901e-10,-0.387689650058746,-25569
chr2,hsa04970,Salivary secretion - Homo sapiens (human),Brain_Substantia_nigra,chr2_24894668_T_C_b38,rs10175064,ENSG00000138031.15,ADCY3,109,2.58421325492901e-10,-0.387689650058746,-25569
chr2,hsa04971,Gastric acid secretion - Homo sapiens (human),Brain_Substantia_nigra,chr2_24894668_T_C_b38,rs10175064,ENSG00000138031.15,ADCY3,109,2.58421325492901e-10,-0.387689650058746,-25569
chr2,hsa04972,Pancreatic secretion - Homo sapiens (human),Brain_Substantia_nigra,chr2_24894668_T_C_b38,rs10175064,ENSG00000138031.15,ADCY3,109,2.58421325492901e-10,-0.387689650058746,-25569
chr2,hsa04976,Bile secretion - Homo sapiens (human),Brain_Substantia_nigra,chr2_24894668_T_C_b38,rs10175064,ENSG00000138031.15,ADCY3,109,2.58421325492901e-10,-0.387689650058746,-25569
chr2,hsa05110,Vibrio cholerae infection - Homo sapiens (human),Brain_Substantia_nigra,chr2_24894668_T_C_b38,rs10175064,ENSG00000138031.15,ADCY3,109,2.58421325492901e-10,-0.387689650058746,-25569
chr2,hsa05414,Dilated cardiomyopathy - Homo sapiens (human),Brain_Substantia_nigra,chr2_24894668_T_C_b38,rs10175064,ENSG00000138031.15,ADCY3,109,2.58421325492901e-10,-0.387689650058746,-25569
chr2,hsa00230,Purine metabolism - Homo sapiens (human),Brain_Substantia_nigra,chr2_24894803_C_T_b38,rs10207698,ENSG00000138031.15,ADCY3,109,2.58421325492901e-10,-0.387689650058746,-25434
chr2,hsa04020,Calcium signaling pathway - Homo sapiens (human),Brain_Substantia_nigra,chr2_24894803_C_T_b38,rs10207698,ENSG00000138031.15,ADCY3,109,2.58421325492901e-10,-0.387689650058746,-25434
chr2,hsa04062,Chemokine signaling pathway - Homo sapiens (human),Brain_Substantia_nigra,chr2_24894803_C_T_b38,rs10207698,ENSG00000138031.15,ADCY3,109,2.58421325492901e-10,-0.387689650058746,-25434
chr2,hsa04114,Oocyte meiosis - Homo sapiens (human),Brain_Substantia_nigra,chr2_24894803_C_T_b38,rs10207698,ENSG00000138031.15,ADCY3,109,2.58421325492901e-10,-0.387689650058746,-25434
chr2,hsa04270,Vascular smooth muscle contraction - Homo sapiens (human),Brain_Substantia_nigra,chr2_24894803_C_T_b38,rs10207698,ENSG00000138031.15,ADCY3,109,2.58421325492901e-10,-0.387689650058746,-25434
chr2,hsa04540,Gap junction - Homo sapiens (human),Brain_Substantia_nigra,chr2_24894803_C_T_b38,rs10207698,ENSG00000138031.15,ADCY3,109,2.58421325492901e-10,-0.387689650058746,-25434
chr2,hsa04740,Olfactory transduction - Homo sapiens (human),Brain_Substantia_nigra,chr2_24894803_C_T_b38,rs10207698,ENSG00000138031.15,ADCY3,109,2.58421325492901e-10,-0.387689650058746,-25434
chr2,hsa04912,GnRH signaling pathway - Homo sapiens (human),Brain_Substantia_nigra,chr2_24894803_C_T_b38,rs10207698,ENSG00000138031.15,ADCY3,109,2.58421325492901e-10,-0.387689650058746,-25434
chr2,hsa04914,Progesterone-mediated oocyte maturation - Homo sapiens (human),Brain_Substantia_nigra,chr2_24894803_C_T_b38,rs10207698,ENSG00000138031.15,ADCY3,109,2.58421325492901e-10,-0.387689650058746,-25434
chr2,hsa04916,Melanogenesis - Homo sapiens (human),Brain_Substantia_nigra,chr2_24894803_C_T_b38,rs10207698,ENSG00000138031.15,ADCY3,109,2.58421325492901e-10,-0.387689650058746,-25434
chr2,hsa04962,Vasopressin-regulated water reabsorption - Homo sapiens (human),Brain_Substantia_nigra,chr2_24894803_C_T_b38,rs10207698,ENSG00000138031.15,ADCY3,109,2.58421325492901e-10,-0.387689650058746,-25434
chr2,hsa04970,Salivary secretion - Homo sapiens (human),Brain_Substantia_nigra,chr2_24894803_C_T_b38,rs10207698,ENSG00000138031.15,ADCY3,109,2.58421325492901e-10,-0.387689650058746,-25434
chr2,hsa04971,Gastric acid secretion - Homo sapiens (human),Brain_Substantia_nigra,chr2_24894803_C_T_b38,rs10207698,ENSG00000138031.15,ADCY3,109,2.58421325492901e-10,-0.387689650058746,-25434
chr2,hsa04972,Pancreatic secretion - Homo sapiens (human),Brain_Substantia_nigra,chr2_24894803_C_T_b38,rs10207698,ENSG00000138031.15,ADCY3,109,2.58421325492901e-10,-0.387689650058746,-25434
chr2,hsa04976,Bile secretion - Homo sapiens (human),Brain_Substantia_nigra,chr2_24894803_C_T_b38,rs10207698,ENSG00000138031.15,ADCY3,109,2.58421325492901e-10,-0.387689650058746,-25434
chr2,hsa05110,Vibrio cholerae infection - Homo sapiens (human),Brain_Substantia_nigra,chr2_24894803_C_T_b38,rs10207698,ENSG00000138031.15,ADCY3,109,2.58421325492901e-10,-0.387689650058746,-25434
chr2,hsa05414,Dilated cardiomyopathy - Homo sapiens (human),Brain_Substantia_nigra,chr2_24894803_C_T_b38,rs10207698,ENSG00000138031.15,ADCY3,109,2.58421325492901e-10,-0.387689650058746,-25434
chr2,hsa00230,Purine metabolism - Homo sapiens (human),Brain_Substantia_nigra,chr2_24895151_T_C_b38,rs35033157,ENSG00000138031.15,ADCY3,109,2.58421325492901e-10,-0.387689650058746,-25086
chr2,hsa04020,Calcium signaling pathway - Homo sapiens (human),Brain_Substantia_nigra,chr2_24895151_T_C_b38,rs35033157,ENSG00000138031.15,ADCY3,109,2.58421325492901e-10,-0.387689650058746,-25086
chr2,hsa04062,Chemokine signaling pathway - Homo sapiens (human),Brain_Substantia_nigra,chr2_24895151_T_C_b38,rs35033157,ENSG00000138031.15,ADCY3,109,2.58421325492901e-10,-0.387689650058746,-25086
chr2,hsa04114,Oocyte meiosis - Homo sapiens (human),Brain_Substantia_nigra,chr2_24895151_T_C_b38,rs35033157,ENSG00000138031.15,ADCY3,109,2.58421325492901e-10,-0.387689650058746,-25086
chr2,hsa04270,Vascular smooth muscle contraction - Homo sapiens (human),Brain_Substantia_nigra,chr2_24895151_T_C_b38,rs35033157,ENSG00000138031.15,ADCY3,109,2.58421325492901e-10,-0.387689650058746,-25086
chr2,hsa04540,Gap junction - Homo sapiens (human),Brain_Substantia_nigra,chr2_24895151_T_C_b38,rs35033157,ENSG00000138031.15,ADCY3,109,2.58421325492901e-10,-0.387689650058746,-25086
chr2,hsa04740,Olfactory transduction - Homo sapiens (human),Brain_Substantia_nigra,chr2_24895151_T_C_b38,rs35033157,ENSG00000138031.15,ADCY3,109,2.58421325492901e-10,-0.387689650058746,-25086
chr2,hsa04912,GnRH signaling pathway - Homo sapiens (human),Brain_Substantia_nigra,chr2_24895151_T_C_b38,rs35033157,ENSG00000138031.15,ADCY3,109,2.58421325492901e-10,-0.387689650058746,-25086
chr2,hsa04914,Progesterone-mediated oocyte maturation - Homo sapiens (human),Brain_Substantia_nigra,chr2_24895151_T_C_b38,rs35033157,ENSG00000138031.15,ADCY3,109,2.58421325492901e-10,-0.387689650058746,-25086
chr2,hsa04916,Melanogenesis - Homo sapiens (human),Brain_Substantia_nigra,chr2_24895151_T_C_b38,rs35033157,ENSG00000138031.15,ADCY3,109,2.58421325492901e-10,-0.387689650058746,-25086
chr2,hsa04962,Vasopressin-regulated water reabsorption - Homo sapiens (human),Brain_Substantia_nigra,chr2_24895151_T_C_b38,rs35033157,ENSG00000138031.15,ADCY3,109,2.58421325492901e-10,-0.387689650058746,-25086
chr2,hsa04970,Salivary secretion - Homo sapiens (human),Brain_Substantia_nigra,chr2_24895151_T_C_b38,rs35033157,ENSG00000138031.15,ADCY3,109,2.58421325492901e-10,-0.387689650058746,-25086
chr2,hsa04971,Gastric acid secretion - Homo sapiens (human),Brain_Substantia_nigra,chr2_24895151_T_C_b38,rs35033157,ENSG00000138031.15,ADCY3,109,2.58421325492901e-10,-0.387689650058746,-25086
chr2,hsa04972,Pancreatic secretion - Homo sapiens (human),Brain_Substantia_nigra,chr2_24895151_T_C_b38,rs35033157,ENSG00000138031.15,ADCY3,109,2.58421325492901e-10,-0.387689650058746,-25086
chr2,hsa04976,Bile secretion - Homo sapiens (human),Brain_Substantia_nigra,chr2_24895151_T_C_b38,rs35033157,ENSG00000138031.15,ADCY3,109,2.58421325492901e-10,-0.387689650058746,-25086
chr2,hsa05110,Vibrio cholerae infection - Homo sapiens (human),Brain_Substantia_nigra,chr2_24895151_T_C_b38,rs35033157,ENSG00000138031.15,ADCY3,109,2.58421325492901e-10,-0.387689650058746,-25086
chr2,hsa05414,Dilated cardiomyopathy - Homo sapiens (human),Brain_Substantia_nigra,chr2_24895151_T_C_b38,rs35033157,ENSG00000138031.15,ADCY3,109,2.58421325492901e-10,-0.387689650058746,-25086
chr2,hsa00230,Purine metabolism - Homo sapiens (human),Brain_Substantia_nigra,chr2_24895299_C_CA_b38,rs34816357,ENSG00000138031.15,ADCY3,109,2.58420589794907e-10,-0.387689679861069,-24938
chr2,hsa04020,Calcium signaling pathway - Homo sapiens (human),Brain_Substantia_nigra,chr2_24895299_C_CA_b38,rs34816357,ENSG00000138031.15,ADCY3,109,2.58420589794907e-10,-0.387689679861069,-24938
chr2,hsa04062,Chemokine signaling pathway - Homo sapiens (human),Brain_Substantia_nigra,chr2_24895299_C_CA_b38,rs34816357,ENSG00000138031.15,ADCY3,109,2.58420589794907e-10,-0.387689679861069,-24938
chr2,hsa04114,Oocyte meiosis - Homo sapiens (human),Brain_Substantia_nigra,chr2_24895299_C_CA_b38,rs34816357,ENSG00000138031.15,ADCY3,109,2.58420589794907e-10,-0.387689679861069,-24938
chr2,hsa04270,Vascular smooth muscle contraction - Homo sapiens (human),Brain_Substantia_nigra,chr2_24895299_C_CA_b38,rs34816357,ENSG00000138031.15,ADCY3,109,2.58420589794907e-10,-0.387689679861069,-24938
chr2,hsa04540,Gap junction - Homo sapiens (human),Brain_Substantia_nigra,chr2_24895299_C_CA_b38,rs34816357,ENSG00000138031.15,ADCY3,109,2.58420589794907e-10,-0.387689679861069,-24938
chr2,hsa04740,Olfactory transduction - Homo sapiens (human),Brain_Substantia_nigra,chr2_24895299_C_CA_b38,rs34816357,ENSG00000138031.15,ADCY3,109,2.58420589794907e-10,-0.387689679861069,-24938
chr2,hsa04912,GnRH signaling pathway - Homo sapiens (human),Brain_Substantia_nigra,chr2_24895299_C_CA_b38,rs34816357,ENSG00000138031.15,ADCY3,109,2.58420589794907e-10,-0.387689679861069,-24938
chr2,hsa04914,Progesterone-mediated oocyte maturation - Homo sapiens (human),Brain_Substantia_nigra,chr2_24895299_C_CA_b38,rs34816357,ENSG00000138031.15,ADCY3,109,2.58420589794907e-10,-0.387689679861069,-24938
chr2,hsa04916,Melanogenesis - Homo sapiens (human),Brain_Substantia_nigra,chr2_24895299_C_CA_b38,rs34816357,ENSG00000138031.15,ADCY3,109,2.58420589794907e-10,-0.387689679861069,-24938
chr2,hsa04962,Vasopressin-regulated water reabsorption - Homo sapiens (human),Brain_Substantia_nigra,chr2_24895299_C_CA_b38,rs34816357,ENSG00000138031.15,ADCY3,109,2.58420589794907e-10,-0.387689679861069,-24938
chr2,hsa04970,Salivary secretion - Homo sapiens (human),Brain_Substantia_nigra,chr2_24895299_C_CA_b38,rs34816357,ENSG00000138031.15,ADCY3,109,2.58420589794907e-10,-0.387689679861069,-24938
chr2,hsa04971,Gastric acid secretion - Homo sapiens (human),Brain_Substantia_nigra,chr2_24895299_C_CA_b38,rs34816357,ENSG00000138031.15,ADCY3,109,2.58420589794907e-10,-0.387689679861069,-24938
chr2,hsa04972,Pancreatic secretion - Homo sapiens (human),Brain_Substantia_nigra,chr2_24895299_C_CA_b38,rs34816357,ENSG00000138031.15,ADCY3,109,2.58420589794907e-10,-0.387689679861069,-24938
chr2,hsa04976,Bile secretion - Homo sapiens (human),Brain_Substantia_nigra,chr2_24895299_C_CA_b38,rs34816357,ENSG00000138031.15,ADCY3,109,2.58420589794907e-10,-0.387689679861069,-24938
chr2,hsa05110,Vibrio cholerae infection - Homo sapiens (human),Brain_Substantia_nigra,chr2_24895299_C_CA_b38,rs34816357,ENSG00000138031.15,ADCY3,109,2.58420589794907e-10,-0.387689679861069,-24938
chr2,hsa05414,Dilated cardiomyopathy - Homo sapiens (human),Brain_Substantia_nigra,chr2_24895299_C_CA_b38,rs34816357,ENSG00000138031.15,ADCY3,109,2.58420589794907e-10,-0.387689679861069,-24938
chr2,hsa00230,Purine metabolism - Homo sapiens (human),Brain_Substantia_nigra,chr2_24895739_T_C_b38,rs6705446,ENSG00000138031.15,ADCY3,109,8.46675538733406e-13,-0.407738238573074,-24498
chr2,hsa04020,Calcium signaling pathway - Homo sapiens (human),Brain_Substantia_nigra,chr2_24895739_T_C_b38,rs6705446,ENSG00000138031.15,ADCY3,109,8.46675538733406e-13,-0.407738238573074,-24498
chr2,hsa04062,Chemokine signaling pathway - Homo sapiens (human),Brain_Substantia_nigra,chr2_24895739_T_C_b38,rs6705446,ENSG00000138031.15,ADCY3,109,8.46675538733406e-13,-0.407738238573074,-24498
chr2,hsa04114,Oocyte meiosis - Homo sapiens (human),Brain_Substantia_nigra,chr2_24895739_T_C_b38,rs6705446,ENSG00000138031.15,ADCY3,109,8.46675538733406e-13,-0.407738238573074,-24498
chr2,hsa04270,Vascular smooth muscle contraction - Homo sapiens (human),Brain_Substantia_nigra,chr2_24895739_T_C_b38,rs6705446,ENSG00000138031.15,ADCY3,109,8.46675538733406e-13,-0.407738238573074,-24498
chr2,hsa04540,Gap junction - Homo sapiens (human),Brain_Substantia_nigra,chr2_24895739_T_C_b38,rs6705446,ENSG00000138031.15,ADCY3,109,8.46675538733406e-13,-0.407738238573074,-24498
chr2,hsa04740,Olfactory transduction - Homo sapiens (human),Brain_Substantia_nigra,chr2_24895739_T_C_b38,rs6705446,ENSG00000138031.15,ADCY3,109,8.46675538733406e-13,-0.407738238573074,-24498
chr2,hsa04912,GnRH signaling pathway - Homo sapiens (human),Brain_Substantia_nigra,chr2_24895739_T_C_b38,rs6705446,ENSG00000138031.15,ADCY3,109,8.46675538733406e-13,-0.407738238573074,-24498
chr2,hsa04914,Progesterone-mediated oocyte maturation - Homo sapiens (human),Brain_Substantia_nigra,chr2_24895739_T_C_b38,rs6705446,ENSG00000138031.15,ADCY3,109,8.46675538733406e-13,-0.407738238573074,-24498
chr2,hsa04916,Melanogenesis - Homo sapiens (human),Brain_Substantia_nigra,chr2_24895739_T_C_b38,rs6705446,ENSG00000138031.15,ADCY3,109,8.46675538733406e-13,-0.407738238573074,-24498
chr2,hsa04962,Vasopressin-regulated water reabsorption - Homo sapiens (human),Brain_Substantia_nigra,chr2_24895739_T_C_b38,rs6705446,ENSG00000138031.15,ADCY3,109,8.46675538733406e-13,-0.407738238573074,-24498
chr2,hsa04970,Salivary secretion - Homo sapiens (human),Brain_Substantia_nigra,chr2_24895739_T_C_b38,rs6705446,ENSG00000138031.15,ADCY3,109,8.46675538733406e-13,-0.407738238573074,-24498
chr2,hsa04971,Gastric acid secretion - Homo sapiens (human),Brain_Substantia_nigra,chr2_24895739_T_C_b38,rs6705446,ENSG00000138031.15,ADCY3,109,8.46675538733406e-13,-0.407738238573074,-24498
chr2,hsa04972,Pancreatic secretion - Homo sapiens (human),Brain_Substantia_nigra,chr2_24895739_T_C_b38,rs6705446,ENSG00000138031.15,ADCY3,109,8.46675538733406e-13,-0.407738238573074,-24498
chr2,hsa04976,Bile secretion - Homo sapiens (human),Brain_Substantia_nigra,chr2_24895739_T_C_b38,rs6705446,ENSG00000138031.15,ADCY3,109,8.46675538733406e-13,-0.407738238573074,-24498
chr2,hsa05110,Vibrio cholerae infection - Homo sapiens (human),Brain_Substantia_nigra,chr2_24895739_T_C_b38,rs6705446,ENSG00000138031.15,ADCY3,109,8.46675538733406e-13,-0.407738238573074,-24498
chr2,hsa05414,Dilated cardiomyopathy - Homo sapiens (human),Brain_Substantia_nigra,chr2_24895739_T_C_b38,rs6705446,ENSG00000138031.15,ADCY3,109,8.46675538733406e-13,-0.407738238573074,-24498
chr2,hsa00230,Purine metabolism - Homo sapiens (human),Brain_Substantia_nigra,chr2_24896016_C_T_b38,rs6545800,ENSG00000138031.15,ADCY3,109,8.46675538733406e-13,-0.407738238573074,-24221
chr2,hsa04020,Calcium signaling pathway - Homo sapiens (human),Brain_Substantia_nigra,chr2_24896016_C_T_b38,rs6545800,ENSG00000138031.15,ADCY3,109,8.46675538733406e-13,-0.407738238573074,-24221
chr2,hsa04062,Chemokine signaling pathway - Homo sapiens (human),Brain_Substantia_nigra,chr2_24896016_C_T_b38,rs6545800,ENSG00000138031.15,ADCY3,109,8.46675538733406e-13,-0.407738238573074,-24221
chr2,hsa04114,Oocyte meiosis - Homo sapiens (human),Brain_Substantia_nigra,chr2_24896016_C_T_b38,rs6545800,ENSG00000138031.15,ADCY3,109,8.46675538733406e-13,-0.407738238573074,-24221
chr2,hsa04270,Vascular smooth muscle contraction - Homo sapiens (human),Brain_Substantia_nigra,chr2_24896016_C_T_b38,rs6545800,ENSG00000138031.15,ADCY3,109,8.46675538733406e-13,-0.407738238573074,-24221
chr2,hsa04540,Gap junction - Homo sapiens (human),Brain_Substantia_nigra,chr2_24896016_C_T_b38,rs6545800,ENSG00000138031.15,ADCY3,109,8.46675538733406e-13,-0.407738238573074,-24221
chr2,hsa04740,Olfactory transduction - Homo sapiens (human),Brain_Substantia_nigra,chr2_24896016_C_T_b38,rs6545800,ENSG00000138031.15,ADCY3,109,8.46675538733406e-13,-0.407738238573074,-24221
chr2,hsa04912,GnRH signaling pathway - Homo sapiens (human),Brain_Substantia_nigra,chr2_24896016_C_T_b38,rs6545800,ENSG00000138031.15,ADCY3,109,8.46675538733406e-13,-0.407738238573074,-24221
chr2,hsa04914,Progesterone-mediated oocyte maturation - Homo sapiens (human),Brain_Substantia_nigra,chr2_24896016_C_T_b38,rs6545800,ENSG00000138031.15,ADCY3,109,8.46675538733406e-13,-0.407738238573074,-24221
chr2,hsa04916,Melanogenesis - Homo sapiens (human),Brain_Substantia_nigra,chr2_24896016_C_T_b38,rs6545800,ENSG00000138031.15,ADCY3,109,8.46675538733406e-13,-0.407738238573074,-24221
chr2,hsa04962,Vasopressin-regulated water reabsorption - Homo sapiens (human),Brain_Substantia_nigra,chr2_24896016_C_T_b38,rs6545800,ENSG00000138031.15,ADCY3,109,8.46675538733406e-13,-0.407738238573074,-24221
chr2,hsa04970,Salivary secretion - Homo sapiens (human),Brain_Substantia_nigra,chr2_24896016_C_T_b38,rs6545800,ENSG00000138031.15,ADCY3,109,8.46675538733406e-13,-0.407738238573074,-24221
chr2,hsa04971,Gastric acid secretion - Homo sapiens (human),Brain_Substantia_nigra,chr2_24896016_C_T_b38,rs6545800,ENSG00000138031.15,ADCY3,109,8.46675538733406e-13,-0.407738238573074,-24221
chr2,hsa04972,Pancreatic secretion - Homo sapiens (human),Brain_Substantia_nigra,chr2_24896016_C_T_b38,rs6545800,ENSG00000138031.15,ADCY3,109,8.46675538733406e-13,-0.407738238573074,-24221
chr2,hsa04976,Bile secretion - Homo sapiens (human),Brain_Substantia_nigra,chr2_24896016_C_T_b38,rs6545800,ENSG00000138031.15,ADCY3,109,8.46675538733406e-13,-0.407738238573074,-24221
chr2,hsa05110,Vibrio cholerae infection - Homo sapiens (human),Brain_Substantia_nigra,chr2_24896016_C_T_b38,rs6545800,ENSG00000138031.15,ADCY3,109,8.46675538733406e-13,-0.407738238573074,-24221
chr2,hsa05414,Dilated cardiomyopathy - Homo sapiens (human),Brain_Substantia_nigra,chr2_24896016_C_T_b38,rs6545800,ENSG00000138031.15,ADCY3,109,8.46675538733406e-13,-0.407738238573074,-24221
chr2,hsa00230,Purine metabolism - Homo sapiens (human),Brain_Substantia_nigra,chr2_24897217_C_T_b38,rs6752483,ENSG00000138031.15,ADCY3,109,8.46675538733406e-13,-0.407738238573074,-23020
chr2,hsa04020,Calcium signaling pathway - Homo sapiens (human),Brain_Substantia_nigra,chr2_24897217_C_T_b38,rs6752483,ENSG00000138031.15,ADCY3,109,8.46675538733406e-13,-0.407738238573074,-23020
chr2,hsa04062,Chemokine signaling pathway - Homo sapiens (human),Brain_Substantia_nigra,chr2_24897217_C_T_b38,rs6752483,ENSG00000138031.15,ADCY3,109,8.46675538733406e-13,-0.407738238573074,-23020
chr2,hsa04114,Oocyte meiosis - Homo sapiens (human),Brain_Substantia_nigra,chr2_24897217_C_T_b38,rs6752483,ENSG00000138031.15,ADCY3,109,8.46675538733406e-13,-0.407738238573074,-23020
chr2,hsa04270,Vascular smooth muscle contraction - Homo sapiens (human),Brain_Substantia_nigra,chr2_24897217_C_T_b38,rs6752483,ENSG00000138031.15,ADCY3,109,8.46675538733406e-13,-0.407738238573074,-23020
chr2,hsa04540,Gap junction - Homo sapiens (human),Brain_Substantia_nigra,chr2_24897217_C_T_b38,rs6752483,ENSG00000138031.15,ADCY3,109,8.46675538733406e-13,-0.407738238573074,-23020
chr2,hsa04740,Olfactory transduction - Homo sapiens (human),Brain_Substantia_nigra,chr2_24897217_C_T_b38,rs6752483,ENSG00000138031.15,ADCY3,109,8.46675538733406e-13,-0.407738238573074,-23020
chr2,hsa04912,GnRH signaling pathway - Homo sapiens (human),Brain_Substantia_nigra,chr2_24897217_C_T_b38,rs6752483,ENSG00000138031.15,ADCY3,109,8.46675538733406e-13,-0.407738238573074,-23020
chr2,hsa04914,Progesterone-mediated oocyte maturation - Homo sapiens (human),Brain_Substantia_nigra,chr2_24897217_C_T_b38,rs6752483,ENSG00000138031.15,ADCY3,109,8.46675538733406e-13,-0.407738238573074,-23020
chr2,hsa04916,Melanogenesis - Homo sapiens (human),Brain_Substantia_nigra,chr2_24897217_C_T_b38,rs6752483,ENSG00000138031.15,ADCY3,109,8.46675538733406e-13,-0.407738238573074,-23020
chr2,hsa04962,Vasopressin-regulated water reabsorption - Homo sapiens (human),Brain_Substantia_nigra,chr2_24897217_C_T_b38,rs6752483,ENSG00000138031.15,ADCY3,109,8.46675538733406e-13,-0.407738238573074,-23020
chr2,hsa04970,Salivary secretion - Homo sapiens (human),Brain_Substantia_nigra,chr2_24897217_C_T_b38,rs6752483,ENSG00000138031.15,ADCY3,109,8.46675538733406e-13,-0.407738238573074,-23020
chr2,hsa04971,Gastric acid secretion - Homo sapiens (human),Brain_Substantia_nigra,chr2_24897217_C_T_b38,rs6752483,ENSG00000138031.15,ADCY3,109,8.46675538733406e-13,-0.407738238573074,-23020
chr2,hsa04972,Pancreatic secretion - Homo sapiens (human),Brain_Substantia_nigra,chr2_24897217_C_T_b38,rs6752483,ENSG00000138031.15,ADCY3,109,8.46675538733406e-13,-0.407738238573074,-23020
chr2,hsa04976,Bile secretion - Homo sapiens (human),Brain_Substantia_nigra,chr2_24897217_C_T_b38,rs6752483,ENSG00000138031.15,ADCY3,109,8.46675538733406e-13,-0.407738238573074,-23020
chr2,hsa05110,Vibrio cholerae infection - Homo sapiens (human),Brain_Substantia_nigra,chr2_24897217_C_T_b38,rs6752483,ENSG00000138031.15,ADCY3,109,8.46675538733406e-13,-0.407738238573074,-23020
chr2,hsa05414,Dilated cardiomyopathy - Homo sapiens (human),Brain_Substantia_nigra,chr2_24897217_C_T_b38,rs6752483,ENSG00000138031.15,ADCY3,109,8.46675538733406e-13,-0.407738238573074,-23020
chr2,hsa00230,Purine metabolism - Homo sapiens (human),Brain_Substantia_nigra,chr2_24897327_T_C_b38,rs11683212,ENSG00000138031.15,ADCY3,109,2.58421325492901e-10,-0.387689650058746,-22910
chr2,hsa04020,Calcium signaling pathway - Homo sapiens (human),Brain_Substantia_nigra,chr2_24897327_T_C_b38,rs11683212,ENSG00000138031.15,ADCY3,109,2.58421325492901e-10,-0.387689650058746,-22910
chr2,hsa04062,Chemokine signaling pathway - Homo sapiens (human),Brain_Substantia_nigra,chr2_24897327_T_C_b38,rs11683212,ENSG00000138031.15,ADCY3,109,2.58421325492901e-10,-0.387689650058746,-22910
chr2,hsa04114,Oocyte meiosis - Homo sapiens (human),Brain_Substantia_nigra,chr2_24897327_T_C_b38,rs11683212,ENSG00000138031.15,ADCY3,109,2.58421325492901e-10,-0.387689650058746,-22910
chr2,hsa04270,Vascular smooth muscle contraction - Homo sapiens (human),Brain_Substantia_nigra,chr2_24897327_T_C_b38,rs11683212,ENSG00000138031.15,ADCY3,109,2.58421325492901e-10,-0.387689650058746,-22910
chr2,hsa04540,Gap junction - Homo sapiens (human),Brain_Substantia_nigra,chr2_24897327_T_C_b38,rs11683212,ENSG00000138031.15,ADCY3,109,2.58421325492901e-10,-0.387689650058746,-22910
chr2,hsa04740,Olfactory transduction - Homo sapiens (human),Brain_Substantia_nigra,chr2_24897327_T_C_b38,rs11683212,ENSG00000138031.15,ADCY3,109,2.58421325492901e-10,-0.387689650058746,-22910
chr2,hsa04912,GnRH signaling pathway - Homo sapiens (human),Brain_Substantia_nigra,chr2_24897327_T_C_b38,rs11683212,ENSG00000138031.15,ADCY3,109,2.58421325492901e-10,-0.387689650058746,-22910
chr2,hsa04914,Progesterone-mediated oocyte maturation - Homo sapiens (human),Brain_Substantia_nigra,chr2_24897327_T_C_b38,rs11683212,ENSG00000138031.15,ADCY3,109,2.58421325492901e-10,-0.387689650058746,-22910
chr2,hsa04916,Melanogenesis - Homo sapiens (human),Brain_Substantia_nigra,chr2_24897327_T_C_b38,rs11683212,ENSG00000138031.15,ADCY3,109,2.58421325492901e-10,-0.387689650058746,-22910
chr2,hsa04962,Vasopressin-regulated water reabsorption - Homo sapiens (human),Brain_Substantia_nigra,chr2_24897327_T_C_b38,rs11683212,ENSG00000138031.15,ADCY3,109,2.58421325492901e-10,-0.387689650058746,-22910
chr2,hsa04970,Salivary secretion - Homo sapiens (human),Brain_Substantia_nigra,chr2_24897327_T_C_b38,rs11683212,ENSG00000138031.15,ADCY3,109,2.58421325492901e-10,-0.387689650058746,-22910
chr2,hsa04971,Gastric acid secretion - Homo sapiens (human),Brain_Substantia_nigra,chr2_24897327_T_C_b38,rs11683212,ENSG00000138031.15,ADCY3,109,2.58421325492901e-10,-0.387689650058746,-22910
chr2,hsa04972,Pancreatic secretion - Homo sapiens (human),Brain_Substantia_nigra,chr2_24897327_T_C_b38,rs11683212,ENSG00000138031.15,ADCY3,109,2.58421325492901e-10,-0.387689650058746,-22910
chr2,hsa04976,Bile secretion - Homo sapiens (human),Brain_Substantia_nigra,chr2_24897327_T_C_b38,rs11683212,ENSG00000138031.15,ADCY3,109,2.58421325492901e-10,-0.387689650058746,-22910
chr2,hsa05110,Vibrio cholerae infection - Homo sapiens (human),Brain_Substantia_nigra,chr2_24897327_T_C_b38,rs11683212,ENSG00000138031.15,ADCY3,109,2.58421325492901e-10,-0.387689650058746,-22910
chr2,hsa05414,Dilated cardiomyopathy - Homo sapiens (human),Brain_Substantia_nigra,chr2_24897327_T_C_b38,rs11683212,ENSG00000138031.15,ADCY3,109,2.58421325492901e-10,-0.387689650058746,-22910
chr2,hsa00230,Purine metabolism - Homo sapiens (human),Brain_Substantia_nigra,chr2_24897844_G_C_b38,rs6723803,ENSG00000138031.15,ADCY3,109,8.46675538733406e-13,-0.407738238573074,-22393
chr2,hsa04020,Calcium signaling pathway - Homo sapiens (human),Brain_Substantia_nigra,chr2_24897844_G_C_b38,rs6723803,ENSG00000138031.15,ADCY3,109,8.46675538733406e-13,-0.407738238573074,-22393
chr2,hsa04062,Chemokine signaling pathway - Homo sapiens (human),Brain_Substantia_nigra,chr2_24897844_G_C_b38,rs6723803,ENSG00000138031.15,ADCY3,109,8.46675538733406e-13,-0.407738238573074,-22393
chr2,hsa04114,Oocyte meiosis - Homo sapiens (human),Brain_Substantia_nigra,chr2_24897844_G_C_b38,rs6723803,ENSG00000138031.15,ADCY3,109,8.46675538733406e-13,-0.407738238573074,-22393
chr2,hsa04270,Vascular smooth muscle contraction - Homo sapiens (human),Brain_Substantia_nigra,chr2_24897844_G_C_b38,rs6723803,ENSG00000138031.15,ADCY3,109,8.46675538733406e-13,-0.407738238573074,-22393
chr2,hsa04540,Gap junction - Homo sapiens (human),Brain_Substantia_nigra,chr2_24897844_G_C_b38,rs6723803,ENSG00000138031.15,ADCY3,109,8.46675538733406e-13,-0.407738238573074,-22393
chr2,hsa04740,Olfactory transduction - Homo sapiens (human),Brain_Substantia_nigra,chr2_24897844_G_C_b38,rs6723803,ENSG00000138031.15,ADCY3,109,8.46675538733406e-13,-0.407738238573074,-22393
chr2,hsa04912,GnRH signaling pathway - Homo sapiens (human),Brain_Substantia_nigra,chr2_24897844_G_C_b38,rs6723803,ENSG00000138031.15,ADCY3,109,8.46675538733406e-13,-0.407738238573074,-22393
chr2,hsa04914,Progesterone-mediated oocyte maturation - Homo sapiens (human),Brain_Substantia_nigra,chr2_24897844_G_C_b38,rs6723803,ENSG00000138031.15,ADCY3,109,8.46675538733406e-13,-0.407738238573074,-22393
chr2,hsa04916,Melanogenesis - Homo sapiens (human),Brain_Substantia_nigra,chr2_24897844_G_C_b38,rs6723803,ENSG00000138031.15,ADCY3,109,8.46675538733406e-13,-0.407738238573074,-22393
chr2,hsa04962,Vasopressin-regulated water reabsorption - Homo sapiens (human),Brain_Substantia_nigra,chr2_24897844_G_C_b38,rs6723803,ENSG00000138031.15,ADCY3,109,8.46675538733406e-13,-0.407738238573074,-22393
chr2,hsa04970,Salivary secretion - Homo sapiens (human),Brain_Substantia_nigra,chr2_24897844_G_C_b38,rs6723803,ENSG00000138031.15,ADCY3,109,8.46675538733406e-13,-0.407738238573074,-22393
chr2,hsa04971,Gastric acid secretion - Homo sapiens (human),Brain_Substantia_nigra,chr2_24897844_G_C_b38,rs6723803,ENSG00000138031.15,ADCY3,109,8.46675538733406e-13,-0.407738238573074,-22393
chr2,hsa04972,Pancreatic secretion - Homo sapiens (human),Brain_Substantia_nigra,chr2_24897844_G_C_b38,rs6723803,ENSG00000138031.15,ADCY3,109,8.46675538733406e-13,-0.407738238573074,-22393
chr2,hsa04976,Bile secretion - Homo sapiens (human),Brain_Substantia_nigra,chr2_24897844_G_C_b38,rs6723803,ENSG00000138031.15,ADCY3,109,8.46675538733406e-13,-0.407738238573074,-22393
chr2,hsa05110,Vibrio cholerae infection - Homo sapiens (human),Brain_Substantia_nigra,chr2_24897844_G_C_b38,rs6723803,ENSG00000138031.15,ADCY3,109,8.46675538733406e-13,-0.407738238573074,-22393
chr2,hsa05414,Dilated cardiomyopathy - Homo sapiens (human),Brain_Substantia_nigra,chr2_24897844_G_C_b38,rs6723803,ENSG00000138031.15,ADCY3,109,8.46675538733406e-13,-0.407738238573074,-22393
chr2,hsa00230,Purine metabolism - Homo sapiens (human),Brain_Substantia_nigra,chr2_24897864_T_A_b38,rs11683429,ENSG00000138031.15,ADCY3,109,1.37373657182526e-08,-0.345566779375076,-22373
chr2,hsa04020,Calcium signaling pathway - Homo sapiens (human),Brain_Substantia_nigra,chr2_24897864_T_A_b38,rs11683429,ENSG00000138031.15,ADCY3,109,1.37373657182526e-08,-0.345566779375076,-22373
chr2,hsa04062,Chemokine signaling pathway - Homo sapiens (human),Brain_Substantia_nigra,chr2_24897864_T_A_b38,rs11683429,ENSG00000138031.15,ADCY3,109,1.37373657182526e-08,-0.345566779375076,-22373
chr2,hsa04114,Oocyte meiosis - Homo sapiens (human),Brain_Substantia_nigra,chr2_24897864_T_A_b38,rs11683429,ENSG00000138031.15,ADCY3,109,1.37373657182526e-08,-0.345566779375076,-22373
chr2,hsa04270,Vascular smooth muscle contraction - Homo sapiens (human),Brain_Substantia_nigra,chr2_24897864_T_A_b38,rs11683429,ENSG00000138031.15,ADCY3,109,1.37373657182526e-08,-0.345566779375076,-22373
chr2,hsa04540,Gap junction - Homo sapiens (human),Brain_Substantia_nigra,chr2_24897864_T_A_b38,rs11683429,ENSG00000138031.15,ADCY3,109,1.37373657182526e-08,-0.345566779375076,-22373
chr2,hsa04740,Olfactory transduction - Homo sapiens (human),Brain_Substantia_nigra,chr2_24897864_T_A_b38,rs11683429,ENSG00000138031.15,ADCY3,109,1.37373657182526e-08,-0.345566779375076,-22373
chr2,hsa04912,GnRH signaling pathway - Homo sapiens (human),Brain_Substantia_nigra,chr2_24897864_T_A_b38,rs11683429,ENSG00000138031.15,ADCY3,109,1.37373657182526e-08,-0.345566779375076,-22373
chr2,hsa04914,Progesterone-mediated oocyte maturation - Homo sapiens (human),Brain_Substantia_nigra,chr2_24897864_T_A_b38,rs11683429,ENSG00000138031.15,ADCY3,109,1.37373657182526e-08,-0.345566779375076,-22373
chr2,hsa04916,Melanogenesis - Homo sapiens (human),Brain_Substantia_nigra,chr2_24897864_T_A_b38,rs11683429,ENSG00000138031.15,ADCY3,109,1.37373657182526e-08,-0.345566779375076,-22373
chr2,hsa04962,Vasopressin-regulated water reabsorption - Homo sapiens (human),Brain_Substantia_nigra,chr2_24897864_T_A_b38,rs11683429,ENSG00000138031.15,ADCY3,109,1.37373657182526e-08,-0.345566779375076,-22373
chr2,hsa04970,Salivary secretion - Homo sapiens (human),Brain_Substantia_nigra,chr2_24897864_T_A_b38,rs11683429,ENSG00000138031.15,ADCY3,109,1.37373657182526e-08,-0.345566779375076,-22373
chr2,hsa04971,Gastric acid secretion - Homo sapiens (human),Brain_Substantia_nigra,chr2_24897864_T_A_b38,rs11683429,ENSG00000138031.15,ADCY3,109,1.37373657182526e-08,-0.345566779375076,-22373
chr2,hsa04972,Pancreatic secretion - Homo sapiens (human),Brain_Substantia_nigra,chr2_24897864_T_A_b38,rs11683429,ENSG00000138031.15,ADCY3,109,1.37373657182526e-08,-0.345566779375076,-22373
chr2,hsa04976,Bile secretion - Homo sapiens (human),Brain_Substantia_nigra,chr2_24897864_T_A_b38,rs11683429,ENSG00000138031.15,ADCY3,109,1.37373657182526e-08,-0.345566779375076,-22373
chr2,hsa05110,Vibrio cholerae infection - Homo sapiens (human),Brain_Substantia_nigra,chr2_24897864_T_A_b38,rs11683429,ENSG00000138031.15,ADCY3,109,1.37373657182526e-08,-0.345566779375076,-22373
chr2,hsa05414,Dilated cardiomyopathy - Homo sapiens (human),Brain_Substantia_nigra,chr2_24897864_T_A_b38,rs11683429,ENSG00000138031.15,ADCY3,109,1.37373657182526e-08,-0.345566779375076,-22373
chr2,hsa00230,Purine metabolism - Homo sapiens (human),Brain_Substantia_nigra,chr2_24897865_C_G_b38,rs74752557,ENSG00000138031.15,ADCY3,109,2.88771761582532e-08,-0.382623702287674,-22372
chr2,hsa04020,Calcium signaling pathway - Homo sapiens (human),Brain_Substantia_nigra,chr2_24897865_C_G_b38,rs74752557,ENSG00000138031.15,ADCY3,109,2.88771761582532e-08,-0.382623702287674,-22372
chr2,hsa04062,Chemokine signaling pathway - Homo sapiens (human),Brain_Substantia_nigra,chr2_24897865_C_G_b38,rs74752557,ENSG00000138031.15,ADCY3,109,2.88771761582532e-08,-0.382623702287674,-22372
chr2,hsa04114,Oocyte meiosis - Homo sapiens (human),Brain_Substantia_nigra,chr2_24897865_C_G_b38,rs74752557,ENSG00000138031.15,ADCY3,109,2.88771761582532e-08,-0.382623702287674,-22372
chr2,hsa04270,Vascular smooth muscle contraction - Homo sapiens (human),Brain_Substantia_nigra,chr2_24897865_C_G_b38,rs74752557,ENSG00000138031.15,ADCY3,109,2.88771761582532e-08,-0.382623702287674,-22372
chr2,hsa04540,Gap junction - Homo sapiens (human),Brain_Substantia_nigra,chr2_24897865_C_G_b38,rs74752557,ENSG00000138031.15,ADCY3,109,2.88771761582532e-08,-0.382623702287674,-22372
chr2,hsa04740,Olfactory transduction - Homo sapiens (human),Brain_Substantia_nigra,chr2_24897865_C_G_b38,rs74752557,ENSG00000138031.15,ADCY3,109,2.88771761582532e-08,-0.382623702287674,-22372
chr2,hsa04912,GnRH signaling pathway - Homo sapiens (human),Brain_Substantia_nigra,chr2_24897865_C_G_b38,rs74752557,ENSG00000138031.15,ADCY3,109,2.88771761582532e-08,-0.382623702287674,-22372
chr2,hsa04914,Progesterone-mediated oocyte maturation - Homo sapiens (human),Brain_Substantia_nigra,chr2_24897865_C_G_b38,rs74752557,ENSG00000138031.15,ADCY3,109,2.88771761582532e-08,-0.382623702287674,-22372
chr2,hsa04916,Melanogenesis - Homo sapiens (human),Brain_Substantia_nigra,chr2_24897865_C_G_b38,rs74752557,ENSG00000138031.15,ADCY3,109,2.88771761582532e-08,-0.382623702287674,-22372
chr2,hsa04962,Vasopressin-regulated water reabsorption - Homo sapiens (human),Brain_Substantia_nigra,chr2_24897865_C_G_b38,rs74752557,ENSG00000138031.15,ADCY3,109,2.88771761582532e-08,-0.382623702287674,-22372
chr2,hsa04970,Salivary secretion - Homo sapiens (human),Brain_Substantia_nigra,chr2_24897865_C_G_b38,rs74752557,ENSG00000138031.15,ADCY3,109,2.88771761582532e-08,-0.382623702287674,-22372
chr2,hsa04971,Gastric acid secretion - Homo sapiens (human),Brain_Substantia_nigra,chr2_24897865_C_G_b38,rs74752557,ENSG00000138031.15,ADCY3,109,2.88771761582532e-08,-0.382623702287674,-22372
chr2,hsa04972,Pancreatic secretion - Homo sapiens (human),Brain_Substantia_nigra,chr2_24897865_C_G_b38,rs74752557,ENSG00000138031.15,ADCY3,109,2.88771761582532e-08,-0.382623702287674,-22372
chr2,hsa04976,Bile secretion - Homo sapiens (human),Brain_Substantia_nigra,chr2_24897865_C_G_b38,rs74752557,ENSG00000138031.15,ADCY3,109,2.88771761582532e-08,-0.382623702287674,-22372
chr2,hsa05110,Vibrio cholerae infection - Homo sapiens (human),Brain_Substantia_nigra,chr2_24897865_C_G_b38,rs74752557,ENSG00000138031.15,ADCY3,109,2.88771761582532e-08,-0.382623702287674,-22372
chr2,hsa05414,Dilated cardiomyopathy - Homo sapiens (human),Brain_Substantia_nigra,chr2_24897865_C_G_b38,rs74752557,ENSG00000138031.15,ADCY3,109,2.88771761582532e-08,-0.382623702287674,-22372
chr2,hsa00230,Purine metabolism - Homo sapiens (human),Brain_Substantia_nigra,chr2_24897982_T_C_b38,rs6713978,ENSG00000138031.15,ADCY3,109,8.46675538733406e-13,-0.407738238573074,-22255
chr2,hsa04020,Calcium signaling pathway - Homo sapiens (human),Brain_Substantia_nigra,chr2_24897982_T_C_b38,rs6713978,ENSG00000138031.15,ADCY3,109,8.46675538733406e-13,-0.407738238573074,-22255
chr2,hsa04062,Chemokine signaling pathway - Homo sapiens (human),Brain_Substantia_nigra,chr2_24897982_T_C_b38,rs6713978,ENSG00000138031.15,ADCY3,109,8.46675538733406e-13,-0.407738238573074,-22255
chr2,hsa04114,Oocyte meiosis - Homo sapiens (human),Brain_Substantia_nigra,chr2_24897982_T_C_b38,rs6713978,ENSG00000138031.15,ADCY3,109,8.46675538733406e-13,-0.407738238573074,-22255
chr2,hsa04270,Vascular smooth muscle contraction - Homo sapiens (human),Brain_Substantia_nigra,chr2_24897982_T_C_b38,rs6713978,ENSG00000138031.15,ADCY3,109,8.46675538733406e-13,-0.407738238573074,-22255
chr2,hsa04540,Gap junction - Homo sapiens (human),Brain_Substantia_nigra,chr2_24897982_T_C_b38,rs6713978,ENSG00000138031.15,ADCY3,109,8.46675538733406e-13,-0.407738238573074,-22255
chr2,hsa04740,Olfactory transduction - Homo sapiens (human),Brain_Substantia_nigra,chr2_24897982_T_C_b38,rs6713978,ENSG00000138031.15,ADCY3,109,8.46675538733406e-13,-0.407738238573074,-22255
chr2,hsa04912,GnRH signaling pathway - Homo sapiens (human),Brain_Substantia_nigra,chr2_24897982_T_C_b38,rs6713978,ENSG00000138031.15,ADCY3,109,8.46675538733406e-13,-0.407738238573074,-22255
chr2,hsa04914,Progesterone-mediated oocyte maturation - Homo sapiens (human),Brain_Substantia_nigra,chr2_24897982_T_C_b38,rs6713978,ENSG00000138031.15,ADCY3,109,8.46675538733406e-13,-0.407738238573074,-22255
chr2,hsa04916,Melanogenesis - Homo sapiens (human),Brain_Substantia_nigra,chr2_24897982_T_C_b38,rs6713978,ENSG00000138031.15,ADCY3,109,8.46675538733406e-13,-0.407738238573074,-22255
chr2,hsa04962,Vasopressin-regulated water reabsorption - Homo sapiens (human),Brain_Substantia_nigra,chr2_24897982_T_C_b38,rs6713978,ENSG00000138031.15,ADCY3,109,8.46675538733406e-13,-0.407738238573074,-22255
chr2,hsa04970,Salivary secretion - Homo sapiens (human),Brain_Substantia_nigra,chr2_24897982_T_C_b38,rs6713978,ENSG00000138031.15,ADCY3,109,8.46675538733406e-13,-0.407738238573074,-22255
chr2,hsa04971,Gastric acid secretion - Homo sapiens (human),Brain_Substantia_nigra,chr2_24897982_T_C_b38,rs6713978,ENSG00000138031.15,ADCY3,109,8.46675538733406e-13,-0.407738238573074,-22255
chr2,hsa04972,Pancreatic secretion - Homo sapiens (human),Brain_Substantia_nigra,chr2_24897982_T_C_b38,rs6713978,ENSG00000138031.15,ADCY3,109,8.46675538733406e-13,-0.407738238573074,-22255
chr2,hsa04976,Bile secretion - Homo sapiens (human),Brain_Substantia_nigra,chr2_24897982_T_C_b38,rs6713978,ENSG00000138031.15,ADCY3,109,8.46675538733406e-13,-0.407738238573074,-22255
chr2,hsa05110,Vibrio cholerae infection - Homo sapiens (human),Brain_Substantia_nigra,chr2_24897982_T_C_b38,rs6713978,ENSG00000138031.15,ADCY3,109,8.46675538733406e-13,-0.407738238573074,-22255
chr2,hsa05414,Dilated cardiomyopathy - Homo sapiens (human),Brain_Substantia_nigra,chr2_24897982_T_C_b38,rs6713978,ENSG00000138031.15,ADCY3,109,8.46675538733406e-13,-0.407738238573074,-22255
chr2,hsa00230,Purine metabolism - Homo sapiens (human),Brain_Substantia_nigra,chr2_24898256_C_A_b38,rs6756609,ENSG00000138031.15,ADCY3,109,8.46675538733406e-13,-0.407738238573074,-21981
chr2,hsa04020,Calcium signaling pathway - Homo sapiens (human),Brain_Substantia_nigra,chr2_24898256_C_A_b38,rs6756609,ENSG00000138031.15,ADCY3,109,8.46675538733406e-13,-0.407738238573074,-21981
chr2,hsa04062,Chemokine signaling pathway - Homo sapiens (human),Brain_Substantia_nigra,chr2_24898256_C_A_b38,rs6756609,ENSG00000138031.15,ADCY3,109,8.46675538733406e-13,-0.407738238573074,-21981
chr2,hsa04114,Oocyte meiosis - Homo sapiens (human),Brain_Substantia_nigra,chr2_24898256_C_A_b38,rs6756609,ENSG00000138031.15,ADCY3,109,8.46675538733406e-13,-0.407738238573074,-21981
chr2,hsa04270,Vascular smooth muscle contraction - Homo sapiens (human),Brain_Substantia_nigra,chr2_24898256_C_A_b38,rs6756609,ENSG00000138031.15,ADCY3,109,8.46675538733406e-13,-0.407738238573074,-21981
chr2,hsa04540,Gap junction - Homo sapiens (human),Brain_Substantia_nigra,chr2_24898256_C_A_b38,rs6756609,ENSG00000138031.15,ADCY3,109,8.46675538733406e-13,-0.407738238573074,-21981
chr2,hsa04740,Olfactory transduction - Homo sapiens (human),Brain_Substantia_nigra,chr2_24898256_C_A_b38,rs6756609,ENSG00000138031.15,ADCY3,109,8.46675538733406e-13,-0.407738238573074,-21981
chr2,hsa04912,GnRH signaling pathway - Homo sapiens (human),Brain_Substantia_nigra,chr2_24898256_C_A_b38,rs6756609,ENSG00000138031.15,ADCY3,109,8.46675538733406e-13,-0.407738238573074,-21981
chr2,hsa04914,Progesterone-mediated oocyte maturation - Homo sapiens (human),Brain_Substantia_nigra,chr2_24898256_C_A_b38,rs6756609,ENSG00000138031.15,ADCY3,109,8.46675538733406e-13,-0.407738238573074,-21981
chr2,hsa04916,Melanogenesis - Homo sapiens (human),Brain_Substantia_nigra,chr2_24898256_C_A_b38,rs6756609,ENSG00000138031.15,ADCY3,109,8.46675538733406e-13,-0.407738238573074,-21981
chr2,hsa04962,Vasopressin-regulated water reabsorption - Homo sapiens (human),Brain_Substantia_nigra,chr2_24898256_C_A_b38,rs6756609,ENSG00000138031.15,ADCY3,109,8.46675538733406e-13,-0.407738238573074,-21981
chr2,hsa04970,Salivary secretion - Homo sapiens (human),Brain_Substantia_nigra,chr2_24898256_C_A_b38,rs6756609,ENSG00000138031.15,ADCY3,109,8.46675538733406e-13,-0.407738238573074,-21981
chr2,hsa04971,Gastric acid secretion - Homo sapiens (human),Brain_Substantia_nigra,chr2_24898256_C_A_b38,rs6756609,ENSG00000138031.15,ADCY3,109,8.46675538733406e-13,-0.407738238573074,-21981
chr2,hsa04972,Pancreatic secretion - Homo sapiens (human),Brain_Substantia_nigra,chr2_24898256_C_A_b38,rs6756609,ENSG00000138031.15,ADCY3,109,8.46675538733406e-13,-0.407738238573074,-21981
chr2,hsa04976,Bile secretion - Homo sapiens (human),Brain_Substantia_nigra,chr2_24898256_C_A_b38,rs6756609,ENSG00000138031.15,ADCY3,109,8.46675538733406e-13,-0.407738238573074,-21981
chr2,hsa05110,Vibrio cholerae infection - Homo sapiens (human),Brain_Substantia_nigra,chr2_24898256_C_A_b38,rs6756609,ENSG00000138031.15,ADCY3,109,8.46675538733406e-13,-0.407738238573074,-21981
chr2,hsa05414,Dilated cardiomyopathy - Homo sapiens (human),Brain_Substantia_nigra,chr2_24898256_C_A_b38,rs6756609,ENSG00000138031.15,ADCY3,109,8.46675538733406e-13,-0.407738238573074,-21981
chr2,hsa00230,Purine metabolism - Homo sapiens (human),Brain_Substantia_nigra,chr2_24898299_G_T_b38,rs11688665,ENSG00000138031.15,ADCY3,109,1.59198775709887e-09,-0.371793776750565,-21938
chr2,hsa04020,Calcium signaling pathway - Homo sapiens (human),Brain_Substantia_nigra,chr2_24898299_G_T_b38,rs11688665,ENSG00000138031.15,ADCY3,109,1.59198775709887e-09,-0.371793776750565,-21938
chr2,hsa04062,Chemokine signaling pathway - Homo sapiens (human),Brain_Substantia_nigra,chr2_24898299_G_T_b38,rs11688665,ENSG00000138031.15,ADCY3,109,1.59198775709887e-09,-0.371793776750565,-21938
chr2,hsa04114,Oocyte meiosis - Homo sapiens (human),Brain_Substantia_nigra,chr2_24898299_G_T_b38,rs11688665,ENSG00000138031.15,ADCY3,109,1.59198775709887e-09,-0.371793776750565,-21938
chr2,hsa04270,Vascular smooth muscle contraction - Homo sapiens (human),Brain_Substantia_nigra,chr2_24898299_G_T_b38,rs11688665,ENSG00000138031.15,ADCY3,109,1.59198775709887e-09,-0.371793776750565,-21938
chr2,hsa04540,Gap junction - Homo sapiens (human),Brain_Substantia_nigra,chr2_24898299_G_T_b38,rs11688665,ENSG00000138031.15,ADCY3,109,1.59198775709887e-09,-0.371793776750565,-21938
chr2,hsa04740,Olfactory transduction - Homo sapiens (human),Brain_Substantia_nigra,chr2_24898299_G_T_b38,rs11688665,ENSG00000138031.15,ADCY3,109,1.59198775709887e-09,-0.371793776750565,-21938
chr2,hsa04912,GnRH signaling pathway - Homo sapiens (human),Brain_Substantia_nigra,chr2_24898299_G_T_b38,rs11688665,ENSG00000138031.15,ADCY3,109,1.59198775709887e-09,-0.371793776750565,-21938
chr2,hsa04914,Progesterone-mediated oocyte maturation - Homo sapiens (human),Brain_Substantia_nigra,chr2_24898299_G_T_b38,rs11688665,ENSG00000138031.15,ADCY3,109,1.59198775709887e-09,-0.371793776750565,-21938
chr2,hsa04916,Melanogenesis - Homo sapiens (human),Brain_Substantia_nigra,chr2_24898299_G_T_b38,rs11688665,ENSG00000138031.15,ADCY3,109,1.59198775709887e-09,-0.371793776750565,-21938
chr2,hsa04962,Vasopressin-regulated water reabsorption - Homo sapiens (human),Brain_Substantia_nigra,chr2_24898299_G_T_b38,rs11688665,ENSG00000138031.15,ADCY3,109,1.59198775709887e-09,-0.371793776750565,-21938
chr2,hsa04970,Salivary secretion - Homo sapiens (human),Brain_Substantia_nigra,chr2_24898299_G_T_b38,rs11688665,ENSG00000138031.15,ADCY3,109,1.59198775709887e-09,-0.371793776750565,-21938
chr2,hsa04971,Gastric acid secretion - Homo sapiens (human),Brain_Substantia_nigra,chr2_24898299_G_T_b38,rs11688665,ENSG00000138031.15,ADCY3,109,1.59198775709887e-09,-0.371793776750565,-21938
chr2,hsa04972,Pancreatic secretion - Homo sapiens (human),Brain_Substantia_nigra,chr2_24898299_G_T_b38,rs11688665,ENSG00000138031.15,ADCY3,109,1.59198775709887e-09,-0.371793776750565,-21938
chr2,hsa04976,Bile secretion - Homo sapiens (human),Brain_Substantia_nigra,chr2_24898299_G_T_b38,rs11688665,ENSG00000138031.15,ADCY3,109,1.59198775709887e-09,-0.371793776750565,-21938
chr2,hsa05110,Vibrio cholerae infection - Homo sapiens (human),Brain_Substantia_nigra,chr2_24898299_G_T_b38,rs11688665,ENSG00000138031.15,ADCY3,109,1.59198775709887e-09,-0.371793776750565,-21938
chr2,hsa05414,Dilated cardiomyopathy - Homo sapiens (human),Brain_Substantia_nigra,chr2_24898299_G_T_b38,rs11688665,ENSG00000138031.15,ADCY3,109,1.59198775709887e-09,-0.371793776750565,-21938
chr2,hsa00230,Purine metabolism - Homo sapiens (human),Brain_Substantia_nigra,chr2_24899377_C_T_b38,rs13012304,ENSG00000138031.15,ADCY3,109,2.68324261763555e-08,-0.342482388019562,-20860
chr2,hsa04020,Calcium signaling pathway - Homo sapiens (human),Brain_Substantia_nigra,chr2_24899377_C_T_b38,rs13012304,ENSG00000138031.15,ADCY3,109,2.68324261763555e-08,-0.342482388019562,-20860
chr2,hsa04062,Chemokine signaling pathway - Homo sapiens (human),Brain_Substantia_nigra,chr2_24899377_C_T_b38,rs13012304,ENSG00000138031.15,ADCY3,109,2.68324261763555e-08,-0.342482388019562,-20860
chr2,hsa04114,Oocyte meiosis - Homo sapiens (human),Brain_Substantia_nigra,chr2_24899377_C_T_b38,rs13012304,ENSG00000138031.15,ADCY3,109,2.68324261763555e-08,-0.342482388019562,-20860
chr2,hsa04270,Vascular smooth muscle contraction - Homo sapiens (human),Brain_Substantia_nigra,chr2_24899377_C_T_b38,rs13012304,ENSG00000138031.15,ADCY3,109,2.68324261763555e-08,-0.342482388019562,-20860
chr2,hsa04540,Gap junction - Homo sapiens (human),Brain_Substantia_nigra,chr2_24899377_C_T_b38,rs13012304,ENSG00000138031.15,ADCY3,109,2.68324261763555e-08,-0.342482388019562,-20860
chr2,hsa04740,Olfactory transduction - Homo sapiens (human),Brain_Substantia_nigra,chr2_24899377_C_T_b38,rs13012304,ENSG00000138031.15,ADCY3,109,2.68324261763555e-08,-0.342482388019562,-20860
chr2,hsa04912,GnRH signaling pathway - Homo sapiens (human),Brain_Substantia_nigra,chr2_24899377_C_T_b38,rs13012304,ENSG00000138031.15,ADCY3,109,2.68324261763555e-08,-0.342482388019562,-20860
chr2,hsa04914,Progesterone-mediated oocyte maturation - Homo sapiens (human),Brain_Substantia_nigra,chr2_24899377_C_T_b38,rs13012304,ENSG00000138031.15,ADCY3,109,2.68324261763555e-08,-0.342482388019562,-20860
chr2,hsa04916,Melanogenesis - Homo sapiens (human),Brain_Substantia_nigra,chr2_24899377_C_T_b38,rs13012304,ENSG00000138031.15,ADCY3,109,2.68324261763555e-08,-0.342482388019562,-20860
chr2,hsa04962,Vasopressin-regulated water reabsorption - Homo sapiens (human),Brain_Substantia_nigra,chr2_24899377_C_T_b38,rs13012304,ENSG00000138031.15,ADCY3,109,2.68324261763555e-08,-0.342482388019562,-20860
chr2,hsa04970,Salivary secretion - Homo sapiens (human),Brain_Substantia_nigra,chr2_24899377_C_T_b38,rs13012304,ENSG00000138031.15,ADCY3,109,2.68324261763555e-08,-0.342482388019562,-20860
chr2,hsa04971,Gastric acid secretion - Homo sapiens (human),Brain_Substantia_nigra,chr2_24899377_C_T_b38,rs13012304,ENSG00000138031.15,ADCY3,109,2.68324261763555e-08,-0.342482388019562,-20860
chr2,hsa04972,Pancreatic secretion - Homo sapiens (human),Brain_Substantia_nigra,chr2_24899377_C_T_b38,rs13012304,ENSG00000138031.15,ADCY3,109,2.68324261763555e-08,-0.342482388019562,-20860
chr2,hsa04976,Bile secretion - Homo sapiens (human),Brain_Substantia_nigra,chr2_24899377_C_T_b38,rs13012304,ENSG00000138031.15,ADCY3,109,2.68324261763555e-08,-0.342482388019562,-20860
chr2,hsa05110,Vibrio cholerae infection - Homo sapiens (human),Brain_Substantia_nigra,chr2_24899377_C_T_b38,rs13012304,ENSG00000138031.15,ADCY3,109,2.68324261763555e-08,-0.342482388019562,-20860
chr2,hsa05414,Dilated cardiomyopathy - Homo sapiens (human),Brain_Substantia_nigra,chr2_24899377_C_T_b38,rs13012304,ENSG00000138031.15,ADCY3,109,2.68324261763555e-08,-0.342482388019562,-20860
chr2,hsa00230,Purine metabolism - Homo sapiens (human),Brain_Substantia_nigra,chr2_24899454_A_C_b38,rs6718510,ENSG00000138031.15,ADCY3,109,1.12099368990586e-11,-0.393774330615997,-20783
chr2,hsa04020,Calcium signaling pathway - Homo sapiens (human),Brain_Substantia_nigra,chr2_24899454_A_C_b38,rs6718510,ENSG00000138031.15,ADCY3,109,1.12099368990586e-11,-0.393774330615997,-20783
chr2,hsa04062,Chemokine signaling pathway - Homo sapiens (human),Brain_Substantia_nigra,chr2_24899454_A_C_b38,rs6718510,ENSG00000138031.15,ADCY3,109,1.12099368990586e-11,-0.393774330615997,-20783
chr2,hsa04114,Oocyte meiosis - Homo sapiens (human),Brain_Substantia_nigra,chr2_24899454_A_C_b38,rs6718510,ENSG00000138031.15,ADCY3,109,1.12099368990586e-11,-0.393774330615997,-20783
chr2,hsa04270,Vascular smooth muscle contraction - Homo sapiens (human),Brain_Substantia_nigra,chr2_24899454_A_C_b38,rs6718510,ENSG00000138031.15,ADCY3,109,1.12099368990586e-11,-0.393774330615997,-20783
chr2,hsa04540,Gap junction - Homo sapiens (human),Brain_Substantia_nigra,chr2_24899454_A_C_b38,rs6718510,ENSG00000138031.15,ADCY3,109,1.12099368990586e-11,-0.393774330615997,-20783
chr2,hsa04740,Olfactory transduction - Homo sapiens (human),Brain_Substantia_nigra,chr2_24899454_A_C_b38,rs6718510,ENSG00000138031.15,ADCY3,109,1.12099368990586e-11,-0.393774330615997,-20783
chr2,hsa04912,GnRH signaling pathway - Homo sapiens (human),Brain_Substantia_nigra,chr2_24899454_A_C_b38,rs6718510,ENSG00000138031.15,ADCY3,109,1.12099368990586e-11,-0.393774330615997,-20783
chr2,hsa04914,Progesterone-mediated oocyte maturation - Homo sapiens (human),Brain_Substantia_nigra,chr2_24899454_A_C_b38,rs6718510,ENSG00000138031.15,ADCY3,109,1.12099368990586e-11,-0.393774330615997,-20783
chr2,hsa04916,Melanogenesis - Homo sapiens (human),Brain_Substantia_nigra,chr2_24899454_A_C_b38,rs6718510,ENSG00000138031.15,ADCY3,109,1.12099368990586e-11,-0.393774330615997,-20783
chr2,hsa04962,Vasopressin-regulated water reabsorption - Homo sapiens (human),Brain_Substantia_nigra,chr2_24899454_A_C_b38,rs6718510,ENSG00000138031.15,ADCY3,109,1.12099368990586e-11,-0.393774330615997,-20783
chr2,hsa04970,Salivary secretion - Homo sapiens (human),Brain_Substantia_nigra,chr2_24899454_A_C_b38,rs6718510,ENSG00000138031.15,ADCY3,109,1.12099368990586e-11,-0.393774330615997,-20783
chr2,hsa04971,Gastric acid secretion - Homo sapiens (human),Brain_Substantia_nigra,chr2_24899454_A_C_b38,rs6718510,ENSG00000138031.15,ADCY3,109,1.12099368990586e-11,-0.393774330615997,-20783
chr2,hsa04972,Pancreatic secretion - Homo sapiens (human),Brain_Substantia_nigra,chr2_24899454_A_C_b38,rs6718510,ENSG00000138031.15,ADCY3,109,1.12099368990586e-11,-0.393774330615997,-20783
chr2,hsa04976,Bile secretion - Homo sapiens (human),Brain_Substantia_nigra,chr2_24899454_A_C_b38,rs6718510,ENSG00000138031.15,ADCY3,109,1.12099368990586e-11,-0.393774330615997,-20783
chr2,hsa05110,Vibrio cholerae infection - Homo sapiens (human),Brain_Substantia_nigra,chr2_24899454_A_C_b38,rs6718510,ENSG00000138031.15,ADCY3,109,1.12099368990586e-11,-0.393774330615997,-20783
chr2,hsa05414,Dilated cardiomyopathy - Homo sapiens (human),Brain_Substantia_nigra,chr2_24899454_A_C_b38,rs6718510,ENSG00000138031.15,ADCY3,109,1.12099368990586e-11,-0.393774330615997,-20783
chr2,hsa00230,Purine metabolism - Homo sapiens (human),Brain_Substantia_nigra,chr2_24899455_A_G_b38,rs6718511,ENSG00000138031.15,ADCY3,109,3.29074704104361e-12,-0.401132971048355,-20782
chr2,hsa04020,Calcium signaling pathway - Homo sapiens (human),Brain_Substantia_nigra,chr2_24899455_A_G_b38,rs6718511,ENSG00000138031.15,ADCY3,109,3.29074704104361e-12,-0.401132971048355,-20782
chr2,hsa04062,Chemokine signaling pathway - Homo sapiens (human),Brain_Substantia_nigra,chr2_24899455_A_G_b38,rs6718511,ENSG00000138031.15,ADCY3,109,3.29074704104361e-12,-0.401132971048355,-20782
chr2,hsa04114,Oocyte meiosis - Homo sapiens (human),Brain_Substantia_nigra,chr2_24899455_A_G_b38,rs6718511,ENSG00000138031.15,ADCY3,109,3.29074704104361e-12,-0.401132971048355,-20782
chr2,hsa04270,Vascular smooth muscle contraction - Homo sapiens (human),Brain_Substantia_nigra,chr2_24899455_A_G_b38,rs6718511,ENSG00000138031.15,ADCY3,109,3.29074704104361e-12,-0.401132971048355,-20782
chr2,hsa04540,Gap junction - Homo sapiens (human),Brain_Substantia_nigra,chr2_24899455_A_G_b38,rs6718511,ENSG00000138031.15,ADCY3,109,3.29074704104361e-12,-0.401132971048355,-20782
chr2,hsa04740,Olfactory transduction - Homo sapiens (human),Brain_Substantia_nigra,chr2_24899455_A_G_b38,rs6718511,ENSG00000138031.15,ADCY3,109,3.29074704104361e-12,-0.401132971048355,-20782
chr2,hsa04912,GnRH signaling pathway - Homo sapiens (human),Brain_Substantia_nigra,chr2_24899455_A_G_b38,rs6718511,ENSG00000138031.15,ADCY3,109,3.29074704104361e-12,-0.401132971048355,-20782
chr2,hsa04914,Progesterone-mediated oocyte maturation - Homo sapiens (human),Brain_Substantia_nigra,chr2_24899455_A_G_b38,rs6718511,ENSG00000138031.15,ADCY3,109,3.29074704104361e-12,-0.401132971048355,-20782
chr2,hsa04916,Melanogenesis - Homo sapiens (human),Brain_Substantia_nigra,chr2_24899455_A_G_b38,rs6718511,ENSG00000138031.15,ADCY3,109,3.29074704104361e-12,-0.401132971048355,-20782
chr2,hsa04962,Vasopressin-regulated water reabsorption - Homo sapiens (human),Brain_Substantia_nigra,chr2_24899455_A_G_b38,rs6718511,ENSG00000138031.15,ADCY3,109,3.29074704104361e-12,-0.401132971048355,-20782
chr2,hsa04970,Salivary secretion - Homo sapiens (human),Brain_Substantia_nigra,chr2_24899455_A_G_b38,rs6718511,ENSG00000138031.15,ADCY3,109,3.29074704104361e-12,-0.401132971048355,-20782
chr2,hsa04971,Gastric acid secretion - Homo sapiens (human),Brain_Substantia_nigra,chr2_24899455_A_G_b38,rs6718511,ENSG00000138031.15,ADCY3,109,3.29074704104361e-12,-0.401132971048355,-20782
chr2,hsa04972,Pancreatic secretion - Homo sapiens (human),Brain_Substantia_nigra,chr2_24899455_A_G_b38,rs6718511,ENSG00000138031.15,ADCY3,109,3.29074704104361e-12,-0.401132971048355,-20782
chr2,hsa04976,Bile secretion - Homo sapiens (human),Brain_Substantia_nigra,chr2_24899455_A_G_b38,rs6718511,ENSG00000138031.15,ADCY3,109,3.29074704104361e-12,-0.401132971048355,-20782
chr2,hsa05110,Vibrio cholerae infection - Homo sapiens (human),Brain_Substantia_nigra,chr2_24899455_A_G_b38,rs6718511,ENSG00000138031.15,ADCY3,109,3.29074704104361e-12,-0.401132971048355,-20782
chr2,hsa05414,Dilated cardiomyopathy - Homo sapiens (human),Brain_Substantia_nigra,chr2_24899455_A_G_b38,rs6718511,ENSG00000138031.15,ADCY3,109,3.29074704104361e-12,-0.401132971048355,-20782
chr2,hsa00230,Purine metabolism - Homo sapiens (human),Brain_Substantia_nigra,chr2_24899929_G_C_b38,rs4077677,ENSG00000138031.15,ADCY3,109,1.37373657182526e-08,-0.345566779375076,-20308
chr2,hsa04020,Calcium signaling pathway - Homo sapiens (human),Brain_Substantia_nigra,chr2_24899929_G_C_b38,rs4077677,ENSG00000138031.15,ADCY3,109,1.37373657182526e-08,-0.345566779375076,-20308
chr2,hsa04062,Chemokine signaling pathway - Homo sapiens (human),Brain_Substantia_nigra,chr2_24899929_G_C_b38,rs4077677,ENSG00000138031.15,ADCY3,109,1.37373657182526e-08,-0.345566779375076,-20308
chr2,hsa04114,Oocyte meiosis - Homo sapiens (human),Brain_Substantia_nigra,chr2_24899929_G_C_b38,rs4077677,ENSG00000138031.15,ADCY3,109,1.37373657182526e-08,-0.345566779375076,-20308
chr2,hsa04270,Vascular smooth muscle contraction - Homo sapiens (human),Brain_Substantia_nigra,chr2_24899929_G_C_b38,rs4077677,ENSG00000138031.15,ADCY3,109,1.37373657182526e-08,-0.345566779375076,-20308
chr2,hsa04540,Gap junction - Homo sapiens (human),Brain_Substantia_nigra,chr2_24899929_G_C_b38,rs4077677,ENSG00000138031.15,ADCY3,109,1.37373657182526e-08,-0.345566779375076,-20308
chr2,hsa04740,Olfactory transduction - Homo sapiens (human),Brain_Substantia_nigra,chr2_24899929_G_C_b38,rs4077677,ENSG00000138031.15,ADCY3,109,1.37373657182526e-08,-0.345566779375076,-20308
chr2,hsa04912,GnRH signaling pathway - Homo sapiens (human),Brain_Substantia_nigra,chr2_24899929_G_C_b38,rs4077677,ENSG00000138031.15,ADCY3,109,1.37373657182526e-08,-0.345566779375076,-20308
chr2,hsa04914,Progesterone-mediated oocyte maturation - Homo sapiens (human),Brain_Substantia_nigra,chr2_24899929_G_C_b38,rs4077677,ENSG00000138031.15,ADCY3,109,1.37373657182526e-08,-0.345566779375076,-20308
chr2,hsa04916,Melanogenesis - Homo sapiens (human),Brain_Substantia_nigra,chr2_24899929_G_C_b38,rs4077677,ENSG00000138031.15,ADCY3,109,1.37373657182526e-08,-0.345566779375076,-20308
chr2,hsa04962,Vasopressin-regulated water reabsorption - Homo sapiens (human),Brain_Substantia_nigra,chr2_24899929_G_C_b38,rs4077677,ENSG00000138031.15,ADCY3,109,1.37373657182526e-08,-0.345566779375076,-20308
chr2,hsa04970,Salivary secretion - Homo sapiens (human),Brain_Substantia_nigra,chr2_24899929_G_C_b38,rs4077677,ENSG00000138031.15,ADCY3,109,1.37373657182526e-08,-0.345566779375076,-20308
chr2,hsa04971,Gastric acid secretion - Homo sapiens (human),Brain_Substantia_nigra,chr2_24899929_G_C_b38,rs4077677,ENSG00000138031.15,ADCY3,109,1.37373657182526e-08,-0.345566779375076,-20308
chr2,hsa04972,Pancreatic secretion - Homo sapiens (human),Brain_Substantia_nigra,chr2_24899929_G_C_b38,rs4077677,ENSG00000138031.15,ADCY3,109,1.37373657182526e-08,-0.345566779375076,-20308
chr2,hsa04976,Bile secretion - Homo sapiens (human),Brain_Substantia_nigra,chr2_24899929_G_C_b38,rs4077677,ENSG00000138031.15,ADCY3,109,1.37373657182526e-08,-0.345566779375076,-20308
chr2,hsa05110,Vibrio cholerae infection - Homo sapiens (human),Brain_Substantia_nigra,chr2_24899929_G_C_b38,rs4077677,ENSG00000138031.15,ADCY3,109,1.37373657182526e-08,-0.345566779375076,-20308
chr2,hsa05414,Dilated cardiomyopathy - Homo sapiens (human),Brain_Substantia_nigra,chr2_24899929_G_C_b38,rs4077677,ENSG00000138031.15,ADCY3,109,1.37373657182526e-08,-0.345566779375076,-20308
chr2,hsa00230,Purine metabolism - Homo sapiens (human),Brain_Substantia_nigra,chr2_24899971_C_G_b38,rs4077678,ENSG00000138031.15,ADCY3,109,1.12099368990586e-11,-0.393774330615997,-20266
chr2,hsa04020,Calcium signaling pathway - Homo sapiens (human),Brain_Substantia_nigra,chr2_24899971_C_G_b38,rs4077678,ENSG00000138031.15,ADCY3,109,1.12099368990586e-11,-0.393774330615997,-20266
chr2,hsa04062,Chemokine signaling pathway - Homo sapiens (human),Brain_Substantia_nigra,chr2_24899971_C_G_b38,rs4077678,ENSG00000138031.15,ADCY3,109,1.12099368990586e-11,-0.393774330615997,-20266
chr2,hsa04114,Oocyte meiosis - Homo sapiens (human),Brain_Substantia_nigra,chr2_24899971_C_G_b38,rs4077678,ENSG00000138031.15,ADCY3,109,1.12099368990586e-11,-0.393774330615997,-20266
chr2,hsa04270,Vascular smooth muscle contraction - Homo sapiens (human),Brain_Substantia_nigra,chr2_24899971_C_G_b38,rs4077678,ENSG00000138031.15,ADCY3,109,1.12099368990586e-11,-0.393774330615997,-20266
chr2,hsa04540,Gap junction - Homo sapiens (human),Brain_Substantia_nigra,chr2_24899971_C_G_b38,rs4077678,ENSG00000138031.15,ADCY3,109,1.12099368990586e-11,-0.393774330615997,-20266
chr2,hsa04740,Olfactory transduction - Homo sapiens (human),Brain_Substantia_nigra,chr2_24899971_C_G_b38,rs4077678,ENSG00000138031.15,ADCY3,109,1.12099368990586e-11,-0.393774330615997,-20266
chr2,hsa04912,GnRH signaling pathway - Homo sapiens (human),Brain_Substantia_nigra,chr2_24899971_C_G_b38,rs4077678,ENSG00000138031.15,ADCY3,109,1.12099368990586e-11,-0.393774330615997,-20266
chr2,hsa04914,Progesterone-mediated oocyte maturation - Homo sapiens (human),Brain_Substantia_nigra,chr2_24899971_C_G_b38,rs4077678,ENSG00000138031.15,ADCY3,109,1.12099368990586e-11,-0.393774330615997,-20266
chr2,hsa04916,Melanogenesis - Homo sapiens (human),Brain_Substantia_nigra,chr2_24899971_C_G_b38,rs4077678,ENSG00000138031.15,ADCY3,109,1.12099368990586e-11,-0.393774330615997,-20266
chr2,hsa04962,Vasopressin-regulated water reabsorption - Homo sapiens (human),Brain_Substantia_nigra,chr2_24899971_C_G_b38,rs4077678,ENSG00000138031.15,ADCY3,109,1.12099368990586e-11,-0.393774330615997,-20266
chr2,hsa04970,Salivary secretion - Homo sapiens (human),Brain_Substantia_nigra,chr2_24899971_C_G_b38,rs4077678,ENSG00000138031.15,ADCY3,109,1.12099368990586e-11,-0.393774330615997,-20266
chr2,hsa04971,Gastric acid secretion - Homo sapiens (human),Brain_Substantia_nigra,chr2_24899971_C_G_b38,rs4077678,ENSG00000138031.15,ADCY3,109,1.12099368990586e-11,-0.393774330615997,-20266
chr2,hsa04972,Pancreatic secretion - Homo sapiens (human),Brain_Substantia_nigra,chr2_24899971_C_G_b38,rs4077678,ENSG00000138031.15,ADCY3,109,1.12099368990586e-11,-0.393774330615997,-20266
chr2,hsa04976,Bile secretion - Homo sapiens (human),Brain_Substantia_nigra,chr2_24899971_C_G_b38,rs4077678,ENSG00000138031.15,ADCY3,109,1.12099368990586e-11,-0.393774330615997,-20266
chr2,hsa05110,Vibrio cholerae infection - Homo sapiens (human),Brain_Substantia_nigra,chr2_24899971_C_G_b38,rs4077678,ENSG00000138031.15,ADCY3,109,1.12099368990586e-11,-0.393774330615997,-20266
chr2,hsa05414,Dilated cardiomyopathy - Homo sapiens (human),Brain_Substantia_nigra,chr2_24899971_C_G_b38,rs4077678,ENSG00000138031.15,ADCY3,109,1.12099368990586e-11,-0.393774330615997,-20266
chr2,hsa00230,Purine metabolism - Homo sapiens (human),Brain_Substantia_nigra,chr2_24899983_T_C_b38,rs4077679,ENSG00000138031.15,ADCY3,109,2.58420589794907e-10,-0.387689679861069,-20254
chr2,hsa04020,Calcium signaling pathway - Homo sapiens (human),Brain_Substantia_nigra,chr2_24899983_T_C_b38,rs4077679,ENSG00000138031.15,ADCY3,109,2.58420589794907e-10,-0.387689679861069,-20254
chr2,hsa04062,Chemokine signaling pathway - Homo sapiens (human),Brain_Substantia_nigra,chr2_24899983_T_C_b38,rs4077679,ENSG00000138031.15,ADCY3,109,2.58420589794907e-10,-0.387689679861069,-20254
chr2,hsa04114,Oocyte meiosis - Homo sapiens (human),Brain_Substantia_nigra,chr2_24899983_T_C_b38,rs4077679,ENSG00000138031.15,ADCY3,109,2.58420589794907e-10,-0.387689679861069,-20254
chr2,hsa04270,Vascular smooth muscle contraction - Homo sapiens (human),Brain_Substantia_nigra,chr2_24899983_T_C_b38,rs4077679,ENSG00000138031.15,ADCY3,109,2.58420589794907e-10,-0.387689679861069,-20254
chr2,hsa04540,Gap junction - Homo sapiens (human),Brain_Substantia_nigra,chr2_24899983_T_C_b38,rs4077679,ENSG00000138031.15,ADCY3,109,2.58420589794907e-10,-0.387689679861069,-20254
chr2,hsa04740,Olfactory transduction - Homo sapiens (human),Brain_Substantia_nigra,chr2_24899983_T_C_b38,rs4077679,ENSG00000138031.15,ADCY3,109,2.58420589794907e-10,-0.387689679861069,-20254
chr2,hsa04912,GnRH signaling pathway - Homo sapiens (human),Brain_Substantia_nigra,chr2_24899983_T_C_b38,rs4077679,ENSG00000138031.15,ADCY3,109,2.58420589794907e-10,-0.387689679861069,-20254
chr2,hsa04914,Progesterone-mediated oocyte maturation - Homo sapiens (human),Brain_Substantia_nigra,chr2_24899983_T_C_b38,rs4077679,ENSG00000138031.15,ADCY3,109,2.58420589794907e-10,-0.387689679861069,-20254
chr2,hsa04916,Melanogenesis - Homo sapiens (human),Brain_Substantia_nigra,chr2_24899983_T_C_b38,rs4077679,ENSG00000138031.15,ADCY3,109,2.58420589794907e-10,-0.387689679861069,-20254
chr2,hsa04962,Vasopressin-regulated water reabsorption - Homo sapiens (human),Brain_Substantia_nigra,chr2_24899983_T_C_b38,rs4077679,ENSG00000138031.15,ADCY3,109,2.58420589794907e-10,-0.387689679861069,-20254
chr2,hsa04970,Salivary secretion - Homo sapiens (human),Brain_Substantia_nigra,chr2_24899983_T_C_b38,rs4077679,ENSG00000138031.15,ADCY3,109,2.58420589794907e-10,-0.387689679861069,-20254
chr2,hsa04971,Gastric acid secretion - Homo sapiens (human),Brain_Substantia_nigra,chr2_24899983_T_C_b38,rs4077679,ENSG00000138031.15,ADCY3,109,2.58420589794907e-10,-0.387689679861069,-20254
chr2,hsa04972,Pancreatic secretion - Homo sapiens (human),Brain_Substantia_nigra,chr2_24899983_T_C_b38,rs4077679,ENSG00000138031.15,ADCY3,109,2.58420589794907e-10,-0.387689679861069,-20254
chr2,hsa04976,Bile secretion - Homo sapiens (human),Brain_Substantia_nigra,chr2_24899983_T_C_b38,rs4077679,ENSG00000138031.15,ADCY3,109,2.58420589794907e-10,-0.387689679861069,-20254
chr2,hsa05110,Vibrio cholerae infection - Homo sapiens (human),Brain_Substantia_nigra,chr2_24899983_T_C_b38,rs4077679,ENSG00000138031.15,ADCY3,109,2.58420589794907e-10,-0.387689679861069,-20254
chr2,hsa05414,Dilated cardiomyopathy - Homo sapiens (human),Brain_Substantia_nigra,chr2_24899983_T_C_b38,rs4077679,ENSG00000138031.15,ADCY3,109,2.58420589794907e-10,-0.387689679861069,-20254
chr2,hsa00230,Purine metabolism - Homo sapiens (human),Brain_Substantia_nigra,chr2_24900073_A_G_b38,rs4077680,ENSG00000138031.15,ADCY3,109,2.58421325492901e-10,-0.387689650058746,-20164
chr2,hsa04020,Calcium signaling pathway - Homo sapiens (human),Brain_Substantia_nigra,chr2_24900073_A_G_b38,rs4077680,ENSG00000138031.15,ADCY3,109,2.58421325492901e-10,-0.387689650058746,-20164
chr2,hsa04062,Chemokine signaling pathway - Homo sapiens (human),Brain_Substantia_nigra,chr2_24900073_A_G_b38,rs4077680,ENSG00000138031.15,ADCY3,109,2.58421325492901e-10,-0.387689650058746,-20164
chr2,hsa04114,Oocyte meiosis - Homo sapiens (human),Brain_Substantia_nigra,chr2_24900073_A_G_b38,rs4077680,ENSG00000138031.15,ADCY3,109,2.58421325492901e-10,-0.387689650058746,-20164
chr2,hsa04270,Vascular smooth muscle contraction - Homo sapiens (human),Brain_Substantia_nigra,chr2_24900073_A_G_b38,rs4077680,ENSG00000138031.15,ADCY3,109,2.58421325492901e-10,-0.387689650058746,-20164
chr2,hsa04540,Gap junction - Homo sapiens (human),Brain_Substantia_nigra,chr2_24900073_A_G_b38,rs4077680,ENSG00000138031.15,ADCY3,109,2.58421325492901e-10,-0.387689650058746,-20164
chr2,hsa04740,Olfactory transduction - Homo sapiens (human),Brain_Substantia_nigra,chr2_24900073_A_G_b38,rs4077680,ENSG00000138031.15,ADCY3,109,2.58421325492901e-10,-0.387689650058746,-20164
chr2,hsa04912,GnRH signaling pathway - Homo sapiens (human),Brain_Substantia_nigra,chr2_24900073_A_G_b38,rs4077680,ENSG00000138031.15,ADCY3,109,2.58421325492901e-10,-0.387689650058746,-20164
chr2,hsa04914,Progesterone-mediated oocyte maturation - Homo sapiens (human),Brain_Substantia_nigra,chr2_24900073_A_G_b38,rs4077680,ENSG00000138031.15,ADCY3,109,2.58421325492901e-10,-0.387689650058746,-20164
chr2,hsa04916,Melanogenesis - Homo sapiens (human),Brain_Substantia_nigra,chr2_24900073_A_G_b38,rs4077680,ENSG00000138031.15,ADCY3,109,2.58421325492901e-10,-0.387689650058746,-20164
chr2,hsa04962,Vasopressin-regulated water reabsorption - Homo sapiens (human),Brain_Substantia_nigra,chr2_24900073_A_G_b38,rs4077680,ENSG00000138031.15,ADCY3,109,2.58421325492901e-10,-0.387689650058746,-20164
chr2,hsa04970,Salivary secretion - Homo sapiens (human),Brain_Substantia_nigra,chr2_24900073_A_G_b38,rs4077680,ENSG00000138031.15,ADCY3,109,2.58421325492901e-10,-0.387689650058746,-20164
chr2,hsa04971,Gastric acid secretion - Homo sapiens (human),Brain_Substantia_nigra,chr2_24900073_A_G_b38,rs4077680,ENSG00000138031.15,ADCY3,109,2.58421325492901e-10,-0.387689650058746,-20164
chr2,hsa04972,Pancreatic secretion - Homo sapiens (human),Brain_Substantia_nigra,chr2_24900073_A_G_b38,rs4077680,ENSG00000138031.15,ADCY3,109,2.58421325492901e-10,-0.387689650058746,-20164
chr2,hsa04976,Bile secretion - Homo sapiens (human),Brain_Substantia_nigra,chr2_24900073_A_G_b38,rs4077680,ENSG00000138031.15,ADCY3,109,2.58421325492901e-10,-0.387689650058746,-20164
chr2,hsa05110,Vibrio cholerae infection - Homo sapiens (human),Brain_Substantia_nigra,chr2_24900073_A_G_b38,rs4077680,ENSG00000138031.15,ADCY3,109,2.58421325492901e-10,-0.387689650058746,-20164
chr2,hsa05414,Dilated cardiomyopathy - Homo sapiens (human),Brain_Substantia_nigra,chr2_24900073_A_G_b38,rs4077680,ENSG00000138031.15,ADCY3,109,2.58421325492901e-10,-0.387689650058746,-20164
chr2,hsa00230,Purine metabolism - Homo sapiens (human),Brain_Substantia_nigra,chr2_24900171_C_T_b38,rs13014100,ENSG00000138031.15,ADCY3,109,2.58421325492901e-10,-0.387689650058746,-20066
chr2,hsa04020,Calcium signaling pathway - Homo sapiens (human),Brain_Substantia_nigra,chr2_24900171_C_T_b38,rs13014100,ENSG00000138031.15,ADCY3,109,2.58421325492901e-10,-0.387689650058746,-20066
chr2,hsa04062,Chemokine signaling pathway - Homo sapiens (human),Brain_Substantia_nigra,chr2_24900171_C_T_b38,rs13014100,ENSG00000138031.15,ADCY3,109,2.58421325492901e-10,-0.387689650058746,-20066
chr2,hsa04114,Oocyte meiosis - Homo sapiens (human),Brain_Substantia_nigra,chr2_24900171_C_T_b38,rs13014100,ENSG00000138031.15,ADCY3,109,2.58421325492901e-10,-0.387689650058746,-20066
chr2,hsa04270,Vascular smooth muscle contraction - Homo sapiens (human),Brain_Substantia_nigra,chr2_24900171_C_T_b38,rs13014100,ENSG00000138031.15,ADCY3,109,2.58421325492901e-10,-0.387689650058746,-20066
chr2,hsa04540,Gap junction - Homo sapiens (human),Brain_Substantia_nigra,chr2_24900171_C_T_b38,rs13014100,ENSG00000138031.15,ADCY3,109,2.58421325492901e-10,-0.387689650058746,-20066
chr2,hsa04740,Olfactory transduction - Homo sapiens (human),Brain_Substantia_nigra,chr2_24900171_C_T_b38,rs13014100,ENSG00000138031.15,ADCY3,109,2.58421325492901e-10,-0.387689650058746,-20066
chr2,hsa04912,GnRH signaling pathway - Homo sapiens (human),Brain_Substantia_nigra,chr2_24900171_C_T_b38,rs13014100,ENSG00000138031.15,ADCY3,109,2.58421325492901e-10,-0.387689650058746,-20066
chr2,hsa04914,Progesterone-mediated oocyte maturation - Homo sapiens (human),Brain_Substantia_nigra,chr2_24900171_C_T_b38,rs13014100,ENSG00000138031.15,ADCY3,109,2.58421325492901e-10,-0.387689650058746,-20066
chr2,hsa04916,Melanogenesis - Homo sapiens (human),Brain_Substantia_nigra,chr2_24900171_C_T_b38,rs13014100,ENSG00000138031.15,ADCY3,109,2.58421325492901e-10,-0.387689650058746,-20066
chr2,hsa04962,Vasopressin-regulated water reabsorption - Homo sapiens (human),Brain_Substantia_nigra,chr2_24900171_C_T_b38,rs13014100,ENSG00000138031.15,ADCY3,109,2.58421325492901e-10,-0.387689650058746,-20066
chr2,hsa04970,Salivary secretion - Homo sapiens (human),Brain_Substantia_nigra,chr2_24900171_C_T_b38,rs13014100,ENSG00000138031.15,ADCY3,109,2.58421325492901e-10,-0.387689650058746,-20066
chr2,hsa04971,Gastric acid secretion - Homo sapiens (human),Brain_Substantia_nigra,chr2_24900171_C_T_b38,rs13014100,ENSG00000138031.15,ADCY3,109,2.58421325492901e-10,-0.387689650058746,-20066
chr2,hsa04972,Pancreatic secretion - Homo sapiens (human),Brain_Substantia_nigra,chr2_24900171_C_T_b38,rs13014100,ENSG00000138031.15,ADCY3,109,2.58421325492901e-10,-0.387689650058746,-20066
chr2,hsa04976,Bile secretion - Homo sapiens (human),Brain_Substantia_nigra,chr2_24900171_C_T_b38,rs13014100,ENSG00000138031.15,ADCY3,109,2.58421325492901e-10,-0.387689650058746,-20066
chr2,hsa05110,Vibrio cholerae infection - Homo sapiens (human),Brain_Substantia_nigra,chr2_24900171_C_T_b38,rs13014100,ENSG00000138031.15,ADCY3,109,2.58421325492901e-10,-0.387689650058746,-20066
chr2,hsa05414,Dilated cardiomyopathy - Homo sapiens (human),Brain_Substantia_nigra,chr2_24900171_C_T_b38,rs13014100,ENSG00000138031.15,ADCY3,109,2.58421325492901e-10,-0.387689650058746,-20066
chr2,hsa00230,Purine metabolism - Homo sapiens (human),Brain_Substantia_nigra,chr2_24900594_C_G_b38,rs3903070,ENSG00000138031.15,ADCY3,109,8.46675538733406e-13,-0.407738238573074,-19643
chr2,hsa04020,Calcium signaling pathway - Homo sapiens (human),Brain_Substantia_nigra,chr2_24900594_C_G_b38,rs3903070,ENSG00000138031.15,ADCY3,109,8.46675538733406e-13,-0.407738238573074,-19643
chr2,hsa04062,Chemokine signaling pathway - Homo sapiens (human),Brain_Substantia_nigra,chr2_24900594_C_G_b38,rs3903070,ENSG00000138031.15,ADCY3,109,8.46675538733406e-13,-0.407738238573074,-19643
chr2,hsa04114,Oocyte meiosis - Homo sapiens (human),Brain_Substantia_nigra,chr2_24900594_C_G_b38,rs3903070,ENSG00000138031.15,ADCY3,109,8.46675538733406e-13,-0.407738238573074,-19643
chr2,hsa04270,Vascular smooth muscle contraction - Homo sapiens (human),Brain_Substantia_nigra,chr2_24900594_C_G_b38,rs3903070,ENSG00000138031.15,ADCY3,109,8.46675538733406e-13,-0.407738238573074,-19643
chr2,hsa04540,Gap junction - Homo sapiens (human),Brain_Substantia_nigra,chr2_24900594_C_G_b38,rs3903070,ENSG00000138031.15,ADCY3,109,8.46675538733406e-13,-0.407738238573074,-19643
chr2,hsa04740,Olfactory transduction - Homo sapiens (human),Brain_Substantia_nigra,chr2_24900594_C_G_b38,rs3903070,ENSG00000138031.15,ADCY3,109,8.46675538733406e-13,-0.407738238573074,-19643
chr2,hsa04912,GnRH signaling pathway - Homo sapiens (human),Brain_Substantia_nigra,chr2_24900594_C_G_b38,rs3903070,ENSG00000138031.15,ADCY3,109,8.46675538733406e-13,-0.407738238573074,-19643
chr2,hsa04914,Progesterone-mediated oocyte maturation - Homo sapiens (human),Brain_Substantia_nigra,chr2_24900594_C_G_b38,rs3903070,ENSG00000138031.15,ADCY3,109,8.46675538733406e-13,-0.407738238573074,-19643
chr2,hsa04916,Melanogenesis - Homo sapiens (human),Brain_Substantia_nigra,chr2_24900594_C_G_b38,rs3903070,ENSG00000138031.15,ADCY3,109,8.46675538733406e-13,-0.407738238573074,-19643
chr2,hsa04962,Vasopressin-regulated water reabsorption - Homo sapiens (human),Brain_Substantia_nigra,chr2_24900594_C_G_b38,rs3903070,ENSG00000138031.15,ADCY3,109,8.46675538733406e-13,-0.407738238573074,-19643
chr2,hsa04970,Salivary secretion - Homo sapiens (human),Brain_Substantia_nigra,chr2_24900594_C_G_b38,rs3903070,ENSG00000138031.15,ADCY3,109,8.46675538733406e-13,-0.407738238573074,-19643
chr2,hsa04971,Gastric acid secretion - Homo sapiens (human),Brain_Substantia_nigra,chr2_24900594_C_G_b38,rs3903070,ENSG00000138031.15,ADCY3,109,8.46675538733406e-13,-0.407738238573074,-19643
chr2,hsa04972,Pancreatic secretion - Homo sapiens (human),Brain_Substantia_nigra,chr2_24900594_C_G_b38,rs3903070,ENSG00000138031.15,ADCY3,109,8.46675538733406e-13,-0.407738238573074,-19643
chr2,hsa04976,Bile secretion - Homo sapiens (human),Brain_Substantia_nigra,chr2_24900594_C_G_b38,rs3903070,ENSG00000138031.15,ADCY3,109,8.46675538733406e-13,-0.407738238573074,-19643
chr2,hsa05110,Vibrio cholerae infection - Homo sapiens (human),Brain_Substantia_nigra,chr2_24900594_C_G_b38,rs3903070,ENSG00000138031.15,ADCY3,109,8.46675538733406e-13,-0.407738238573074,-19643
chr2,hsa05414,Dilated cardiomyopathy - Homo sapiens (human),Brain_Substantia_nigra,chr2_24900594_C_G_b38,rs3903070,ENSG00000138031.15,ADCY3,109,8.46675538733406e-13,-0.407738238573074,-19643
chr2,hsa00230,Purine metabolism - Homo sapiens (human),Brain_Substantia_nigra,chr2_24900796_G_A_b38,rs1077641,ENSG00000138031.15,ADCY3,109,1.37373657182526e-08,-0.345566779375076,-19441
chr2,hsa04020,Calcium signaling pathway - Homo sapiens (human),Brain_Substantia_nigra,chr2_24900796_G_A_b38,rs1077641,ENSG00000138031.15,ADCY3,109,1.37373657182526e-08,-0.345566779375076,-19441
chr2,hsa04062,Chemokine signaling pathway - Homo sapiens (human),Brain_Substantia_nigra,chr2_24900796_G_A_b38,rs1077641,ENSG00000138031.15,ADCY3,109,1.37373657182526e-08,-0.345566779375076,-19441
chr2,hsa04114,Oocyte meiosis - Homo sapiens (human),Brain_Substantia_nigra,chr2_24900796_G_A_b38,rs1077641,ENSG00000138031.15,ADCY3,109,1.37373657182526e-08,-0.345566779375076,-19441
chr2,hsa04270,Vascular smooth muscle contraction - Homo sapiens (human),Brain_Substantia_nigra,chr2_24900796_G_A_b38,rs1077641,ENSG00000138031.15,ADCY3,109,1.37373657182526e-08,-0.345566779375076,-19441
chr2,hsa04540,Gap junction - Homo sapiens (human),Brain_Substantia_nigra,chr2_24900796_G_A_b38,rs1077641,ENSG00000138031.15,ADCY3,109,1.37373657182526e-08,-0.345566779375076,-19441
chr2,hsa04740,Olfactory transduction - Homo sapiens (human),Brain_Substantia_nigra,chr2_24900796_G_A_b38,rs1077641,ENSG00000138031.15,ADCY3,109,1.37373657182526e-08,-0.345566779375076,-19441
chr2,hsa04912,GnRH signaling pathway - Homo sapiens (human),Brain_Substantia_nigra,chr2_24900796_G_A_b38,rs1077641,ENSG00000138031.15,ADCY3,109,1.37373657182526e-08,-0.345566779375076,-19441
chr2,hsa04914,Progesterone-mediated oocyte maturation - Homo sapiens (human),Brain_Substantia_nigra,chr2_24900796_G_A_b38,rs1077641,ENSG00000138031.15,ADCY3,109,1.37373657182526e-08,-0.345566779375076,-19441
chr2,hsa04916,Melanogenesis - Homo sapiens (human),Brain_Substantia_nigra,chr2_24900796_G_A_b38,rs1077641,ENSG00000138031.15,ADCY3,109,1.37373657182526e-08,-0.345566779375076,-19441
chr2,hsa04962,Vasopressin-regulated water reabsorption - Homo sapiens (human),Brain_Substantia_nigra,chr2_24900796_G_A_b38,rs1077641,ENSG00000138031.15,ADCY3,109,1.37373657182526e-08,-0.345566779375076,-19441
chr2,hsa04970,Salivary secretion - Homo sapiens (human),Brain_Substantia_nigra,chr2_24900796_G_A_b38,rs1077641,ENSG00000138031.15,ADCY3,109,1.37373657182526e-08,-0.345566779375076,-19441
chr2,hsa04971,Gastric acid secretion - Homo sapiens (human),Brain_Substantia_nigra,chr2_24900796_G_A_b38,rs1077641,ENSG00000138031.15,ADCY3,109,1.37373657182526e-08,-0.345566779375076,-19441
chr2,hsa04972,Pancreatic secretion - Homo sapiens (human),Brain_Substantia_nigra,chr2_24900796_G_A_b38,rs1077641,ENSG00000138031.15,ADCY3,109,1.37373657182526e-08,-0.345566779375076,-19441
chr2,hsa04976,Bile secretion - Homo sapiens (human),Brain_Substantia_nigra,chr2_24900796_G_A_b38,rs1077641,ENSG00000138031.15,ADCY3,109,1.37373657182526e-08,-0.345566779375076,-19441
chr2,hsa05110,Vibrio cholerae infection - Homo sapiens (human),Brain_Substantia_nigra,chr2_24900796_G_A_b38,rs1077641,ENSG00000138031.15,ADCY3,109,1.37373657182526e-08,-0.345566779375076,-19441
chr2,hsa05414,Dilated cardiomyopathy - Homo sapiens (human),Brain_Substantia_nigra,chr2_24900796_G_A_b38,rs1077641,ENSG00000138031.15,ADCY3,109,1.37373657182526e-08,-0.345566779375076,-19441
chr2,hsa00230,Purine metabolism - Homo sapiens (human),Brain_Substantia_nigra,chr2_24901479_G_A_b38,rs6545806,ENSG00000138031.15,ADCY3,109,3.09924249285709e-12,-0.400067836046219,-18758
chr2,hsa04020,Calcium signaling pathway - Homo sapiens (human),Brain_Substantia_nigra,chr2_24901479_G_A_b38,rs6545806,ENSG00000138031.15,ADCY3,109,3.09924249285709e-12,-0.400067836046219,-18758
chr2,hsa04062,Chemokine signaling pathway - Homo sapiens (human),Brain_Substantia_nigra,chr2_24901479_G_A_b38,rs6545806,ENSG00000138031.15,ADCY3,109,3.09924249285709e-12,-0.400067836046219,-18758
chr2,hsa04114,Oocyte meiosis - Homo sapiens (human),Brain_Substantia_nigra,chr2_24901479_G_A_b38,rs6545806,ENSG00000138031.15,ADCY3,109,3.09924249285709e-12,-0.400067836046219,-18758
chr2,hsa04270,Vascular smooth muscle contraction - Homo sapiens (human),Brain_Substantia_nigra,chr2_24901479_G_A_b38,rs6545806,ENSG00000138031.15,ADCY3,109,3.09924249285709e-12,-0.400067836046219,-18758
chr2,hsa04540,Gap junction - Homo sapiens (human),Brain_Substantia_nigra,chr2_24901479_G_A_b38,rs6545806,ENSG00000138031.15,ADCY3,109,3.09924249285709e-12,-0.400067836046219,-18758
chr2,hsa04740,Olfactory transduction - Homo sapiens (human),Brain_Substantia_nigra,chr2_24901479_G_A_b38,rs6545806,ENSG00000138031.15,ADCY3,109,3.09924249285709e-12,-0.400067836046219,-18758
chr2,hsa04912,GnRH signaling pathway - Homo sapiens (human),Brain_Substantia_nigra,chr2_24901479_G_A_b38,rs6545806,ENSG00000138031.15,ADCY3,109,3.09924249285709e-12,-0.400067836046219,-18758
chr2,hsa04914,Progesterone-mediated oocyte maturation - Homo sapiens (human),Brain_Substantia_nigra,chr2_24901479_G_A_b38,rs6545806,ENSG00000138031.15,ADCY3,109,3.09924249285709e-12,-0.400067836046219,-18758
chr2,hsa04916,Melanogenesis - Homo sapiens (human),Brain_Substantia_nigra,chr2_24901479_G_A_b38,rs6545806,ENSG00000138031.15,ADCY3,109,3.09924249285709e-12,-0.400067836046219,-18758
chr2,hsa04962,Vasopressin-regulated water reabsorption - Homo sapiens (human),Brain_Substantia_nigra,chr2_24901479_G_A_b38,rs6545806,ENSG00000138031.15,ADCY3,109,3.09924249285709e-12,-0.400067836046219,-18758
chr2,hsa04970,Salivary secretion - Homo sapiens (human),Brain_Substantia_nigra,chr2_24901479_G_A_b38,rs6545806,ENSG00000138031.15,ADCY3,109,3.09924249285709e-12,-0.400067836046219,-18758
chr2,hsa04971,Gastric acid secretion - Homo sapiens (human),Brain_Substantia_nigra,chr2_24901479_G_A_b38,rs6545806,ENSG00000138031.15,ADCY3,109,3.09924249285709e-12,-0.400067836046219,-18758
chr2,hsa04972,Pancreatic secretion - Homo sapiens (human),Brain_Substantia_nigra,chr2_24901479_G_A_b38,rs6545806,ENSG00000138031.15,ADCY3,109,3.09924249285709e-12,-0.400067836046219,-18758
chr2,hsa04976,Bile secretion - Homo sapiens (human),Brain_Substantia_nigra,chr2_24901479_G_A_b38,rs6545806,ENSG00000138031.15,ADCY3,109,3.09924249285709e-12,-0.400067836046219,-18758
chr2,hsa05110,Vibrio cholerae infection - Homo sapiens (human),Brain_Substantia_nigra,chr2_24901479_G_A_b38,rs6545806,ENSG00000138031.15,ADCY3,109,3.09924249285709e-12,-0.400067836046219,-18758
chr2,hsa05414,Dilated cardiomyopathy - Homo sapiens (human),Brain_Substantia_nigra,chr2_24901479_G_A_b38,rs6545806,ENSG00000138031.15,ADCY3,109,3.09924249285709e-12,-0.400067836046219,-18758
chr2,hsa00230,Purine metabolism - Homo sapiens (human),Brain_Substantia_nigra,chr2_24901489_C_T_b38,rs6545807,ENSG00000138031.15,ADCY3,109,2.58421325492901e-10,-0.387689650058746,-18748
chr2,hsa04020,Calcium signaling pathway - Homo sapiens (human),Brain_Substantia_nigra,chr2_24901489_C_T_b38,rs6545807,ENSG00000138031.15,ADCY3,109,2.58421325492901e-10,-0.387689650058746,-18748
chr2,hsa04062,Chemokine signaling pathway - Homo sapiens (human),Brain_Substantia_nigra,chr2_24901489_C_T_b38,rs6545807,ENSG00000138031.15,ADCY3,109,2.58421325492901e-10,-0.387689650058746,-18748
chr2,hsa04114,Oocyte meiosis - Homo sapiens (human),Brain_Substantia_nigra,chr2_24901489_C_T_b38,rs6545807,ENSG00000138031.15,ADCY3,109,2.58421325492901e-10,-0.387689650058746,-18748
chr2,hsa04270,Vascular smooth muscle contraction - Homo sapiens (human),Brain_Substantia_nigra,chr2_24901489_C_T_b38,rs6545807,ENSG00000138031.15,ADCY3,109,2.58421325492901e-10,-0.387689650058746,-18748
chr2,hsa04540,Gap junction - Homo sapiens (human),Brain_Substantia_nigra,chr2_24901489_C_T_b38,rs6545807,ENSG00000138031.15,ADCY3,109,2.58421325492901e-10,-0.387689650058746,-18748
chr2,hsa04740,Olfactory transduction - Homo sapiens (human),Brain_Substantia_nigra,chr2_24901489_C_T_b38,rs6545807,ENSG00000138031.15,ADCY3,109,2.58421325492901e-10,-0.387689650058746,-18748
chr2,hsa04912,GnRH signaling pathway - Homo sapiens (human),Brain_Substantia_nigra,chr2_24901489_C_T_b38,rs6545807,ENSG00000138031.15,ADCY3,109,2.58421325492901e-10,-0.387689650058746,-18748
chr2,hsa04914,Progesterone-mediated oocyte maturation - Homo sapiens (human),Brain_Substantia_nigra,chr2_24901489_C_T_b38,rs6545807,ENSG00000138031.15,ADCY3,109,2.58421325492901e-10,-0.387689650058746,-18748
chr2,hsa04916,Melanogenesis - Homo sapiens (human),Brain_Substantia_nigra,chr2_24901489_C_T_b38,rs6545807,ENSG00000138031.15,ADCY3,109,2.58421325492901e-10,-0.387689650058746,-18748
chr2,hsa04962,Vasopressin-regulated water reabsorption - Homo sapiens (human),Brain_Substantia_nigra,chr2_24901489_C_T_b38,rs6545807,ENSG00000138031.15,ADCY3,109,2.58421325492901e-10,-0.387689650058746,-18748
chr2,hsa04970,Salivary secretion - Homo sapiens (human),Brain_Substantia_nigra,chr2_24901489_C_T_b38,rs6545807,ENSG00000138031.15,ADCY3,109,2.58421325492901e-10,-0.387689650058746,-18748
chr2,hsa04971,Gastric acid secretion - Homo sapiens (human),Brain_Substantia_nigra,chr2_24901489_C_T_b38,rs6545807,ENSG00000138031.15,ADCY3,109,2.58421325492901e-10,-0.387689650058746,-18748
chr2,hsa04972,Pancreatic secretion - Homo sapiens (human),Brain_Substantia_nigra,chr2_24901489_C_T_b38,rs6545807,ENSG00000138031.15,ADCY3,109,2.58421325492901e-10,-0.387689650058746,-18748
chr2,hsa04976,Bile secretion - Homo sapiens (human),Brain_Substantia_nigra,chr2_24901489_C_T_b38,rs6545807,ENSG00000138031.15,ADCY3,109,2.58421325492901e-10,-0.387689650058746,-18748
chr2,hsa05110,Vibrio cholerae infection - Homo sapiens (human),Brain_Substantia_nigra,chr2_24901489_C_T_b38,rs6545807,ENSG00000138031.15,ADCY3,109,2.58421325492901e-10,-0.387689650058746,-18748
chr2,hsa05414,Dilated cardiomyopathy - Homo sapiens (human),Brain_Substantia_nigra,chr2_24901489_C_T_b38,rs6545807,ENSG00000138031.15,ADCY3,109,2.58421325492901e-10,-0.387689650058746,-18748
chr2,hsa00230,Purine metabolism - Homo sapiens (human),Brain_Substantia_nigra,chr2_24901519_C_A_b38,rs6545808,ENSG00000138031.15,ADCY3,109,2.58420589794907e-10,-0.387689679861069,-18718
chr2,hsa04020,Calcium signaling pathway - Homo sapiens (human),Brain_Substantia_nigra,chr2_24901519_C_A_b38,rs6545808,ENSG00000138031.15,ADCY3,109,2.58420589794907e-10,-0.387689679861069,-18718
chr2,hsa04062,Chemokine signaling pathway - Homo sapiens (human),Brain_Substantia_nigra,chr2_24901519_C_A_b38,rs6545808,ENSG00000138031.15,ADCY3,109,2.58420589794907e-10,-0.387689679861069,-18718
chr2,hsa04114,Oocyte meiosis - Homo sapiens (human),Brain_Substantia_nigra,chr2_24901519_C_A_b38,rs6545808,ENSG00000138031.15,ADCY3,109,2.58420589794907e-10,-0.387689679861069,-18718
chr2,hsa04270,Vascular smooth muscle contraction - Homo sapiens (human),Brain_Substantia_nigra,chr2_24901519_C_A_b38,rs6545808,ENSG00000138031.15,ADCY3,109,2.58420589794907e-10,-0.387689679861069,-18718
chr2,hsa04540,Gap junction - Homo sapiens (human),Brain_Substantia_nigra,chr2_24901519_C_A_b38,rs6545808,ENSG00000138031.15,ADCY3,109,2.58420589794907e-10,-0.387689679861069,-18718
chr2,hsa04740,Olfactory transduction - Homo sapiens (human),Brain_Substantia_nigra,chr2_24901519_C_A_b38,rs6545808,ENSG00000138031.15,ADCY3,109,2.58420589794907e-10,-0.387689679861069,-18718
chr2,hsa04912,GnRH signaling pathway - Homo sapiens (human),Brain_Substantia_nigra,chr2_24901519_C_A_b38,rs6545808,ENSG00000138031.15,ADCY3,109,2.58420589794907e-10,-0.387689679861069,-18718
chr2,hsa04914,Progesterone-mediated oocyte maturation - Homo sapiens (human),Brain_Substantia_nigra,chr2_24901519_C_A_b38,rs6545808,ENSG00000138031.15,ADCY3,109,2.58420589794907e-10,-0.387689679861069,-18718
chr2,hsa04916,Melanogenesis - Homo sapiens (human),Brain_Substantia_nigra,chr2_24901519_C_A_b38,rs6545808,ENSG00000138031.15,ADCY3,109,2.58420589794907e-10,-0.387689679861069,-18718
chr2,hsa04962,Vasopressin-regulated water reabsorption - Homo sapiens (human),Brain_Substantia_nigra,chr2_24901519_C_A_b38,rs6545808,ENSG00000138031.15,ADCY3,109,2.58420589794907e-10,-0.387689679861069,-18718
chr2,hsa04970,Salivary secretion - Homo sapiens (human),Brain_Substantia_nigra,chr2_24901519_C_A_b38,rs6545808,ENSG00000138031.15,ADCY3,109,2.58420589794907e-10,-0.387689679861069,-18718
chr2,hsa04971,Gastric acid secretion - Homo sapiens (human),Brain_Substantia_nigra,chr2_24901519_C_A_b38,rs6545808,ENSG00000138031.15,ADCY3,109,2.58420589794907e-10,-0.387689679861069,-18718
chr2,hsa04972,Pancreatic secretion - Homo sapiens (human),Brain_Substantia_nigra,chr2_24901519_C_A_b38,rs6545808,ENSG00000138031.15,ADCY3,109,2.58420589794907e-10,-0.387689679861069,-18718
chr2,hsa04976,Bile secretion - Homo sapiens (human),Brain_Substantia_nigra,chr2_24901519_C_A_b38,rs6545808,ENSG00000138031.15,ADCY3,109,2.58420589794907e-10,-0.387689679861069,-18718
chr2,hsa05110,Vibrio cholerae infection - Homo sapiens (human),Brain_Substantia_nigra,chr2_24901519_C_A_b38,rs6545808,ENSG00000138031.15,ADCY3,109,2.58420589794907e-10,-0.387689679861069,-18718
chr2,hsa05414,Dilated cardiomyopathy - Homo sapiens (human),Brain_Substantia_nigra,chr2_24901519_C_A_b38,rs6545808,ENSG00000138031.15,ADCY3,109,2.58420589794907e-10,-0.387689679861069,-18718
chr2,hsa00230,Purine metabolism - Homo sapiens (human),Brain_Substantia_nigra,chr2_24901694_T_C_b38,rs1550110,ENSG00000138031.15,ADCY3,109,2.44683807698197e-12,-0.401034355163574,-18543
chr2,hsa04020,Calcium signaling pathway - Homo sapiens (human),Brain_Substantia_nigra,chr2_24901694_T_C_b38,rs1550110,ENSG00000138031.15,ADCY3,109,2.44683807698197e-12,-0.401034355163574,-18543
chr2,hsa04062,Chemokine signaling pathway - Homo sapiens (human),Brain_Substantia_nigra,chr2_24901694_T_C_b38,rs1550110,ENSG00000138031.15,ADCY3,109,2.44683807698197e-12,-0.401034355163574,-18543
chr2,hsa04114,Oocyte meiosis - Homo sapiens (human),Brain_Substantia_nigra,chr2_24901694_T_C_b38,rs1550110,ENSG00000138031.15,ADCY3,109,2.44683807698197e-12,-0.401034355163574,-18543
chr2,hsa04270,Vascular smooth muscle contraction - Homo sapiens (human),Brain_Substantia_nigra,chr2_24901694_T_C_b38,rs1550110,ENSG00000138031.15,ADCY3,109,2.44683807698197e-12,-0.401034355163574,-18543
chr2,hsa04540,Gap junction - Homo sapiens (human),Brain_Substantia_nigra,chr2_24901694_T_C_b38,rs1550110,ENSG00000138031.15,ADCY3,109,2.44683807698197e-12,-0.401034355163574,-18543
chr2,hsa04740,Olfactory transduction - Homo sapiens (human),Brain_Substantia_nigra,chr2_24901694_T_C_b38,rs1550110,ENSG00000138031.15,ADCY3,109,2.44683807698197e-12,-0.401034355163574,-18543
chr2,hsa04912,GnRH signaling pathway - Homo sapiens (human),Brain_Substantia_nigra,chr2_24901694_T_C_b38,rs1550110,ENSG00000138031.15,ADCY3,109,2.44683807698197e-12,-0.401034355163574,-18543
chr2,hsa04914,Progesterone-mediated oocyte maturation - Homo sapiens (human),Brain_Substantia_nigra,chr2_24901694_T_C_b38,rs1550110,ENSG00000138031.15,ADCY3,109,2.44683807698197e-12,-0.401034355163574,-18543
chr2,hsa04916,Melanogenesis - Homo sapiens (human),Brain_Substantia_nigra,chr2_24901694_T_C_b38,rs1550110,ENSG00000138031.15,ADCY3,109,2.44683807698197e-12,-0.401034355163574,-18543
chr2,hsa04962,Vasopressin-regulated water reabsorption - Homo sapiens (human),Brain_Substantia_nigra,chr2_24901694_T_C_b38,rs1550110,ENSG00000138031.15,ADCY3,109,2.44683807698197e-12,-0.401034355163574,-18543
chr2,hsa04970,Salivary secretion - Homo sapiens (human),Brain_Substantia_nigra,chr2_24901694_T_C_b38,rs1550110,ENSG00000138031.15,ADCY3,109,2.44683807698197e-12,-0.401034355163574,-18543
chr2,hsa04971,Gastric acid secretion - Homo sapiens (human),Brain_Substantia_nigra,chr2_24901694_T_C_b38,rs1550110,ENSG00000138031.15,ADCY3,109,2.44683807698197e-12,-0.401034355163574,-18543
chr2,hsa04972,Pancreatic secretion - Homo sapiens (human),Brain_Substantia_nigra,chr2_24901694_T_C_b38,rs1550110,ENSG00000138031.15,ADCY3,109,2.44683807698197e-12,-0.401034355163574,-18543
chr2,hsa04976,Bile secretion - Homo sapiens (human),Brain_Substantia_nigra,chr2_24901694_T_C_b38,rs1550110,ENSG00000138031.15,ADCY3,109,2.44683807698197e-12,-0.401034355163574,-18543
chr2,hsa05110,Vibrio cholerae infection - Homo sapiens (human),Brain_Substantia_nigra,chr2_24901694_T_C_b38,rs1550110,ENSG00000138031.15,ADCY3,109,2.44683807698197e-12,-0.401034355163574,-18543
chr2,hsa05414,Dilated cardiomyopathy - Homo sapiens (human),Brain_Substantia_nigra,chr2_24901694_T_C_b38,rs1550110,ENSG00000138031.15,ADCY3,109,2.44683807698197e-12,-0.401034355163574,-18543
chr2,hsa00230,Purine metabolism - Homo sapiens (human),Brain_Substantia_nigra,chr2_24901925_T_C_b38,rs7560156,ENSG00000138031.15,ADCY3,109,1.37373657182526e-08,-0.345566779375076,-18312
chr2,hsa04020,Calcium signaling pathway - Homo sapiens (human),Brain_Substantia_nigra,chr2_24901925_T_C_b38,rs7560156,ENSG00000138031.15,ADCY3,109,1.37373657182526e-08,-0.345566779375076,-18312
chr2,hsa04062,Chemokine signaling pathway - Homo sapiens (human),Brain_Substantia_nigra,chr2_24901925_T_C_b38,rs7560156,ENSG00000138031.15,ADCY3,109,1.37373657182526e-08,-0.345566779375076,-18312
chr2,hsa04114,Oocyte meiosis - Homo sapiens (human),Brain_Substantia_nigra,chr2_24901925_T_C_b38,rs7560156,ENSG00000138031.15,ADCY3,109,1.37373657182526e-08,-0.345566779375076,-18312
chr2,hsa04270,Vascular smooth muscle contraction - Homo sapiens (human),Brain_Substantia_nigra,chr2_24901925_T_C_b38,rs7560156,ENSG00000138031.15,ADCY3,109,1.37373657182526e-08,-0.345566779375076,-18312
chr2,hsa04540,Gap junction - Homo sapiens (human),Brain_Substantia_nigra,chr2_24901925_T_C_b38,rs7560156,ENSG00000138031.15,ADCY3,109,1.37373657182526e-08,-0.345566779375076,-18312
chr2,hsa04740,Olfactory transduction - Homo sapiens (human),Brain_Substantia_nigra,chr2_24901925_T_C_b38,rs7560156,ENSG00000138031.15,ADCY3,109,1.37373657182526e-08,-0.345566779375076,-18312
chr2,hsa04912,GnRH signaling pathway - Homo sapiens (human),Brain_Substantia_nigra,chr2_24901925_T_C_b38,rs7560156,ENSG00000138031.15,ADCY3,109,1.37373657182526e-08,-0.345566779375076,-18312
chr2,hsa04914,Progesterone-mediated oocyte maturation - Homo sapiens (human),Brain_Substantia_nigra,chr2_24901925_T_C_b38,rs7560156,ENSG00000138031.15,ADCY3,109,1.37373657182526e-08,-0.345566779375076,-18312
chr2,hsa04916,Melanogenesis - Homo sapiens (human),Brain_Substantia_nigra,chr2_24901925_T_C_b38,rs7560156,ENSG00000138031.15,ADCY3,109,1.37373657182526e-08,-0.345566779375076,-18312
chr2,hsa04962,Vasopressin-regulated water reabsorption - Homo sapiens (human),Brain_Substantia_nigra,chr2_24901925_T_C_b38,rs7560156,ENSG00000138031.15,ADCY3,109,1.37373657182526e-08,-0.345566779375076,-18312
chr2,hsa04970,Salivary secretion - Homo sapiens (human),Brain_Substantia_nigra,chr2_24901925_T_C_b38,rs7560156,ENSG00000138031.15,ADCY3,109,1.37373657182526e-08,-0.345566779375076,-18312
chr2,hsa04971,Gastric acid secretion - Homo sapiens (human),Brain_Substantia_nigra,chr2_24901925_T_C_b38,rs7560156,ENSG00000138031.15,ADCY3,109,1.37373657182526e-08,-0.345566779375076,-18312
chr2,hsa04972,Pancreatic secretion - Homo sapiens (human),Brain_Substantia_nigra,chr2_24901925_T_C_b38,rs7560156,ENSG00000138031.15,ADCY3,109,1.37373657182526e-08,-0.345566779375076,-18312
chr2,hsa04976,Bile secretion - Homo sapiens (human),Brain_Substantia_nigra,chr2_24901925_T_C_b38,rs7560156,ENSG00000138031.15,ADCY3,109,1.37373657182526e-08,-0.345566779375076,-18312
chr2,hsa05110,Vibrio cholerae infection - Homo sapiens (human),Brain_Substantia_nigra,chr2_24901925_T_C_b38,rs7560156,ENSG00000138031.15,ADCY3,109,1.37373657182526e-08,-0.345566779375076,-18312
chr2,hsa05414,Dilated cardiomyopathy - Homo sapiens (human),Brain_Substantia_nigra,chr2_24901925_T_C_b38,rs7560156,ENSG00000138031.15,ADCY3,109,1.37373657182526e-08,-0.345566779375076,-18312
chr2,hsa00230,Purine metabolism - Homo sapiens (human),Brain_Substantia_nigra,chr2_24902134_G_A_b38,rs6719064,ENSG00000138031.15,ADCY3,109,1.37373657182526e-08,-0.345566779375076,-18103
chr2,hsa04020,Calcium signaling pathway - Homo sapiens (human),Brain_Substantia_nigra,chr2_24902134_G_A_b38,rs6719064,ENSG00000138031.15,ADCY3,109,1.37373657182526e-08,-0.345566779375076,-18103
chr2,hsa04062,Chemokine signaling pathway - Homo sapiens (human),Brain_Substantia_nigra,chr2_24902134_G_A_b38,rs6719064,ENSG00000138031.15,ADCY3,109,1.37373657182526e-08,-0.345566779375076,-18103
chr2,hsa04114,Oocyte meiosis - Homo sapiens (human),Brain_Substantia_nigra,chr2_24902134_G_A_b38,rs6719064,ENSG00000138031.15,ADCY3,109,1.37373657182526e-08,-0.345566779375076,-18103
chr2,hsa04270,Vascular smooth muscle contraction - Homo sapiens (human),Brain_Substantia_nigra,chr2_24902134_G_A_b38,rs6719064,ENSG00000138031.15,ADCY3,109,1.37373657182526e-08,-0.345566779375076,-18103
chr2,hsa04540,Gap junction - Homo sapiens (human),Brain_Substantia_nigra,chr2_24902134_G_A_b38,rs6719064,ENSG00000138031.15,ADCY3,109,1.37373657182526e-08,-0.345566779375076,-18103
chr2,hsa04740,Olfactory transduction - Homo sapiens (human),Brain_Substantia_nigra,chr2_24902134_G_A_b38,rs6719064,ENSG00000138031.15,ADCY3,109,1.37373657182526e-08,-0.345566779375076,-18103
chr2,hsa04912,GnRH signaling pathway - Homo sapiens (human),Brain_Substantia_nigra,chr2_24902134_G_A_b38,rs6719064,ENSG00000138031.15,ADCY3,109,1.37373657182526e-08,-0.345566779375076,-18103
chr2,hsa04914,Progesterone-mediated oocyte maturation - Homo sapiens (human),Brain_Substantia_nigra,chr2_24902134_G_A_b38,rs6719064,ENSG00000138031.15,ADCY3,109,1.37373657182526e-08,-0.345566779375076,-18103
chr2,hsa04916,Melanogenesis - Homo sapiens (human),Brain_Substantia_nigra,chr2_24902134_G_A_b38,rs6719064,ENSG00000138031.15,ADCY3,109,1.37373657182526e-08,-0.345566779375076,-18103
chr2,hsa04962,Vasopressin-regulated water reabsorption - Homo sapiens (human),Brain_Substantia_nigra,chr2_24902134_G_A_b38,rs6719064,ENSG00000138031.15,ADCY3,109,1.37373657182526e-08,-0.345566779375076,-18103
chr2,hsa04970,Salivary secretion - Homo sapiens (human),Brain_Substantia_nigra,chr2_24902134_G_A_b38,rs6719064,ENSG00000138031.15,ADCY3,109,1.37373657182526e-08,-0.345566779375076,-18103
chr2,hsa04971,Gastric acid secretion - Homo sapiens (human),Brain_Substantia_nigra,chr2_24902134_G_A_b38,rs6719064,ENSG00000138031.15,ADCY3,109,1.37373657182526e-08,-0.345566779375076,-18103
chr2,hsa04972,Pancreatic secretion - Homo sapiens (human),Brain_Substantia_nigra,chr2_24902134_G_A_b38,rs6719064,ENSG00000138031.15,ADCY3,109,1.37373657182526e-08,-0.345566779375076,-18103
chr2,hsa04976,Bile secretion - Homo sapiens (human),Brain_Substantia_nigra,chr2_24902134_G_A_b38,rs6719064,ENSG00000138031.15,ADCY3,109,1.37373657182526e-08,-0.345566779375076,-18103
chr2,hsa05110,Vibrio cholerae infection - Homo sapiens (human),Brain_Substantia_nigra,chr2_24902134_G_A_b38,rs6719064,ENSG00000138031.15,ADCY3,109,1.37373657182526e-08,-0.345566779375076,-18103
chr2,hsa05414,Dilated cardiomyopathy - Homo sapiens (human),Brain_Substantia_nigra,chr2_24902134_G_A_b38,rs6719064,ENSG00000138031.15,ADCY3,109,1.37373657182526e-08,-0.345566779375076,-18103
chr2,hsa00230,Purine metabolism - Homo sapiens (human),Brain_Substantia_nigra,chr2_24902206_T_G_b38,rs7563204,ENSG00000138031.15,ADCY3,109,8.46675538733406e-13,-0.407738238573074,-18031
chr2,hsa04020,Calcium signaling pathway - Homo sapiens (human),Brain_Substantia_nigra,chr2_24902206_T_G_b38,rs7563204,ENSG00000138031.15,ADCY3,109,8.46675538733406e-13,-0.407738238573074,-18031
chr2,hsa04062,Chemokine signaling pathway - Homo sapiens (human),Brain_Substantia_nigra,chr2_24902206_T_G_b38,rs7563204,ENSG00000138031.15,ADCY3,109,8.46675538733406e-13,-0.407738238573074,-18031
chr2,hsa04114,Oocyte meiosis - Homo sapiens (human),Brain_Substantia_nigra,chr2_24902206_T_G_b38,rs7563204,ENSG00000138031.15,ADCY3,109,8.46675538733406e-13,-0.407738238573074,-18031
chr2,hsa04270,Vascular smooth muscle contraction - Homo sapiens (human),Brain_Substantia_nigra,chr2_24902206_T_G_b38,rs7563204,ENSG00000138031.15,ADCY3,109,8.46675538733406e-13,-0.407738238573074,-18031
chr2,hsa04540,Gap junction - Homo sapiens (human),Brain_Substantia_nigra,chr2_24902206_T_G_b38,rs7563204,ENSG00000138031.15,ADCY3,109,8.46675538733406e-13,-0.407738238573074,-18031
chr2,hsa04740,Olfactory transduction - Homo sapiens (human),Brain_Substantia_nigra,chr2_24902206_T_G_b38,rs7563204,ENSG00000138031.15,ADCY3,109,8.46675538733406e-13,-0.407738238573074,-18031
chr2,hsa04912,GnRH signaling pathway - Homo sapiens (human),Brain_Substantia_nigra,chr2_24902206_T_G_b38,rs7563204,ENSG00000138031.15,ADCY3,109,8.46675538733406e-13,-0.407738238573074,-18031
chr2,hsa04914,Progesterone-mediated oocyte maturation - Homo sapiens (human),Brain_Substantia_nigra,chr2_24902206_T_G_b38,rs7563204,ENSG00000138031.15,ADCY3,109,8.46675538733406e-13,-0.407738238573074,-18031
chr2,hsa04916,Melanogenesis - Homo sapiens (human),Brain_Substantia_nigra,chr2_24902206_T_G_b38,rs7563204,ENSG00000138031.15,ADCY3,109,8.46675538733406e-13,-0.407738238573074,-18031
chr2,hsa04962,Vasopressin-regulated water reabsorption - Homo sapiens (human),Brain_Substantia_nigra,chr2_24902206_T_G_b38,rs7563204,ENSG00000138031.15,ADCY3,109,8.46675538733406e-13,-0.407738238573074,-18031
chr2,hsa04970,Salivary secretion - Homo sapiens (human),Brain_Substantia_nigra,chr2_24902206_T_G_b38,rs7563204,ENSG00000138031.15,ADCY3,109,8.46675538733406e-13,-0.407738238573074,-18031
chr2,hsa04971,Gastric acid secretion - Homo sapiens (human),Brain_Substantia_nigra,chr2_24902206_T_G_b38,rs7563204,ENSG00000138031.15,ADCY3,109,8.46675538733406e-13,-0.407738238573074,-18031
chr2,hsa04972,Pancreatic secretion - Homo sapiens (human),Brain_Substantia_nigra,chr2_24902206_T_G_b38,rs7563204,ENSG00000138031.15,ADCY3,109,8.46675538733406e-13,-0.407738238573074,-18031
chr2,hsa04976,Bile secretion - Homo sapiens (human),Brain_Substantia_nigra,chr2_24902206_T_G_b38,rs7563204,ENSG00000138031.15,ADCY3,109,8.46675538733406e-13,-0.407738238573074,-18031
chr2,hsa05110,Vibrio cholerae infection - Homo sapiens (human),Brain_Substantia_nigra,chr2_24902206_T_G_b38,rs7563204,ENSG00000138031.15,ADCY3,109,8.46675538733406e-13,-0.407738238573074,-18031
chr2,hsa05414,Dilated cardiomyopathy - Homo sapiens (human),Brain_Substantia_nigra,chr2_24902206_T_G_b38,rs7563204,ENSG00000138031.15,ADCY3,109,8.46675538733406e-13,-0.407738238573074,-18031
chr2,hsa00230,Purine metabolism - Homo sapiens (human),Brain_Substantia_nigra,chr2_24902716_C_T_b38,rs876186,ENSG00000138031.15,ADCY3,109,8.46675538733406e-13,-0.407738238573074,-17521
chr2,hsa04020,Calcium signaling pathway - Homo sapiens (human),Brain_Substantia_nigra,chr2_24902716_C_T_b38,rs876186,ENSG00000138031.15,ADCY3,109,8.46675538733406e-13,-0.407738238573074,-17521
chr2,hsa04062,Chemokine signaling pathway - Homo sapiens (human),Brain_Substantia_nigra,chr2_24902716_C_T_b38,rs876186,ENSG00000138031.15,ADCY3,109,8.46675538733406e-13,-0.407738238573074,-17521
chr2,hsa04114,Oocyte meiosis - Homo sapiens (human),Brain_Substantia_nigra,chr2_24902716_C_T_b38,rs876186,ENSG00000138031.15,ADCY3,109,8.46675538733406e-13,-0.407738238573074,-17521
chr2,hsa04270,Vascular smooth muscle contraction - Homo sapiens (human),Brain_Substantia_nigra,chr2_24902716_C_T_b38,rs876186,ENSG00000138031.15,ADCY3,109,8.46675538733406e-13,-0.407738238573074,-17521
chr2,hsa04540,Gap junction - Homo sapiens (human),Brain_Substantia_nigra,chr2_24902716_C_T_b38,rs876186,ENSG00000138031.15,ADCY3,109,8.46675538733406e-13,-0.407738238573074,-17521
chr2,hsa04740,Olfactory transduction - Homo sapiens (human),Brain_Substantia_nigra,chr2_24902716_C_T_b38,rs876186,ENSG00000138031.15,ADCY3,109,8.46675538733406e-13,-0.407738238573074,-17521
chr2,hsa04912,GnRH signaling pathway - Homo sapiens (human),Brain_Substantia_nigra,chr2_24902716_C_T_b38,rs876186,ENSG00000138031.15,ADCY3,109,8.46675538733406e-13,-0.407738238573074,-17521
chr2,hsa04914,Progesterone-mediated oocyte maturation - Homo sapiens (human),Brain_Substantia_nigra,chr2_24902716_C_T_b38,rs876186,ENSG00000138031.15,ADCY3,109,8.46675538733406e-13,-0.407738238573074,-17521
chr2,hsa04916,Melanogenesis - Homo sapiens (human),Brain_Substantia_nigra,chr2_24902716_C_T_b38,rs876186,ENSG00000138031.15,ADCY3,109,8.46675538733406e-13,-0.407738238573074,-17521
chr2,hsa04962,Vasopressin-regulated water reabsorption - Homo sapiens (human),Brain_Substantia_nigra,chr2_24902716_C_T_b38,rs876186,ENSG00000138031.15,ADCY3,109,8.46675538733406e-13,-0.407738238573074,-17521
chr2,hsa04970,Salivary secretion - Homo sapiens (human),Brain_Substantia_nigra,chr2_24902716_C_T_b38,rs876186,ENSG00000138031.15,ADCY3,109,8.46675538733406e-13,-0.407738238573074,-17521
chr2,hsa04971,Gastric acid secretion - Homo sapiens (human),Brain_Substantia_nigra,chr2_24902716_C_T_b38,rs876186,ENSG00000138031.15,ADCY3,109,8.46675538733406e-13,-0.407738238573074,-17521
chr2,hsa04972,Pancreatic secretion - Homo sapiens (human),Brain_Substantia_nigra,chr2_24902716_C_T_b38,rs876186,ENSG00000138031.15,ADCY3,109,8.46675538733406e-13,-0.407738238573074,-17521
chr2,hsa04976,Bile secretion - Homo sapiens (human),Brain_Substantia_nigra,chr2_24902716_C_T_b38,rs876186,ENSG00000138031.15,ADCY3,109,8.46675538733406e-13,-0.407738238573074,-17521
chr2,hsa05110,Vibrio cholerae infection - Homo sapiens (human),Brain_Substantia_nigra,chr2_24902716_C_T_b38,rs876186,ENSG00000138031.15,ADCY3,109,8.46675538733406e-13,-0.407738238573074,-17521
chr2,hsa05414,Dilated cardiomyopathy - Homo sapiens (human),Brain_Substantia_nigra,chr2_24902716_C_T_b38,rs876186,ENSG00000138031.15,ADCY3,109,8.46675538733406e-13,-0.407738238573074,-17521
chr2,hsa00230,Purine metabolism - Homo sapiens (human),Brain_Substantia_nigra,chr2_24902955_C_T_b38,rs35072958,ENSG00000138031.15,ADCY3,109,1.37373657182526e-08,-0.345566779375076,-17282
chr2,hsa04020,Calcium signaling pathway - Homo sapiens (human),Brain_Substantia_nigra,chr2_24902955_C_T_b38,rs35072958,ENSG00000138031.15,ADCY3,109,1.37373657182526e-08,-0.345566779375076,-17282
chr2,hsa04062,Chemokine signaling pathway - Homo sapiens (human),Brain_Substantia_nigra,chr2_24902955_C_T_b38,rs35072958,ENSG00000138031.15,ADCY3,109,1.37373657182526e-08,-0.345566779375076,-17282
chr2,hsa04114,Oocyte meiosis - Homo sapiens (human),Brain_Substantia_nigra,chr2_24902955_C_T_b38,rs35072958,ENSG00000138031.15,ADCY3,109,1.37373657182526e-08,-0.345566779375076,-17282
chr2,hsa04270,Vascular smooth muscle contraction - Homo sapiens (human),Brain_Substantia_nigra,chr2_24902955_C_T_b38,rs35072958,ENSG00000138031.15,ADCY3,109,1.37373657182526e-08,-0.345566779375076,-17282
chr2,hsa04540,Gap junction - Homo sapiens (human),Brain_Substantia_nigra,chr2_24902955_C_T_b38,rs35072958,ENSG00000138031.15,ADCY3,109,1.37373657182526e-08,-0.345566779375076,-17282
chr2,hsa04740,Olfactory transduction - Homo sapiens (human),Brain_Substantia_nigra,chr2_24902955_C_T_b38,rs35072958,ENSG00000138031.15,ADCY3,109,1.37373657182526e-08,-0.345566779375076,-17282
chr2,hsa04912,GnRH signaling pathway - Homo sapiens (human),Brain_Substantia_nigra,chr2_24902955_C_T_b38,rs35072958,ENSG00000138031.15,ADCY3,109,1.37373657182526e-08,-0.345566779375076,-17282
chr2,hsa04914,Progesterone-mediated oocyte maturation - Homo sapiens (human),Brain_Substantia_nigra,chr2_24902955_C_T_b38,rs35072958,ENSG00000138031.15,ADCY3,109,1.37373657182526e-08,-0.345566779375076,-17282
chr2,hsa04916,Melanogenesis - Homo sapiens (human),Brain_Substantia_nigra,chr2_24902955_C_T_b38,rs35072958,ENSG00000138031.15,ADCY3,109,1.37373657182526e-08,-0.345566779375076,-17282
chr2,hsa04962,Vasopressin-regulated water reabsorption - Homo sapiens (human),Brain_Substantia_nigra,chr2_24902955_C_T_b38,rs35072958,ENSG00000138031.15,ADCY3,109,1.37373657182526e-08,-0.345566779375076,-17282
chr2,hsa04970,Salivary secretion - Homo sapiens (human),Brain_Substantia_nigra,chr2_24902955_C_T_b38,rs35072958,ENSG00000138031.15,ADCY3,109,1.37373657182526e-08,-0.345566779375076,-17282
chr2,hsa04971,Gastric acid secretion - Homo sapiens (human),Brain_Substantia_nigra,chr2_24902955_C_T_b38,rs35072958,ENSG00000138031.15,ADCY3,109,1.37373657182526e-08,-0.345566779375076,-17282
chr2,hsa04972,Pancreatic secretion - Homo sapiens (human),Brain_Substantia_nigra,chr2_24902955_C_T_b38,rs35072958,ENSG00000138031.15,ADCY3,109,1.37373657182526e-08,-0.345566779375076,-17282
chr2,hsa04976,Bile secretion - Homo sapiens (human),Brain_Substantia_nigra,chr2_24902955_C_T_b38,rs35072958,ENSG00000138031.15,ADCY3,109,1.37373657182526e-08,-0.345566779375076,-17282
chr2,hsa05110,Vibrio cholerae infection - Homo sapiens (human),Brain_Substantia_nigra,chr2_24902955_C_T_b38,rs35072958,ENSG00000138031.15,ADCY3,109,1.37373657182526e-08,-0.345566779375076,-17282
chr2,hsa05414,Dilated cardiomyopathy - Homo sapiens (human),Brain_Substantia_nigra,chr2_24902955_C_T_b38,rs35072958,ENSG00000138031.15,ADCY3,109,1.37373657182526e-08,-0.345566779375076,-17282
chr2,hsa00230,Purine metabolism - Homo sapiens (human),Brain_Substantia_nigra,chr2_24903361_A_G_b38,rs6712981,ENSG00000138031.15,ADCY3,109,8.46675538733406e-13,-0.407738238573074,-16876
chr2,hsa04020,Calcium signaling pathway - Homo sapiens (human),Brain_Substantia_nigra,chr2_24903361_A_G_b38,rs6712981,ENSG00000138031.15,ADCY3,109,8.46675538733406e-13,-0.407738238573074,-16876
chr2,hsa04062,Chemokine signaling pathway - Homo sapiens (human),Brain_Substantia_nigra,chr2_24903361_A_G_b38,rs6712981,ENSG00000138031.15,ADCY3,109,8.46675538733406e-13,-0.407738238573074,-16876
chr2,hsa04114,Oocyte meiosis - Homo sapiens (human),Brain_Substantia_nigra,chr2_24903361_A_G_b38,rs6712981,ENSG00000138031.15,ADCY3,109,8.46675538733406e-13,-0.407738238573074,-16876
chr2,hsa04270,Vascular smooth muscle contraction - Homo sapiens (human),Brain_Substantia_nigra,chr2_24903361_A_G_b38,rs6712981,ENSG00000138031.15,ADCY3,109,8.46675538733406e-13,-0.407738238573074,-16876
chr2,hsa04540,Gap junction - Homo sapiens (human),Brain_Substantia_nigra,chr2_24903361_A_G_b38,rs6712981,ENSG00000138031.15,ADCY3,109,8.46675538733406e-13,-0.407738238573074,-16876
chr2,hsa04740,Olfactory transduction - Homo sapiens (human),Brain_Substantia_nigra,chr2_24903361_A_G_b38,rs6712981,ENSG00000138031.15,ADCY3,109,8.46675538733406e-13,-0.407738238573074,-16876
chr2,hsa04912,GnRH signaling pathway - Homo sapiens (human),Brain_Substantia_nigra,chr2_24903361_A_G_b38,rs6712981,ENSG00000138031.15,ADCY3,109,8.46675538733406e-13,-0.407738238573074,-16876
chr2,hsa04914,Progesterone-mediated oocyte maturation - Homo sapiens (human),Brain_Substantia_nigra,chr2_24903361_A_G_b38,rs6712981,ENSG00000138031.15,ADCY3,109,8.46675538733406e-13,-0.407738238573074,-16876
chr2,hsa04916,Melanogenesis - Homo sapiens (human),Brain_Substantia_nigra,chr2_24903361_A_G_b38,rs6712981,ENSG00000138031.15,ADCY3,109,8.46675538733406e-13,-0.407738238573074,-16876
chr2,hsa04962,Vasopressin-regulated water reabsorption - Homo sapiens (human),Brain_Substantia_nigra,chr2_24903361_A_G_b38,rs6712981,ENSG00000138031.15,ADCY3,109,8.46675538733406e-13,-0.407738238573074,-16876
chr2,hsa04970,Salivary secretion - Homo sapiens (human),Brain_Substantia_nigra,chr2_24903361_A_G_b38,rs6712981,ENSG00000138031.15,ADCY3,109,8.46675538733406e-13,-0.407738238573074,-16876
chr2,hsa04971,Gastric acid secretion - Homo sapiens (human),Brain_Substantia_nigra,chr2_24903361_A_G_b38,rs6712981,ENSG00000138031.15,ADCY3,109,8.46675538733406e-13,-0.407738238573074,-16876
chr2,hsa04972,Pancreatic secretion - Homo sapiens (human),Brain_Substantia_nigra,chr2_24903361_A_G_b38,rs6712981,ENSG00000138031.15,ADCY3,109,8.46675538733406e-13,-0.407738238573074,-16876
chr2,hsa04976,Bile secretion - Homo sapiens (human),Brain_Substantia_nigra,chr2_24903361_A_G_b38,rs6712981,ENSG00000138031.15,ADCY3,109,8.46675538733406e-13,-0.407738238573074,-16876
chr2,hsa05110,Vibrio cholerae infection - Homo sapiens (human),Brain_Substantia_nigra,chr2_24903361_A_G_b38,rs6712981,ENSG00000138031.15,ADCY3,109,8.46675538733406e-13,-0.407738238573074,-16876
chr2,hsa05414,Dilated cardiomyopathy - Homo sapiens (human),Brain_Substantia_nigra,chr2_24903361_A_G_b38,rs6712981,ENSG00000138031.15,ADCY3,109,8.46675538733406e-13,-0.407738238573074,-16876
chr2,hsa00230,Purine metabolism - Homo sapiens (human),Brain_Substantia_nigra,chr2_24903459_G_C_b38,rs6726199,ENSG00000138031.15,ADCY3,109,8.46675538733406e-13,-0.407738238573074,-16778
chr2,hsa04020,Calcium signaling pathway - Homo sapiens (human),Brain_Substantia_nigra,chr2_24903459_G_C_b38,rs6726199,ENSG00000138031.15,ADCY3,109,8.46675538733406e-13,-0.407738238573074,-16778
chr2,hsa04062,Chemokine signaling pathway - Homo sapiens (human),Brain_Substantia_nigra,chr2_24903459_G_C_b38,rs6726199,ENSG00000138031.15,ADCY3,109,8.46675538733406e-13,-0.407738238573074,-16778
chr2,hsa04114,Oocyte meiosis - Homo sapiens (human),Brain_Substantia_nigra,chr2_24903459_G_C_b38,rs6726199,ENSG00000138031.15,ADCY3,109,8.46675538733406e-13,-0.407738238573074,-16778
chr2,hsa04270,Vascular smooth muscle contraction - Homo sapiens (human),Brain_Substantia_nigra,chr2_24903459_G_C_b38,rs6726199,ENSG00000138031.15,ADCY3,109,8.46675538733406e-13,-0.407738238573074,-16778
chr2,hsa04540,Gap junction - Homo sapiens (human),Brain_Substantia_nigra,chr2_24903459_G_C_b38,rs6726199,ENSG00000138031.15,ADCY3,109,8.46675538733406e-13,-0.407738238573074,-16778
chr2,hsa04740,Olfactory transduction - Homo sapiens (human),Brain_Substantia_nigra,chr2_24903459_G_C_b38,rs6726199,ENSG00000138031.15,ADCY3,109,8.46675538733406e-13,-0.407738238573074,-16778
chr2,hsa04912,GnRH signaling pathway - Homo sapiens (human),Brain_Substantia_nigra,chr2_24903459_G_C_b38,rs6726199,ENSG00000138031.15,ADCY3,109,8.46675538733406e-13,-0.407738238573074,-16778
chr2,hsa04914,Progesterone-mediated oocyte maturation - Homo sapiens (human),Brain_Substantia_nigra,chr2_24903459_G_C_b38,rs6726199,ENSG00000138031.15,ADCY3,109,8.46675538733406e-13,-0.407738238573074,-16778
chr2,hsa04916,Melanogenesis - Homo sapiens (human),Brain_Substantia_nigra,chr2_24903459_G_C_b38,rs6726199,ENSG00000138031.15,ADCY3,109,8.46675538733406e-13,-0.407738238573074,-16778
chr2,hsa04962,Vasopressin-regulated water reabsorption - Homo sapiens (human),Brain_Substantia_nigra,chr2_24903459_G_C_b38,rs6726199,ENSG00000138031.15,ADCY3,109,8.46675538733406e-13,-0.407738238573074,-16778
chr2,hsa04970,Salivary secretion - Homo sapiens (human),Brain_Substantia_nigra,chr2_24903459_G_C_b38,rs6726199,ENSG00000138031.15,ADCY3,109,8.46675538733406e-13,-0.407738238573074,-16778
chr2,hsa04971,Gastric acid secretion - Homo sapiens (human),Brain_Substantia_nigra,chr2_24903459_G_C_b38,rs6726199,ENSG00000138031.15,ADCY3,109,8.46675538733406e-13,-0.407738238573074,-16778
chr2,hsa04972,Pancreatic secretion - Homo sapiens (human),Brain_Substantia_nigra,chr2_24903459_G_C_b38,rs6726199,ENSG00000138031.15,ADCY3,109,8.46675538733406e-13,-0.407738238573074,-16778
chr2,hsa04976,Bile secretion - Homo sapiens (human),Brain_Substantia_nigra,chr2_24903459_G_C_b38,rs6726199,ENSG00000138031.15,ADCY3,109,8.46675538733406e-13,-0.407738238573074,-16778
chr2,hsa05110,Vibrio cholerae infection - Homo sapiens (human),Brain_Substantia_nigra,chr2_24903459_G_C_b38,rs6726199,ENSG00000138031.15,ADCY3,109,8.46675538733406e-13,-0.407738238573074,-16778
chr2,hsa05414,Dilated cardiomyopathy - Homo sapiens (human),Brain_Substantia_nigra,chr2_24903459_G_C_b38,rs6726199,ENSG00000138031.15,ADCY3,109,8.46675538733406e-13,-0.407738238573074,-16778
chr2,hsa00230,Purine metabolism - Homo sapiens (human),Brain_Substantia_nigra,chr2_24903747_A_G_b38,rs13404163,ENSG00000138031.15,ADCY3,109,1.37373657182526e-08,-0.345566779375076,-16490
chr2,hsa04020,Calcium signaling pathway - Homo sapiens (human),Brain_Substantia_nigra,chr2_24903747_A_G_b38,rs13404163,ENSG00000138031.15,ADCY3,109,1.37373657182526e-08,-0.345566779375076,-16490
chr2,hsa04062,Chemokine signaling pathway - Homo sapiens (human),Brain_Substantia_nigra,chr2_24903747_A_G_b38,rs13404163,ENSG00000138031.15,ADCY3,109,1.37373657182526e-08,-0.345566779375076,-16490
chr2,hsa04114,Oocyte meiosis - Homo sapiens (human),Brain_Substantia_nigra,chr2_24903747_A_G_b38,rs13404163,ENSG00000138031.15,ADCY3,109,1.37373657182526e-08,-0.345566779375076,-16490
chr2,hsa04270,Vascular smooth muscle contraction - Homo sapiens (human),Brain_Substantia_nigra,chr2_24903747_A_G_b38,rs13404163,ENSG00000138031.15,ADCY3,109,1.37373657182526e-08,-0.345566779375076,-16490
chr2,hsa04540,Gap junction - Homo sapiens (human),Brain_Substantia_nigra,chr2_24903747_A_G_b38,rs13404163,ENSG00000138031.15,ADCY3,109,1.37373657182526e-08,-0.345566779375076,-16490
chr2,hsa04740,Olfactory transduction - Homo sapiens (human),Brain_Substantia_nigra,chr2_24903747_A_G_b38,rs13404163,ENSG00000138031.15,ADCY3,109,1.37373657182526e-08,-0.345566779375076,-16490
chr2,hsa04912,GnRH signaling pathway - Homo sapiens (human),Brain_Substantia_nigra,chr2_24903747_A_G_b38,rs13404163,ENSG00000138031.15,ADCY3,109,1.37373657182526e-08,-0.345566779375076,-16490
chr2,hsa04914,Progesterone-mediated oocyte maturation - Homo sapiens (human),Brain_Substantia_nigra,chr2_24903747_A_G_b38,rs13404163,ENSG00000138031.15,ADCY3,109,1.37373657182526e-08,-0.345566779375076,-16490
chr2,hsa04916,Melanogenesis - Homo sapiens (human),Brain_Substantia_nigra,chr2_24903747_A_G_b38,rs13404163,ENSG00000138031.15,ADCY3,109,1.37373657182526e-08,-0.345566779375076,-16490
chr2,hsa04962,Vasopressin-regulated water reabsorption - Homo sapiens (human),Brain_Substantia_nigra,chr2_24903747_A_G_b38,rs13404163,ENSG00000138031.15,ADCY3,109,1.37373657182526e-08,-0.345566779375076,-16490
chr2,hsa04970,Salivary secretion - Homo sapiens (human),Brain_Substantia_nigra,chr2_24903747_A_G_b38,rs13404163,ENSG00000138031.15,ADCY3,109,1.37373657182526e-08,-0.345566779375076,-16490
chr2,hsa04971,Gastric acid secretion - Homo sapiens (human),Brain_Substantia_nigra,chr2_24903747_A_G_b38,rs13404163,ENSG00000138031.15,ADCY3,109,1.37373657182526e-08,-0.345566779375076,-16490
chr2,hsa04972,Pancreatic secretion - Homo sapiens (human),Brain_Substantia_nigra,chr2_24903747_A_G_b38,rs13404163,ENSG00000138031.15,ADCY3,109,1.37373657182526e-08,-0.345566779375076,-16490
chr2,hsa04976,Bile secretion - Homo sapiens (human),Brain_Substantia_nigra,chr2_24903747_A_G_b38,rs13404163,ENSG00000138031.15,ADCY3,109,1.37373657182526e-08,-0.345566779375076,-16490
chr2,hsa05110,Vibrio cholerae infection - Homo sapiens (human),Brain_Substantia_nigra,chr2_24903747_A_G_b38,rs13404163,ENSG00000138031.15,ADCY3,109,1.37373657182526e-08,-0.345566779375076,-16490
chr2,hsa05414,Dilated cardiomyopathy - Homo sapiens (human),Brain_Substantia_nigra,chr2_24903747_A_G_b38,rs13404163,ENSG00000138031.15,ADCY3,109,1.37373657182526e-08,-0.345566779375076,-16490
chr2,hsa00230,Purine metabolism - Homo sapiens (human),Brain_Substantia_nigra,chr2_24903846_C_T_b38,rs6545809,ENSG00000138031.15,ADCY3,109,8.46675538733406e-13,-0.407738238573074,-16391
chr2,hsa04020,Calcium signaling pathway - Homo sapiens (human),Brain_Substantia_nigra,chr2_24903846_C_T_b38,rs6545809,ENSG00000138031.15,ADCY3,109,8.46675538733406e-13,-0.407738238573074,-16391
chr2,hsa04062,Chemokine signaling pathway - Homo sapiens (human),Brain_Substantia_nigra,chr2_24903846_C_T_b38,rs6545809,ENSG00000138031.15,ADCY3,109,8.46675538733406e-13,-0.407738238573074,-16391
chr2,hsa04114,Oocyte meiosis - Homo sapiens (human),Brain_Substantia_nigra,chr2_24903846_C_T_b38,rs6545809,ENSG00000138031.15,ADCY3,109,8.46675538733406e-13,-0.407738238573074,-16391
chr2,hsa04270,Vascular smooth muscle contraction - Homo sapiens (human),Brain_Substantia_nigra,chr2_24903846_C_T_b38,rs6545809,ENSG00000138031.15,ADCY3,109,8.46675538733406e-13,-0.407738238573074,-16391
chr2,hsa04540,Gap junction - Homo sapiens (human),Brain_Substantia_nigra,chr2_24903846_C_T_b38,rs6545809,ENSG00000138031.15,ADCY3,109,8.46675538733406e-13,-0.407738238573074,-16391
chr2,hsa04740,Olfactory transduction - Homo sapiens (human),Brain_Substantia_nigra,chr2_24903846_C_T_b38,rs6545809,ENSG00000138031.15,ADCY3,109,8.46675538733406e-13,-0.407738238573074,-16391
chr2,hsa04912,GnRH signaling pathway - Homo sapiens (human),Brain_Substantia_nigra,chr2_24903846_C_T_b38,rs6545809,ENSG00000138031.15,ADCY3,109,8.46675538733406e-13,-0.407738238573074,-16391
chr2,hsa04914,Progesterone-mediated oocyte maturation - Homo sapiens (human),Brain_Substantia_nigra,chr2_24903846_C_T_b38,rs6545809,ENSG00000138031.15,ADCY3,109,8.46675538733406e-13,-0.407738238573074,-16391
chr2,hsa04916,Melanogenesis - Homo sapiens (human),Brain_Substantia_nigra,chr2_24903846_C_T_b38,rs6545809,ENSG00000138031.15,ADCY3,109,8.46675538733406e-13,-0.407738238573074,-16391
chr2,hsa04962,Vasopressin-regulated water reabsorption - Homo sapiens (human),Brain_Substantia_nigra,chr2_24903846_C_T_b38,rs6545809,ENSG00000138031.15,ADCY3,109,8.46675538733406e-13,-0.407738238573074,-16391
chr2,hsa04970,Salivary secretion - Homo sapiens (human),Brain_Substantia_nigra,chr2_24903846_C_T_b38,rs6545809,ENSG00000138031.15,ADCY3,109,8.46675538733406e-13,-0.407738238573074,-16391
chr2,hsa04971,Gastric acid secretion - Homo sapiens (human),Brain_Substantia_nigra,chr2_24903846_C_T_b38,rs6545809,ENSG00000138031.15,ADCY3,109,8.46675538733406e-13,-0.407738238573074,-16391
chr2,hsa04972,Pancreatic secretion - Homo sapiens (human),Brain_Substantia_nigra,chr2_24903846_C_T_b38,rs6545809,ENSG00000138031.15,ADCY3,109,8.46675538733406e-13,-0.407738238573074,-16391
chr2,hsa04976,Bile secretion - Homo sapiens (human),Brain_Substantia_nigra,chr2_24903846_C_T_b38,rs6545809,ENSG00000138031.15,ADCY3,109,8.46675538733406e-13,-0.407738238573074,-16391
chr2,hsa05110,Vibrio cholerae infection - Homo sapiens (human),Brain_Substantia_nigra,chr2_24903846_C_T_b38,rs6545809,ENSG00000138031.15,ADCY3,109,8.46675538733406e-13,-0.407738238573074,-16391
chr2,hsa05414,Dilated cardiomyopathy - Homo sapiens (human),Brain_Substantia_nigra,chr2_24903846_C_T_b38,rs6545809,ENSG00000138031.15,ADCY3,109,8.46675538733406e-13,-0.407738238573074,-16391
chr2,hsa00230,Purine metabolism - Homo sapiens (human),Brain_Substantia_nigra,chr2_24904745_A_G_b38,rs6717671,ENSG00000138031.15,ADCY3,109,8.46675538733406e-13,-0.407738238573074,-15492
chr2,hsa04020,Calcium signaling pathway - Homo sapiens (human),Brain_Substantia_nigra,chr2_24904745_A_G_b38,rs6717671,ENSG00000138031.15,ADCY3,109,8.46675538733406e-13,-0.407738238573074,-15492
chr2,hsa04062,Chemokine signaling pathway - Homo sapiens (human),Brain_Substantia_nigra,chr2_24904745_A_G_b38,rs6717671,ENSG00000138031.15,ADCY3,109,8.46675538733406e-13,-0.407738238573074,-15492
chr2,hsa04114,Oocyte meiosis - Homo sapiens (human),Brain_Substantia_nigra,chr2_24904745_A_G_b38,rs6717671,ENSG00000138031.15,ADCY3,109,8.46675538733406e-13,-0.407738238573074,-15492
chr2,hsa04270,Vascular smooth muscle contraction - Homo sapiens (human),Brain_Substantia_nigra,chr2_24904745_A_G_b38,rs6717671,ENSG00000138031.15,ADCY3,109,8.46675538733406e-13,-0.407738238573074,-15492
chr2,hsa04540,Gap junction - Homo sapiens (human),Brain_Substantia_nigra,chr2_24904745_A_G_b38,rs6717671,ENSG00000138031.15,ADCY3,109,8.46675538733406e-13,-0.407738238573074,-15492
chr2,hsa04740,Olfactory transduction - Homo sapiens (human),Brain_Substantia_nigra,chr2_24904745_A_G_b38,rs6717671,ENSG00000138031.15,ADCY3,109,8.46675538733406e-13,-0.407738238573074,-15492
chr2,hsa04912,GnRH signaling pathway - Homo sapiens (human),Brain_Substantia_nigra,chr2_24904745_A_G_b38,rs6717671,ENSG00000138031.15,ADCY3,109,8.46675538733406e-13,-0.407738238573074,-15492
chr2,hsa04914,Progesterone-mediated oocyte maturation - Homo sapiens (human),Brain_Substantia_nigra,chr2_24904745_A_G_b38,rs6717671,ENSG00000138031.15,ADCY3,109,8.46675538733406e-13,-0.407738238573074,-15492
chr2,hsa04916,Melanogenesis - Homo sapiens (human),Brain_Substantia_nigra,chr2_24904745_A_G_b38,rs6717671,ENSG00000138031.15,ADCY3,109,8.46675538733406e-13,-0.407738238573074,-15492
chr2,hsa04962,Vasopressin-regulated water reabsorption - Homo sapiens (human),Brain_Substantia_nigra,chr2_24904745_A_G_b38,rs6717671,ENSG00000138031.15,ADCY3,109,8.46675538733406e-13,-0.407738238573074,-15492
chr2,hsa04970,Salivary secretion - Homo sapiens (human),Brain_Substantia_nigra,chr2_24904745_A_G_b38,rs6717671,ENSG00000138031.15,ADCY3,109,8.46675538733406e-13,-0.407738238573074,-15492
chr2,hsa04971,Gastric acid secretion - Homo sapiens (human),Brain_Substantia_nigra,chr2_24904745_A_G_b38,rs6717671,ENSG00000138031.15,ADCY3,109,8.46675538733406e-13,-0.407738238573074,-15492
chr2,hsa04972,Pancreatic secretion - Homo sapiens (human),Brain_Substantia_nigra,chr2_24904745_A_G_b38,rs6717671,ENSG00000138031.15,ADCY3,109,8.46675538733406e-13,-0.407738238573074,-15492
chr2,hsa04976,Bile secretion - Homo sapiens (human),Brain_Substantia_nigra,chr2_24904745_A_G_b38,rs6717671,ENSG00000138031.15,ADCY3,109,8.46675538733406e-13,-0.407738238573074,-15492
chr2,hsa05110,Vibrio cholerae infection - Homo sapiens (human),Brain_Substantia_nigra,chr2_24904745_A_G_b38,rs6717671,ENSG00000138031.15,ADCY3,109,8.46675538733406e-13,-0.407738238573074,-15492
chr2,hsa05414,Dilated cardiomyopathy - Homo sapiens (human),Brain_Substantia_nigra,chr2_24904745_A_G_b38,rs6717671,ENSG00000138031.15,ADCY3,109,8.46675538733406e-13,-0.407738238573074,-15492
chr2,hsa00230,Purine metabolism - Homo sapiens (human),Brain_Substantia_nigra,chr2_24904932_C_T_b38,rs36029941,ENSG00000138031.15,ADCY3,109,1.37373657182526e-08,-0.345566779375076,-15305
chr2,hsa04020,Calcium signaling pathway - Homo sapiens (human),Brain_Substantia_nigra,chr2_24904932_C_T_b38,rs36029941,ENSG00000138031.15,ADCY3,109,1.37373657182526e-08,-0.345566779375076,-15305
chr2,hsa04062,Chemokine signaling pathway - Homo sapiens (human),Brain_Substantia_nigra,chr2_24904932_C_T_b38,rs36029941,ENSG00000138031.15,ADCY3,109,1.37373657182526e-08,-0.345566779375076,-15305
chr2,hsa04114,Oocyte meiosis - Homo sapiens (human),Brain_Substantia_nigra,chr2_24904932_C_T_b38,rs36029941,ENSG00000138031.15,ADCY3,109,1.37373657182526e-08,-0.345566779375076,-15305
chr2,hsa04270,Vascular smooth muscle contraction - Homo sapiens (human),Brain_Substantia_nigra,chr2_24904932_C_T_b38,rs36029941,ENSG00000138031.15,ADCY3,109,1.37373657182526e-08,-0.345566779375076,-15305
chr2,hsa04540,Gap junction - Homo sapiens (human),Brain_Substantia_nigra,chr2_24904932_C_T_b38,rs36029941,ENSG00000138031.15,ADCY3,109,1.37373657182526e-08,-0.345566779375076,-15305
chr2,hsa04740,Olfactory transduction - Homo sapiens (human),Brain_Substantia_nigra,chr2_24904932_C_T_b38,rs36029941,ENSG00000138031.15,ADCY3,109,1.37373657182526e-08,-0.345566779375076,-15305
chr2,hsa04912,GnRH signaling pathway - Homo sapiens (human),Brain_Substantia_nigra,chr2_24904932_C_T_b38,rs36029941,ENSG00000138031.15,ADCY3,109,1.37373657182526e-08,-0.345566779375076,-15305
chr2,hsa04914,Progesterone-mediated oocyte maturation - Homo sapiens (human),Brain_Substantia_nigra,chr2_24904932_C_T_b38,rs36029941,ENSG00000138031.15,ADCY3,109,1.37373657182526e-08,-0.345566779375076,-15305
chr2,hsa04916,Melanogenesis - Homo sapiens (human),Brain_Substantia_nigra,chr2_24904932_C_T_b38,rs36029941,ENSG00000138031.15,ADCY3,109,1.37373657182526e-08,-0.345566779375076,-15305
chr2,hsa04962,Vasopressin-regulated water reabsorption - Homo sapiens (human),Brain_Substantia_nigra,chr2_24904932_C_T_b38,rs36029941,ENSG00000138031.15,ADCY3,109,1.37373657182526e-08,-0.345566779375076,-15305
chr2,hsa04970,Salivary secretion - Homo sapiens (human),Brain_Substantia_nigra,chr2_24904932_C_T_b38,rs36029941,ENSG00000138031.15,ADCY3,109,1.37373657182526e-08,-0.345566779375076,-15305
chr2,hsa04971,Gastric acid secretion - Homo sapiens (human),Brain_Substantia_nigra,chr2_24904932_C_T_b38,rs36029941,ENSG00000138031.15,ADCY3,109,1.37373657182526e-08,-0.345566779375076,-15305
chr2,hsa04972,Pancreatic secretion - Homo sapiens (human),Brain_Substantia_nigra,chr2_24904932_C_T_b38,rs36029941,ENSG00000138031.15,ADCY3,109,1.37373657182526e-08,-0.345566779375076,-15305
chr2,hsa04976,Bile secretion - Homo sapiens (human),Brain_Substantia_nigra,chr2_24904932_C_T_b38,rs36029941,ENSG00000138031.15,ADCY3,109,1.37373657182526e-08,-0.345566779375076,-15305
chr2,hsa05110,Vibrio cholerae infection - Homo sapiens (human),Brain_Substantia_nigra,chr2_24904932_C_T_b38,rs36029941,ENSG00000138031.15,ADCY3,109,1.37373657182526e-08,-0.345566779375076,-15305
chr2,hsa05414,Dilated cardiomyopathy - Homo sapiens (human),Brain_Substantia_nigra,chr2_24904932_C_T_b38,rs36029941,ENSG00000138031.15,ADCY3,109,1.37373657182526e-08,-0.345566779375076,-15305
chr2,hsa00230,Purine metabolism - Homo sapiens (human),Brain_Substantia_nigra,chr2_24904966_C_T_b38,rs17046737,ENSG00000138031.15,ADCY3,109,1.37373657182526e-08,-0.345566779375076,-15271
chr2,hsa04020,Calcium signaling pathway - Homo sapiens (human),Brain_Substantia_nigra,chr2_24904966_C_T_b38,rs17046737,ENSG00000138031.15,ADCY3,109,1.37373657182526e-08,-0.345566779375076,-15271
chr2,hsa04062,Chemokine signaling pathway - Homo sapiens (human),Brain_Substantia_nigra,chr2_24904966_C_T_b38,rs17046737,ENSG00000138031.15,ADCY3,109,1.37373657182526e-08,-0.345566779375076,-15271
chr2,hsa04114,Oocyte meiosis - Homo sapiens (human),Brain_Substantia_nigra,chr2_24904966_C_T_b38,rs17046737,ENSG00000138031.15,ADCY3,109,1.37373657182526e-08,-0.345566779375076,-15271
chr2,hsa04270,Vascular smooth muscle contraction - Homo sapiens (human),Brain_Substantia_nigra,chr2_24904966_C_T_b38,rs17046737,ENSG00000138031.15,ADCY3,109,1.37373657182526e-08,-0.345566779375076,-15271
chr2,hsa04540,Gap junction - Homo sapiens (human),Brain_Substantia_nigra,chr2_24904966_C_T_b38,rs17046737,ENSG00000138031.15,ADCY3,109,1.37373657182526e-08,-0.345566779375076,-15271
chr2,hsa04740,Olfactory transduction - Homo sapiens (human),Brain_Substantia_nigra,chr2_24904966_C_T_b38,rs17046737,ENSG00000138031.15,ADCY3,109,1.37373657182526e-08,-0.345566779375076,-15271
chr2,hsa04912,GnRH signaling pathway - Homo sapiens (human),Brain_Substantia_nigra,chr2_24904966_C_T_b38,rs17046737,ENSG00000138031.15,ADCY3,109,1.37373657182526e-08,-0.345566779375076,-15271
chr2,hsa04914,Progesterone-mediated oocyte maturation - Homo sapiens (human),Brain_Substantia_nigra,chr2_24904966_C_T_b38,rs17046737,ENSG00000138031.15,ADCY3,109,1.37373657182526e-08,-0.345566779375076,-15271
chr2,hsa04916,Melanogenesis - Homo sapiens (human),Brain_Substantia_nigra,chr2_24904966_C_T_b38,rs17046737,ENSG00000138031.15,ADCY3,109,1.37373657182526e-08,-0.345566779375076,-15271
chr2,hsa04962,Vasopressin-regulated water reabsorption - Homo sapiens (human),Brain_Substantia_nigra,chr2_24904966_C_T_b38,rs17046737,ENSG00000138031.15,ADCY3,109,1.37373657182526e-08,-0.345566779375076,-15271
chr2,hsa04970,Salivary secretion - Homo sapiens (human),Brain_Substantia_nigra,chr2_24904966_C_T_b38,rs17046737,ENSG00000138031.15,ADCY3,109,1.37373657182526e-08,-0.345566779375076,-15271
chr2,hsa04971,Gastric acid secretion - Homo sapiens (human),Brain_Substantia_nigra,chr2_24904966_C_T_b38,rs17046737,ENSG00000138031.15,ADCY3,109,1.37373657182526e-08,-0.345566779375076,-15271
chr2,hsa04972,Pancreatic secretion - Homo sapiens (human),Brain_Substantia_nigra,chr2_24904966_C_T_b38,rs17046737,ENSG00000138031.15,ADCY3,109,1.37373657182526e-08,-0.345566779375076,-15271
chr2,hsa04976,Bile secretion - Homo sapiens (human),Brain_Substantia_nigra,chr2_24904966_C_T_b38,rs17046737,ENSG00000138031.15,ADCY3,109,1.37373657182526e-08,-0.345566779375076,-15271
chr2,hsa05110,Vibrio cholerae infection - Homo sapiens (human),Brain_Substantia_nigra,chr2_24904966_C_T_b38,rs17046737,ENSG00000138031.15,ADCY3,109,1.37373657182526e-08,-0.345566779375076,-15271
chr2,hsa05414,Dilated cardiomyopathy - Homo sapiens (human),Brain_Substantia_nigra,chr2_24904966_C_T_b38,rs17046737,ENSG00000138031.15,ADCY3,109,1.37373657182526e-08,-0.345566779375076,-15271
chr2,hsa00230,Purine metabolism - Homo sapiens (human),Brain_Substantia_nigra,chr2_24905482_C_G_b38,rs6706316,ENSG00000138031.15,ADCY3,109,8.46675538733406e-13,-0.407738238573074,-14755
chr2,hsa04020,Calcium signaling pathway - Homo sapiens (human),Brain_Substantia_nigra,chr2_24905482_C_G_b38,rs6706316,ENSG00000138031.15,ADCY3,109,8.46675538733406e-13,-0.407738238573074,-14755
chr2,hsa04062,Chemokine signaling pathway - Homo sapiens (human),Brain_Substantia_nigra,chr2_24905482_C_G_b38,rs6706316,ENSG00000138031.15,ADCY3,109,8.46675538733406e-13,-0.407738238573074,-14755
chr2,hsa04114,Oocyte meiosis - Homo sapiens (human),Brain_Substantia_nigra,chr2_24905482_C_G_b38,rs6706316,ENSG00000138031.15,ADCY3,109,8.46675538733406e-13,-0.407738238573074,-14755
chr2,hsa04270,Vascular smooth muscle contraction - Homo sapiens (human),Brain_Substantia_nigra,chr2_24905482_C_G_b38,rs6706316,ENSG00000138031.15,ADCY3,109,8.46675538733406e-13,-0.407738238573074,-14755
chr2,hsa04540,Gap junction - Homo sapiens (human),Brain_Substantia_nigra,chr2_24905482_C_G_b38,rs6706316,ENSG00000138031.15,ADCY3,109,8.46675538733406e-13,-0.407738238573074,-14755
chr2,hsa04740,Olfactory transduction - Homo sapiens (human),Brain_Substantia_nigra,chr2_24905482_C_G_b38,rs6706316,ENSG00000138031.15,ADCY3,109,8.46675538733406e-13,-0.407738238573074,-14755
chr2,hsa04912,GnRH signaling pathway - Homo sapiens (human),Brain_Substantia_nigra,chr2_24905482_C_G_b38,rs6706316,ENSG00000138031.15,ADCY3,109,8.46675538733406e-13,-0.407738238573074,-14755
chr2,hsa04914,Progesterone-mediated oocyte maturation - Homo sapiens (human),Brain_Substantia_nigra,chr2_24905482_C_G_b38,rs6706316,ENSG00000138031.15,ADCY3,109,8.46675538733406e-13,-0.407738238573074,-14755
chr2,hsa04916,Melanogenesis - Homo sapiens (human),Brain_Substantia_nigra,chr2_24905482_C_G_b38,rs6706316,ENSG00000138031.15,ADCY3,109,8.46675538733406e-13,-0.407738238573074,-14755
chr2,hsa04962,Vasopressin-regulated water reabsorption - Homo sapiens (human),Brain_Substantia_nigra,chr2_24905482_C_G_b38,rs6706316,ENSG00000138031.15,ADCY3,109,8.46675538733406e-13,-0.407738238573074,-14755
chr2,hsa04970,Salivary secretion - Homo sapiens (human),Brain_Substantia_nigra,chr2_24905482_C_G_b38,rs6706316,ENSG00000138031.15,ADCY3,109,8.46675538733406e-13,-0.407738238573074,-14755
chr2,hsa04971,Gastric acid secretion - Homo sapiens (human),Brain_Substantia_nigra,chr2_24905482_C_G_b38,rs6706316,ENSG00000138031.15,ADCY3,109,8.46675538733406e-13,-0.407738238573074,-14755
chr2,hsa04972,Pancreatic secretion - Homo sapiens (human),Brain_Substantia_nigra,chr2_24905482_C_G_b38,rs6706316,ENSG00000138031.15,ADCY3,109,8.46675538733406e-13,-0.407738238573074,-14755
chr2,hsa04976,Bile secretion - Homo sapiens (human),Brain_Substantia_nigra,chr2_24905482_C_G_b38,rs6706316,ENSG00000138031.15,ADCY3,109,8.46675538733406e-13,-0.407738238573074,-14755
chr2,hsa05110,Vibrio cholerae infection - Homo sapiens (human),Brain_Substantia_nigra,chr2_24905482_C_G_b38,rs6706316,ENSG00000138031.15,ADCY3,109,8.46675538733406e-13,-0.407738238573074,-14755
chr2,hsa05414,Dilated cardiomyopathy - Homo sapiens (human),Brain_Substantia_nigra,chr2_24905482_C_G_b38,rs6706316,ENSG00000138031.15,ADCY3,109,8.46675538733406e-13,-0.407738238573074,-14755
chr2,hsa00230,Purine metabolism - Homo sapiens (human),Brain_Substantia_nigra,chr2_24905681_C_T_b38,rs13398155,ENSG00000138031.15,ADCY3,109,1.37373657182526e-08,-0.345566779375076,-14556
chr2,hsa04020,Calcium signaling pathway - Homo sapiens (human),Brain_Substantia_nigra,chr2_24905681_C_T_b38,rs13398155,ENSG00000138031.15,ADCY3,109,1.37373657182526e-08,-0.345566779375076,-14556
chr2,hsa04062,Chemokine signaling pathway - Homo sapiens (human),Brain_Substantia_nigra,chr2_24905681_C_T_b38,rs13398155,ENSG00000138031.15,ADCY3,109,1.37373657182526e-08,-0.345566779375076,-14556
chr2,hsa04114,Oocyte meiosis - Homo sapiens (human),Brain_Substantia_nigra,chr2_24905681_C_T_b38,rs13398155,ENSG00000138031.15,ADCY3,109,1.37373657182526e-08,-0.345566779375076,-14556
chr2,hsa04270,Vascular smooth muscle contraction - Homo sapiens (human),Brain_Substantia_nigra,chr2_24905681_C_T_b38,rs13398155,ENSG00000138031.15,ADCY3,109,1.37373657182526e-08,-0.345566779375076,-14556
chr2,hsa04540,Gap junction - Homo sapiens (human),Brain_Substantia_nigra,chr2_24905681_C_T_b38,rs13398155,ENSG00000138031.15,ADCY3,109,1.37373657182526e-08,-0.345566779375076,-14556
chr2,hsa04740,Olfactory transduction - Homo sapiens (human),Brain_Substantia_nigra,chr2_24905681_C_T_b38,rs13398155,ENSG00000138031.15,ADCY3,109,1.37373657182526e-08,-0.345566779375076,-14556
chr2,hsa04912,GnRH signaling pathway - Homo sapiens (human),Brain_Substantia_nigra,chr2_24905681_C_T_b38,rs13398155,ENSG00000138031.15,ADCY3,109,1.37373657182526e-08,-0.345566779375076,-14556
chr2,hsa04914,Progesterone-mediated oocyte maturation - Homo sapiens (human),Brain_Substantia_nigra,chr2_24905681_C_T_b38,rs13398155,ENSG00000138031.15,ADCY3,109,1.37373657182526e-08,-0.345566779375076,-14556
chr2,hsa04916,Melanogenesis - Homo sapiens (human),Brain_Substantia_nigra,chr2_24905681_C_T_b38,rs13398155,ENSG00000138031.15,ADCY3,109,1.37373657182526e-08,-0.345566779375076,-14556
chr2,hsa04962,Vasopressin-regulated water reabsorption - Homo sapiens (human),Brain_Substantia_nigra,chr2_24905681_C_T_b38,rs13398155,ENSG00000138031.15,ADCY3,109,1.37373657182526e-08,-0.345566779375076,-14556
chr2,hsa04970,Salivary secretion - Homo sapiens (human),Brain_Substantia_nigra,chr2_24905681_C_T_b38,rs13398155,ENSG00000138031.15,ADCY3,109,1.37373657182526e-08,-0.345566779375076,-14556
chr2,hsa04971,Gastric acid secretion - Homo sapiens (human),Brain_Substantia_nigra,chr2_24905681_C_T_b38,rs13398155,ENSG00000138031.15,ADCY3,109,1.37373657182526e-08,-0.345566779375076,-14556
chr2,hsa04972,Pancreatic secretion - Homo sapiens (human),Brain_Substantia_nigra,chr2_24905681_C_T_b38,rs13398155,ENSG00000138031.15,ADCY3,109,1.37373657182526e-08,-0.345566779375076,-14556
chr2,hsa04976,Bile secretion - Homo sapiens (human),Brain_Substantia_nigra,chr2_24905681_C_T_b38,rs13398155,ENSG00000138031.15,ADCY3,109,1.37373657182526e-08,-0.345566779375076,-14556
chr2,hsa05110,Vibrio cholerae infection - Homo sapiens (human),Brain_Substantia_nigra,chr2_24905681_C_T_b38,rs13398155,ENSG00000138031.15,ADCY3,109,1.37373657182526e-08,-0.345566779375076,-14556
chr2,hsa05414,Dilated cardiomyopathy - Homo sapiens (human),Brain_Substantia_nigra,chr2_24905681_C_T_b38,rs13398155,ENSG00000138031.15,ADCY3,109,1.37373657182526e-08,-0.345566779375076,-14556
chr2,hsa00230,Purine metabolism - Homo sapiens (human),Brain_Substantia_nigra,chr2_24905850_A_G_b38,rs6721750,ENSG00000138031.15,ADCY3,109,1.84328542995921e-12,-0.400548011064529,-14387
chr2,hsa04020,Calcium signaling pathway - Homo sapiens (human),Brain_Substantia_nigra,chr2_24905850_A_G_b38,rs6721750,ENSG00000138031.15,ADCY3,109,1.84328542995921e-12,-0.400548011064529,-14387
chr2,hsa04062,Chemokine signaling pathway - Homo sapiens (human),Brain_Substantia_nigra,chr2_24905850_A_G_b38,rs6721750,ENSG00000138031.15,ADCY3,109,1.84328542995921e-12,-0.400548011064529,-14387
chr2,hsa04114,Oocyte meiosis - Homo sapiens (human),Brain_Substantia_nigra,chr2_24905850_A_G_b38,rs6721750,ENSG00000138031.15,ADCY3,109,1.84328542995921e-12,-0.400548011064529,-14387
chr2,hsa04270,Vascular smooth muscle contraction - Homo sapiens (human),Brain_Substantia_nigra,chr2_24905850_A_G_b38,rs6721750,ENSG00000138031.15,ADCY3,109,1.84328542995921e-12,-0.400548011064529,-14387
chr2,hsa04540,Gap junction - Homo sapiens (human),Brain_Substantia_nigra,chr2_24905850_A_G_b38,rs6721750,ENSG00000138031.15,ADCY3,109,1.84328542995921e-12,-0.400548011064529,-14387
chr2,hsa04740,Olfactory transduction - Homo sapiens (human),Brain_Substantia_nigra,chr2_24905850_A_G_b38,rs6721750,ENSG00000138031.15,ADCY3,109,1.84328542995921e-12,-0.400548011064529,-14387
chr2,hsa04912,GnRH signaling pathway - Homo sapiens (human),Brain_Substantia_nigra,chr2_24905850_A_G_b38,rs6721750,ENSG00000138031.15,ADCY3,109,1.84328542995921e-12,-0.400548011064529,-14387
chr2,hsa04914,Progesterone-mediated oocyte maturation - Homo sapiens (human),Brain_Substantia_nigra,chr2_24905850_A_G_b38,rs6721750,ENSG00000138031.15,ADCY3,109,1.84328542995921e-12,-0.400548011064529,-14387
chr2,hsa04916,Melanogenesis - Homo sapiens (human),Brain_Substantia_nigra,chr2_24905850_A_G_b38,rs6721750,ENSG00000138031.15,ADCY3,109,1.84328542995921e-12,-0.400548011064529,-14387
chr2,hsa04962,Vasopressin-regulated water reabsorption - Homo sapiens (human),Brain_Substantia_nigra,chr2_24905850_A_G_b38,rs6721750,ENSG00000138031.15,ADCY3,109,1.84328542995921e-12,-0.400548011064529,-14387
chr2,hsa04970,Salivary secretion - Homo sapiens (human),Brain_Substantia_nigra,chr2_24905850_A_G_b38,rs6721750,ENSG00000138031.15,ADCY3,109,1.84328542995921e-12,-0.400548011064529,-14387
chr2,hsa04971,Gastric acid secretion - Homo sapiens (human),Brain_Substantia_nigra,chr2_24905850_A_G_b38,rs6721750,ENSG00000138031.15,ADCY3,109,1.84328542995921e-12,-0.400548011064529,-14387
chr2,hsa04972,Pancreatic secretion - Homo sapiens (human),Brain_Substantia_nigra,chr2_24905850_A_G_b38,rs6721750,ENSG00000138031.15,ADCY3,109,1.84328542995921e-12,-0.400548011064529,-14387
chr2,hsa04976,Bile secretion - Homo sapiens (human),Brain_Substantia_nigra,chr2_24905850_A_G_b38,rs6721750,ENSG00000138031.15,ADCY3,109,1.84328542995921e-12,-0.400548011064529,-14387
chr2,hsa05110,Vibrio cholerae infection - Homo sapiens (human),Brain_Substantia_nigra,chr2_24905850_A_G_b38,rs6721750,ENSG00000138031.15,ADCY3,109,1.84328542995921e-12,-0.400548011064529,-14387
chr2,hsa05414,Dilated cardiomyopathy - Homo sapiens (human),Brain_Substantia_nigra,chr2_24905850_A_G_b38,rs6721750,ENSG00000138031.15,ADCY3,109,1.84328542995921e-12,-0.400548011064529,-14387
chr2,hsa00230,Purine metabolism - Homo sapiens (human),Brain_Substantia_nigra,chr2_24905861_T_C_b38,rs6724772,ENSG00000138031.15,ADCY3,109,1.84327316447201e-12,-0.400548070669174,-14376
chr2,hsa04020,Calcium signaling pathway - Homo sapiens (human),Brain_Substantia_nigra,chr2_24905861_T_C_b38,rs6724772,ENSG00000138031.15,ADCY3,109,1.84327316447201e-12,-0.400548070669174,-14376
chr2,hsa04062,Chemokine signaling pathway - Homo sapiens (human),Brain_Substantia_nigra,chr2_24905861_T_C_b38,rs6724772,ENSG00000138031.15,ADCY3,109,1.84327316447201e-12,-0.400548070669174,-14376
chr2,hsa04114,Oocyte meiosis - Homo sapiens (human),Brain_Substantia_nigra,chr2_24905861_T_C_b38,rs6724772,ENSG00000138031.15,ADCY3,109,1.84327316447201e-12,-0.400548070669174,-14376
chr2,hsa04270,Vascular smooth muscle contraction - Homo sapiens (human),Brain_Substantia_nigra,chr2_24905861_T_C_b38,rs6724772,ENSG00000138031.15,ADCY3,109,1.84327316447201e-12,-0.400548070669174,-14376
chr2,hsa04540,Gap junction - Homo sapiens (human),Brain_Substantia_nigra,chr2_24905861_T_C_b38,rs6724772,ENSG00000138031.15,ADCY3,109,1.84327316447201e-12,-0.400548070669174,-14376
chr2,hsa04740,Olfactory transduction - Homo sapiens (human),Brain_Substantia_nigra,chr2_24905861_T_C_b38,rs6724772,ENSG00000138031.15,ADCY3,109,1.84327316447201e-12,-0.400548070669174,-14376
chr2,hsa04912,GnRH signaling pathway - Homo sapiens (human),Brain_Substantia_nigra,chr2_24905861_T_C_b38,rs6724772,ENSG00000138031.15,ADCY3,109,1.84327316447201e-12,-0.400548070669174,-14376
chr2,hsa04914,Progesterone-mediated oocyte maturation - Homo sapiens (human),Brain_Substantia_nigra,chr2_24905861_T_C_b38,rs6724772,ENSG00000138031.15,ADCY3,109,1.84327316447201e-12,-0.400548070669174,-14376
chr2,hsa04916,Melanogenesis - Homo sapiens (human),Brain_Substantia_nigra,chr2_24905861_T_C_b38,rs6724772,ENSG00000138031.15,ADCY3,109,1.84327316447201e-12,-0.400548070669174,-14376
chr2,hsa04962,Vasopressin-regulated water reabsorption - Homo sapiens (human),Brain_Substantia_nigra,chr2_24905861_T_C_b38,rs6724772,ENSG00000138031.15,ADCY3,109,1.84327316447201e-12,-0.400548070669174,-14376
chr2,hsa04970,Salivary secretion - Homo sapiens (human),Brain_Substantia_nigra,chr2_24905861_T_C_b38,rs6724772,ENSG00000138031.15,ADCY3,109,1.84327316447201e-12,-0.400548070669174,-14376
chr2,hsa04971,Gastric acid secretion - Homo sapiens (human),Brain_Substantia_nigra,chr2_24905861_T_C_b38,rs6724772,ENSG00000138031.15,ADCY3,109,1.84327316447201e-12,-0.400548070669174,-14376
chr2,hsa04972,Pancreatic secretion - Homo sapiens (human),Brain_Substantia_nigra,chr2_24905861_T_C_b38,rs6724772,ENSG00000138031.15,ADCY3,109,1.84327316447201e-12,-0.400548070669174,-14376
chr2,hsa04976,Bile secretion - Homo sapiens (human),Brain_Substantia_nigra,chr2_24905861_T_C_b38,rs6724772,ENSG00000138031.15,ADCY3,109,1.84327316447201e-12,-0.400548070669174,-14376
chr2,hsa05110,Vibrio cholerae infection - Homo sapiens (human),Brain_Substantia_nigra,chr2_24905861_T_C_b38,rs6724772,ENSG00000138031.15,ADCY3,109,1.84327316447201e-12,-0.400548070669174,-14376
chr2,hsa05414,Dilated cardiomyopathy - Homo sapiens (human),Brain_Substantia_nigra,chr2_24905861_T_C_b38,rs6724772,ENSG00000138031.15,ADCY3,109,1.84327316447201e-12,-0.400548070669174,-14376
chr2,hsa00230,Purine metabolism - Homo sapiens (human),Brain_Substantia_nigra,chr2_24906297_A_ACT_b38,rs10651478,ENSG00000138031.15,ADCY3,109,1.84327316447201e-12,-0.400548070669174,-13940
chr2,hsa04020,Calcium signaling pathway - Homo sapiens (human),Brain_Substantia_nigra,chr2_24906297_A_ACT_b38,rs10651478,ENSG00000138031.15,ADCY3,109,1.84327316447201e-12,-0.400548070669174,-13940
chr2,hsa04062,Chemokine signaling pathway - Homo sapiens (human),Brain_Substantia_nigra,chr2_24906297_A_ACT_b38,rs10651478,ENSG00000138031.15,ADCY3,109,1.84327316447201e-12,-0.400548070669174,-13940
chr2,hsa04114,Oocyte meiosis - Homo sapiens (human),Brain_Substantia_nigra,chr2_24906297_A_ACT_b38,rs10651478,ENSG00000138031.15,ADCY3,109,1.84327316447201e-12,-0.400548070669174,-13940
chr2,hsa04270,Vascular smooth muscle contraction - Homo sapiens (human),Brain_Substantia_nigra,chr2_24906297_A_ACT_b38,rs10651478,ENSG00000138031.15,ADCY3,109,1.84327316447201e-12,-0.400548070669174,-13940
chr2,hsa04540,Gap junction - Homo sapiens (human),Brain_Substantia_nigra,chr2_24906297_A_ACT_b38,rs10651478,ENSG00000138031.15,ADCY3,109,1.84327316447201e-12,-0.400548070669174,-13940
chr2,hsa04740,Olfactory transduction - Homo sapiens (human),Brain_Substantia_nigra,chr2_24906297_A_ACT_b38,rs10651478,ENSG00000138031.15,ADCY3,109,1.84327316447201e-12,-0.400548070669174,-13940
chr2,hsa04912,GnRH signaling pathway - Homo sapiens (human),Brain_Substantia_nigra,chr2_24906297_A_ACT_b38,rs10651478,ENSG00000138031.15,ADCY3,109,1.84327316447201e-12,-0.400548070669174,-13940
chr2,hsa04914,Progesterone-mediated oocyte maturation - Homo sapiens (human),Brain_Substantia_nigra,chr2_24906297_A_ACT_b38,rs10651478,ENSG00000138031.15,ADCY3,109,1.84327316447201e-12,-0.400548070669174,-13940
chr2,hsa04916,Melanogenesis - Homo sapiens (human),Brain_Substantia_nigra,chr2_24906297_A_ACT_b38,rs10651478,ENSG00000138031.15,ADCY3,109,1.84327316447201e-12,-0.400548070669174,-13940
chr2,hsa04962,Vasopressin-regulated water reabsorption - Homo sapiens (human),Brain_Substantia_nigra,chr2_24906297_A_ACT_b38,rs10651478,ENSG00000138031.15,ADCY3,109,1.84327316447201e-12,-0.400548070669174,-13940
chr2,hsa04970,Salivary secretion - Homo sapiens (human),Brain_Substantia_nigra,chr2_24906297_A_ACT_b38,rs10651478,ENSG00000138031.15,ADCY3,109,1.84327316447201e-12,-0.400548070669174,-13940
chr2,hsa04971,Gastric acid secretion - Homo sapiens (human),Brain_Substantia_nigra,chr2_24906297_A_ACT_b38,rs10651478,ENSG00000138031.15,ADCY3,109,1.84327316447201e-12,-0.400548070669174,-13940
chr2,hsa04972,Pancreatic secretion - Homo sapiens (human),Brain_Substantia_nigra,chr2_24906297_A_ACT_b38,rs10651478,ENSG00000138031.15,ADCY3,109,1.84327316447201e-12,-0.400548070669174,-13940
chr2,hsa04976,Bile secretion - Homo sapiens (human),Brain_Substantia_nigra,chr2_24906297_A_ACT_b38,rs10651478,ENSG00000138031.15,ADCY3,109,1.84327316447201e-12,-0.400548070669174,-13940
chr2,hsa05110,Vibrio cholerae infection - Homo sapiens (human),Brain_Substantia_nigra,chr2_24906297_A_ACT_b38,rs10651478,ENSG00000138031.15,ADCY3,109,1.84327316447201e-12,-0.400548070669174,-13940
chr2,hsa05414,Dilated cardiomyopathy - Homo sapiens (human),Brain_Substantia_nigra,chr2_24906297_A_ACT_b38,rs10651478,ENSG00000138031.15,ADCY3,109,1.84327316447201e-12,-0.400548070669174,-13940
chr2,hsa00230,Purine metabolism - Homo sapiens (human),Brain_Substantia_nigra,chr2_24906604_A_G_b38,rs6725517,ENSG00000138031.15,ADCY3,109,5.38162562139015e-13,-0.395160347223282,-13633
chr2,hsa04020,Calcium signaling pathway - Homo sapiens (human),Brain_Substantia_nigra,chr2_24906604_A_G_b38,rs6725517,ENSG00000138031.15,ADCY3,109,5.38162562139015e-13,-0.395160347223282,-13633
chr2,hsa04062,Chemokine signaling pathway - Homo sapiens (human),Brain_Substantia_nigra,chr2_24906604_A_G_b38,rs6725517,ENSG00000138031.15,ADCY3,109,5.38162562139015e-13,-0.395160347223282,-13633
chr2,hsa04114,Oocyte meiosis - Homo sapiens (human),Brain_Substantia_nigra,chr2_24906604_A_G_b38,rs6725517,ENSG00000138031.15,ADCY3,109,5.38162562139015e-13,-0.395160347223282,-13633
chr2,hsa04270,Vascular smooth muscle contraction - Homo sapiens (human),Brain_Substantia_nigra,chr2_24906604_A_G_b38,rs6725517,ENSG00000138031.15,ADCY3,109,5.38162562139015e-13,-0.395160347223282,-13633
chr2,hsa04540,Gap junction - Homo sapiens (human),Brain_Substantia_nigra,chr2_24906604_A_G_b38,rs6725517,ENSG00000138031.15,ADCY3,109,5.38162562139015e-13,-0.395160347223282,-13633
chr2,hsa04740,Olfactory transduction - Homo sapiens (human),Brain_Substantia_nigra,chr2_24906604_A_G_b38,rs6725517,ENSG00000138031.15,ADCY3,109,5.38162562139015e-13,-0.395160347223282,-13633
chr2,hsa04912,GnRH signaling pathway - Homo sapiens (human),Brain_Substantia_nigra,chr2_24906604_A_G_b38,rs6725517,ENSG00000138031.15,ADCY3,109,5.38162562139015e-13,-0.395160347223282,-13633
chr2,hsa04914,Progesterone-mediated oocyte maturation - Homo sapiens (human),Brain_Substantia_nigra,chr2_24906604_A_G_b38,rs6725517,ENSG00000138031.15,ADCY3,109,5.38162562139015e-13,-0.395160347223282,-13633
chr2,hsa04916,Melanogenesis - Homo sapiens (human),Brain_Substantia_nigra,chr2_24906604_A_G_b38,rs6725517,ENSG00000138031.15,ADCY3,109,5.38162562139015e-13,-0.395160347223282,-13633
chr2,hsa04962,Vasopressin-regulated water reabsorption - Homo sapiens (human),Brain_Substantia_nigra,chr2_24906604_A_G_b38,rs6725517,ENSG00000138031.15,ADCY3,109,5.38162562139015e-13,-0.395160347223282,-13633
chr2,hsa04970,Salivary secretion - Homo sapiens (human),Brain_Substantia_nigra,chr2_24906604_A_G_b38,rs6725517,ENSG00000138031.15,ADCY3,109,5.38162562139015e-13,-0.395160347223282,-13633
chr2,hsa04971,Gastric acid secretion - Homo sapiens (human),Brain_Substantia_nigra,chr2_24906604_A_G_b38,rs6725517,ENSG00000138031.15,ADCY3,109,5.38162562139015e-13,-0.395160347223282,-13633
chr2,hsa04972,Pancreatic secretion - Homo sapiens (human),Brain_Substantia_nigra,chr2_24906604_A_G_b38,rs6725517,ENSG00000138031.15,ADCY3,109,5.38162562139015e-13,-0.395160347223282,-13633
chr2,hsa04976,Bile secretion - Homo sapiens (human),Brain_Substantia_nigra,chr2_24906604_A_G_b38,rs6725517,ENSG00000138031.15,ADCY3,109,5.38162562139015e-13,-0.395160347223282,-13633
chr2,hsa05110,Vibrio cholerae infection - Homo sapiens (human),Brain_Substantia_nigra,chr2_24906604_A_G_b38,rs6725517,ENSG00000138031.15,ADCY3,109,5.38162562139015e-13,-0.395160347223282,-13633
chr2,hsa05414,Dilated cardiomyopathy - Homo sapiens (human),Brain_Substantia_nigra,chr2_24906604_A_G_b38,rs6725517,ENSG00000138031.15,ADCY3,109,5.38162562139015e-13,-0.395160347223282,-13633
chr2,hsa00230,Purine metabolism - Homo sapiens (human),Brain_Substantia_nigra,chr2_24906918_A_G_b38,rs7576172,ENSG00000138031.15,ADCY3,109,1.84327316447201e-12,-0.400548070669174,-13319
chr2,hsa04020,Calcium signaling pathway - Homo sapiens (human),Brain_Substantia_nigra,chr2_24906918_A_G_b38,rs7576172,ENSG00000138031.15,ADCY3,109,1.84327316447201e-12,-0.400548070669174,-13319
chr2,hsa04062,Chemokine signaling pathway - Homo sapiens (human),Brain_Substantia_nigra,chr2_24906918_A_G_b38,rs7576172,ENSG00000138031.15,ADCY3,109,1.84327316447201e-12,-0.400548070669174,-13319
chr2,hsa04114,Oocyte meiosis - Homo sapiens (human),Brain_Substantia_nigra,chr2_24906918_A_G_b38,rs7576172,ENSG00000138031.15,ADCY3,109,1.84327316447201e-12,-0.400548070669174,-13319
chr2,hsa04270,Vascular smooth muscle contraction - Homo sapiens (human),Brain_Substantia_nigra,chr2_24906918_A_G_b38,rs7576172,ENSG00000138031.15,ADCY3,109,1.84327316447201e-12,-0.400548070669174,-13319
chr2,hsa04540,Gap junction - Homo sapiens (human),Brain_Substantia_nigra,chr2_24906918_A_G_b38,rs7576172,ENSG00000138031.15,ADCY3,109,1.84327316447201e-12,-0.400548070669174,-13319
chr2,hsa04740,Olfactory transduction - Homo sapiens (human),Brain_Substantia_nigra,chr2_24906918_A_G_b38,rs7576172,ENSG00000138031.15,ADCY3,109,1.84327316447201e-12,-0.400548070669174,-13319
chr2,hsa04912,GnRH signaling pathway - Homo sapiens (human),Brain_Substantia_nigra,chr2_24906918_A_G_b38,rs7576172,ENSG00000138031.15,ADCY3,109,1.84327316447201e-12,-0.400548070669174,-13319
chr2,hsa04914,Progesterone-mediated oocyte maturation - Homo sapiens (human),Brain_Substantia_nigra,chr2_24906918_A_G_b38,rs7576172,ENSG00000138031.15,ADCY3,109,1.84327316447201e-12,-0.400548070669174,-13319
chr2,hsa04916,Melanogenesis - Homo sapiens (human),Brain_Substantia_nigra,chr2_24906918_A_G_b38,rs7576172,ENSG00000138031.15,ADCY3,109,1.84327316447201e-12,-0.400548070669174,-13319
chr2,hsa04962,Vasopressin-regulated water reabsorption - Homo sapiens (human),Brain_Substantia_nigra,chr2_24906918_A_G_b38,rs7576172,ENSG00000138031.15,ADCY3,109,1.84327316447201e-12,-0.400548070669174,-13319
chr2,hsa04970,Salivary secretion - Homo sapiens (human),Brain_Substantia_nigra,chr2_24906918_A_G_b38,rs7576172,ENSG00000138031.15,ADCY3,109,1.84327316447201e-12,-0.400548070669174,-13319
chr2,hsa04971,Gastric acid secretion - Homo sapiens (human),Brain_Substantia_nigra,chr2_24906918_A_G_b38,rs7576172,ENSG00000138031.15,ADCY3,109,1.84327316447201e-12,-0.400548070669174,-13319
chr2,hsa04972,Pancreatic secretion - Homo sapiens (human),Brain_Substantia_nigra,chr2_24906918_A_G_b38,rs7576172,ENSG00000138031.15,ADCY3,109,1.84327316447201e-12,-0.400548070669174,-13319
chr2,hsa04976,Bile secretion - Homo sapiens (human),Brain_Substantia_nigra,chr2_24906918_A_G_b38,rs7576172,ENSG00000138031.15,ADCY3,109,1.84327316447201e-12,-0.400548070669174,-13319
chr2,hsa05110,Vibrio cholerae infection - Homo sapiens (human),Brain_Substantia_nigra,chr2_24906918_A_G_b38,rs7576172,ENSG00000138031.15,ADCY3,109,1.84327316447201e-12,-0.400548070669174,-13319
chr2,hsa05414,Dilated cardiomyopathy - Homo sapiens (human),Brain_Substantia_nigra,chr2_24906918_A_G_b38,rs7576172,ENSG00000138031.15,ADCY3,109,1.84327316447201e-12,-0.400548070669174,-13319
chr2,hsa00230,Purine metabolism - Homo sapiens (human),Brain_Substantia_nigra,chr2_24907204_C_T_b38,rs7565460,ENSG00000138031.15,ADCY3,109,1.84328542995921e-12,-0.400548011064529,-13033
chr2,hsa04020,Calcium signaling pathway - Homo sapiens (human),Brain_Substantia_nigra,chr2_24907204_C_T_b38,rs7565460,ENSG00000138031.15,ADCY3,109,1.84328542995921e-12,-0.400548011064529,-13033
chr2,hsa04062,Chemokine signaling pathway - Homo sapiens (human),Brain_Substantia_nigra,chr2_24907204_C_T_b38,rs7565460,ENSG00000138031.15,ADCY3,109,1.84328542995921e-12,-0.400548011064529,-13033
chr2,hsa04114,Oocyte meiosis - Homo sapiens (human),Brain_Substantia_nigra,chr2_24907204_C_T_b38,rs7565460,ENSG00000138031.15,ADCY3,109,1.84328542995921e-12,-0.400548011064529,-13033
chr2,hsa04270,Vascular smooth muscle contraction - Homo sapiens (human),Brain_Substantia_nigra,chr2_24907204_C_T_b38,rs7565460,ENSG00000138031.15,ADCY3,109,1.84328542995921e-12,-0.400548011064529,-13033
chr2,hsa04540,Gap junction - Homo sapiens (human),Brain_Substantia_nigra,chr2_24907204_C_T_b38,rs7565460,ENSG00000138031.15,ADCY3,109,1.84328542995921e-12,-0.400548011064529,-13033
chr2,hsa04740,Olfactory transduction - Homo sapiens (human),Brain_Substantia_nigra,chr2_24907204_C_T_b38,rs7565460,ENSG00000138031.15,ADCY3,109,1.84328542995921e-12,-0.400548011064529,-13033
chr2,hsa04912,GnRH signaling pathway - Homo sapiens (human),Brain_Substantia_nigra,chr2_24907204_C_T_b38,rs7565460,ENSG00000138031.15,ADCY3,109,1.84328542995921e-12,-0.400548011064529,-13033
chr2,hsa04914,Progesterone-mediated oocyte maturation - Homo sapiens (human),Brain_Substantia_nigra,chr2_24907204_C_T_b38,rs7565460,ENSG00000138031.15,ADCY3,109,1.84328542995921e-12,-0.400548011064529,-13033
chr2,hsa04916,Melanogenesis - Homo sapiens (human),Brain_Substantia_nigra,chr2_24907204_C_T_b38,rs7565460,ENSG00000138031.15,ADCY3,109,1.84328542995921e-12,-0.400548011064529,-13033
chr2,hsa04962,Vasopressin-regulated water reabsorption - Homo sapiens (human),Brain_Substantia_nigra,chr2_24907204_C_T_b38,rs7565460,ENSG00000138031.15,ADCY3,109,1.84328542995921e-12,-0.400548011064529,-13033
chr2,hsa04970,Salivary secretion - Homo sapiens (human),Brain_Substantia_nigra,chr2_24907204_C_T_b38,rs7565460,ENSG00000138031.15,ADCY3,109,1.84328542995921e-12,-0.400548011064529,-13033
chr2,hsa04971,Gastric acid secretion - Homo sapiens (human),Brain_Substantia_nigra,chr2_24907204_C_T_b38,rs7565460,ENSG00000138031.15,ADCY3,109,1.84328542995921e-12,-0.400548011064529,-13033
chr2,hsa04972,Pancreatic secretion - Homo sapiens (human),Brain_Substantia_nigra,chr2_24907204_C_T_b38,rs7565460,ENSG00000138031.15,ADCY3,109,1.84328542995921e-12,-0.400548011064529,-13033
chr2,hsa04976,Bile secretion - Homo sapiens (human),Brain_Substantia_nigra,chr2_24907204_C_T_b38,rs7565460,ENSG00000138031.15,ADCY3,109,1.84328542995921e-12,-0.400548011064529,-13033
chr2,hsa05110,Vibrio cholerae infection - Homo sapiens (human),Brain_Substantia_nigra,chr2_24907204_C_T_b38,rs7565460,ENSG00000138031.15,ADCY3,109,1.84328542995921e-12,-0.400548011064529,-13033
chr2,hsa05414,Dilated cardiomyopathy - Homo sapiens (human),Brain_Substantia_nigra,chr2_24907204_C_T_b38,rs7565460,ENSG00000138031.15,ADCY3,109,1.84328542995921e-12,-0.400548011064529,-13033
chr2,hsa00230,Purine metabolism - Homo sapiens (human),Brain_Substantia_nigra,chr2_24907223_C_T_b38,rs7565468,ENSG00000138031.15,ADCY3,109,1.37373657182526e-08,-0.345566779375076,-13014
chr2,hsa04020,Calcium signaling pathway - Homo sapiens (human),Brain_Substantia_nigra,chr2_24907223_C_T_b38,rs7565468,ENSG00000138031.15,ADCY3,109,1.37373657182526e-08,-0.345566779375076,-13014
chr2,hsa04062,Chemokine signaling pathway - Homo sapiens (human),Brain_Substantia_nigra,chr2_24907223_C_T_b38,rs7565468,ENSG00000138031.15,ADCY3,109,1.37373657182526e-08,-0.345566779375076,-13014
chr2,hsa04114,Oocyte meiosis - Homo sapiens (human),Brain_Substantia_nigra,chr2_24907223_C_T_b38,rs7565468,ENSG00000138031.15,ADCY3,109,1.37373657182526e-08,-0.345566779375076,-13014
chr2,hsa04270,Vascular smooth muscle contraction - Homo sapiens (human),Brain_Substantia_nigra,chr2_24907223_C_T_b38,rs7565468,ENSG00000138031.15,ADCY3,109,1.37373657182526e-08,-0.345566779375076,-13014
chr2,hsa04540,Gap junction - Homo sapiens (human),Brain_Substantia_nigra,chr2_24907223_C_T_b38,rs7565468,ENSG00000138031.15,ADCY3,109,1.37373657182526e-08,-0.345566779375076,-13014
chr2,hsa04740,Olfactory transduction - Homo sapiens (human),Brain_Substantia_nigra,chr2_24907223_C_T_b38,rs7565468,ENSG00000138031.15,ADCY3,109,1.37373657182526e-08,-0.345566779375076,-13014
chr2,hsa04912,GnRH signaling pathway - Homo sapiens (human),Brain_Substantia_nigra,chr2_24907223_C_T_b38,rs7565468,ENSG00000138031.15,ADCY3,109,1.37373657182526e-08,-0.345566779375076,-13014
chr2,hsa04914,Progesterone-mediated oocyte maturation - Homo sapiens (human),Brain_Substantia_nigra,chr2_24907223_C_T_b38,rs7565468,ENSG00000138031.15,ADCY3,109,1.37373657182526e-08,-0.345566779375076,-13014
chr2,hsa04916,Melanogenesis - Homo sapiens (human),Brain_Substantia_nigra,chr2_24907223_C_T_b38,rs7565468,ENSG00000138031.15,ADCY3,109,1.37373657182526e-08,-0.345566779375076,-13014
chr2,hsa04962,Vasopressin-regulated water reabsorption - Homo sapiens (human),Brain_Substantia_nigra,chr2_24907223_C_T_b38,rs7565468,ENSG00000138031.15,ADCY3,109,1.37373657182526e-08,-0.345566779375076,-13014
chr2,hsa04970,Salivary secretion - Homo sapiens (human),Brain_Substantia_nigra,chr2_24907223_C_T_b38,rs7565468,ENSG00000138031.15,ADCY3,109,1.37373657182526e-08,-0.345566779375076,-13014
chr2,hsa04971,Gastric acid secretion - Homo sapiens (human),Brain_Substantia_nigra,chr2_24907223_C_T_b38,rs7565468,ENSG00000138031.15,ADCY3,109,1.37373657182526e-08,-0.345566779375076,-13014
chr2,hsa04972,Pancreatic secretion - Homo sapiens (human),Brain_Substantia_nigra,chr2_24907223_C_T_b38,rs7565468,ENSG00000138031.15,ADCY3,109,1.37373657182526e-08,-0.345566779375076,-13014
chr2,hsa04976,Bile secretion - Homo sapiens (human),Brain_Substantia_nigra,chr2_24907223_C_T_b38,rs7565468,ENSG00000138031.15,ADCY3,109,1.37373657182526e-08,-0.345566779375076,-13014
chr2,hsa05110,Vibrio cholerae infection - Homo sapiens (human),Brain_Substantia_nigra,chr2_24907223_C_T_b38,rs7565468,ENSG00000138031.15,ADCY3,109,1.37373657182526e-08,-0.345566779375076,-13014
chr2,hsa05414,Dilated cardiomyopathy - Homo sapiens (human),Brain_Substantia_nigra,chr2_24907223_C_T_b38,rs7565468,ENSG00000138031.15,ADCY3,109,1.37373657182526e-08,-0.345566779375076,-13014
chr2,hsa00230,Purine metabolism - Homo sapiens (human),Brain_Substantia_nigra,chr2_24907565_C_T_b38,rs11683748,ENSG00000138031.15,ADCY3,109,1.37373657182526e-08,-0.345566779375076,-12672
chr2,hsa04020,Calcium signaling pathway - Homo sapiens (human),Brain_Substantia_nigra,chr2_24907565_C_T_b38,rs11683748,ENSG00000138031.15,ADCY3,109,1.37373657182526e-08,-0.345566779375076,-12672
chr2,hsa04062,Chemokine signaling pathway - Homo sapiens (human),Brain_Substantia_nigra,chr2_24907565_C_T_b38,rs11683748,ENSG00000138031.15,ADCY3,109,1.37373657182526e-08,-0.345566779375076,-12672
chr2,hsa04114,Oocyte meiosis - Homo sapiens (human),Brain_Substantia_nigra,chr2_24907565_C_T_b38,rs11683748,ENSG00000138031.15,ADCY3,109,1.37373657182526e-08,-0.345566779375076,-12672
chr2,hsa04270,Vascular smooth muscle contraction - Homo sapiens (human),Brain_Substantia_nigra,chr2_24907565_C_T_b38,rs11683748,ENSG00000138031.15,ADCY3,109,1.37373657182526e-08,-0.345566779375076,-12672
chr2,hsa04540,Gap junction - Homo sapiens (human),Brain_Substantia_nigra,chr2_24907565_C_T_b38,rs11683748,ENSG00000138031.15,ADCY3,109,1.37373657182526e-08,-0.345566779375076,-12672
chr2,hsa04740,Olfactory transduction - Homo sapiens (human),Brain_Substantia_nigra,chr2_24907565_C_T_b38,rs11683748,ENSG00000138031.15,ADCY3,109,1.37373657182526e-08,-0.345566779375076,-12672
chr2,hsa04912,GnRH signaling pathway - Homo sapiens (human),Brain_Substantia_nigra,chr2_24907565_C_T_b38,rs11683748,ENSG00000138031.15,ADCY3,109,1.37373657182526e-08,-0.345566779375076,-12672
chr2,hsa04914,Progesterone-mediated oocyte maturation - Homo sapiens (human),Brain_Substantia_nigra,chr2_24907565_C_T_b38,rs11683748,ENSG00000138031.15,ADCY3,109,1.37373657182526e-08,-0.345566779375076,-12672
chr2,hsa04916,Melanogenesis - Homo sapiens (human),Brain_Substantia_nigra,chr2_24907565_C_T_b38,rs11683748,ENSG00000138031.15,ADCY3,109,1.37373657182526e-08,-0.345566779375076,-12672
chr2,hsa04962,Vasopressin-regulated water reabsorption - Homo sapiens (human),Brain_Substantia_nigra,chr2_24907565_C_T_b38,rs11683748,ENSG00000138031.15,ADCY3,109,1.37373657182526e-08,-0.345566779375076,-12672
chr2,hsa04970,Salivary secretion - Homo sapiens (human),Brain_Substantia_nigra,chr2_24907565_C_T_b38,rs11683748,ENSG00000138031.15,ADCY3,109,1.37373657182526e-08,-0.345566779375076,-12672
chr2,hsa04971,Gastric acid secretion - Homo sapiens (human),Brain_Substantia_nigra,chr2_24907565_C_T_b38,rs11683748,ENSG00000138031.15,ADCY3,109,1.37373657182526e-08,-0.345566779375076,-12672
chr2,hsa04972,Pancreatic secretion - Homo sapiens (human),Brain_Substantia_nigra,chr2_24907565_C_T_b38,rs11683748,ENSG00000138031.15,ADCY3,109,1.37373657182526e-08,-0.345566779375076,-12672
chr2,hsa04976,Bile secretion - Homo sapiens (human),Brain_Substantia_nigra,chr2_24907565_C_T_b38,rs11683748,ENSG00000138031.15,ADCY3,109,1.37373657182526e-08,-0.345566779375076,-12672
chr2,hsa05110,Vibrio cholerae infection - Homo sapiens (human),Brain_Substantia_nigra,chr2_24907565_C_T_b38,rs11683748,ENSG00000138031.15,ADCY3,109,1.37373657182526e-08,-0.345566779375076,-12672
chr2,hsa05414,Dilated cardiomyopathy - Homo sapiens (human),Brain_Substantia_nigra,chr2_24907565_C_T_b38,rs11683748,ENSG00000138031.15,ADCY3,109,1.37373657182526e-08,-0.345566779375076,-12672
chr2,hsa00230,Purine metabolism - Homo sapiens (human),Brain_Substantia_nigra,chr2_24907571_A_T_b38,rs11689543,ENSG00000138031.15,ADCY3,109,1.84328542995921e-12,-0.400548011064529,-12666
chr2,hsa04020,Calcium signaling pathway - Homo sapiens (human),Brain_Substantia_nigra,chr2_24907571_A_T_b38,rs11689543,ENSG00000138031.15,ADCY3,109,1.84328542995921e-12,-0.400548011064529,-12666
chr2,hsa04062,Chemokine signaling pathway - Homo sapiens (human),Brain_Substantia_nigra,chr2_24907571_A_T_b38,rs11689543,ENSG00000138031.15,ADCY3,109,1.84328542995921e-12,-0.400548011064529,-12666
chr2,hsa04114,Oocyte meiosis - Homo sapiens (human),Brain_Substantia_nigra,chr2_24907571_A_T_b38,rs11689543,ENSG00000138031.15,ADCY3,109,1.84328542995921e-12,-0.400548011064529,-12666
chr2,hsa04270,Vascular smooth muscle contraction - Homo sapiens (human),Brain_Substantia_nigra,chr2_24907571_A_T_b38,rs11689543,ENSG00000138031.15,ADCY3,109,1.84328542995921e-12,-0.400548011064529,-12666
chr2,hsa04540,Gap junction - Homo sapiens (human),Brain_Substantia_nigra,chr2_24907571_A_T_b38,rs11689543,ENSG00000138031.15,ADCY3,109,1.84328542995921e-12,-0.400548011064529,-12666
chr2,hsa04740,Olfactory transduction - Homo sapiens (human),Brain_Substantia_nigra,chr2_24907571_A_T_b38,rs11689543,ENSG00000138031.15,ADCY3,109,1.84328542995921e-12,-0.400548011064529,-12666
chr2,hsa04912,GnRH signaling pathway - Homo sapiens (human),Brain_Substantia_nigra,chr2_24907571_A_T_b38,rs11689543,ENSG00000138031.15,ADCY3,109,1.84328542995921e-12,-0.400548011064529,-12666
chr2,hsa04914,Progesterone-mediated oocyte maturation - Homo sapiens (human),Brain_Substantia_nigra,chr2_24907571_A_T_b38,rs11689543,ENSG00000138031.15,ADCY3,109,1.84328542995921e-12,-0.400548011064529,-12666
chr2,hsa04916,Melanogenesis - Homo sapiens (human),Brain_Substantia_nigra,chr2_24907571_A_T_b38,rs11689543,ENSG00000138031.15,ADCY3,109,1.84328542995921e-12,-0.400548011064529,-12666
chr2,hsa04962,Vasopressin-regulated water reabsorption - Homo sapiens (human),Brain_Substantia_nigra,chr2_24907571_A_T_b38,rs11689543,ENSG00000138031.15,ADCY3,109,1.84328542995921e-12,-0.400548011064529,-12666
chr2,hsa04970,Salivary secretion - Homo sapiens (human),Brain_Substantia_nigra,chr2_24907571_A_T_b38,rs11689543,ENSG00000138031.15,ADCY3,109,1.84328542995921e-12,-0.400548011064529,-12666
chr2,hsa04971,Gastric acid secretion - Homo sapiens (human),Brain_Substantia_nigra,chr2_24907571_A_T_b38,rs11689543,ENSG00000138031.15,ADCY3,109,1.84328542995921e-12,-0.400548011064529,-12666
chr2,hsa04972,Pancreatic secretion - Homo sapiens (human),Brain_Substantia_nigra,chr2_24907571_A_T_b38,rs11689543,ENSG00000138031.15,ADCY3,109,1.84328542995921e-12,-0.400548011064529,-12666
chr2,hsa04976,Bile secretion - Homo sapiens (human),Brain_Substantia_nigra,chr2_24907571_A_T_b38,rs11689543,ENSG00000138031.15,ADCY3,109,1.84328542995921e-12,-0.400548011064529,-12666
chr2,hsa05110,Vibrio cholerae infection - Homo sapiens (human),Brain_Substantia_nigra,chr2_24907571_A_T_b38,rs11689543,ENSG00000138031.15,ADCY3,109,1.84328542995921e-12,-0.400548011064529,-12666
chr2,hsa05414,Dilated cardiomyopathy - Homo sapiens (human),Brain_Substantia_nigra,chr2_24907571_A_T_b38,rs11689543,ENSG00000138031.15,ADCY3,109,1.84328542995921e-12,-0.400548011064529,-12666
chr2,hsa00230,Purine metabolism - Homo sapiens (human),Brain_Substantia_nigra,chr2_24907582_A_G_b38,rs11689546,ENSG00000138031.15,ADCY3,109,1.84327316447201e-12,-0.400548070669174,-12655
chr2,hsa04020,Calcium signaling pathway - Homo sapiens (human),Brain_Substantia_nigra,chr2_24907582_A_G_b38,rs11689546,ENSG00000138031.15,ADCY3,109,1.84327316447201e-12,-0.400548070669174,-12655
chr2,hsa04062,Chemokine signaling pathway - Homo sapiens (human),Brain_Substantia_nigra,chr2_24907582_A_G_b38,rs11689546,ENSG00000138031.15,ADCY3,109,1.84327316447201e-12,-0.400548070669174,-12655
chr2,hsa04114,Oocyte meiosis - Homo sapiens (human),Brain_Substantia_nigra,chr2_24907582_A_G_b38,rs11689546,ENSG00000138031.15,ADCY3,109,1.84327316447201e-12,-0.400548070669174,-12655
chr2,hsa04270,Vascular smooth muscle contraction - Homo sapiens (human),Brain_Substantia_nigra,chr2_24907582_A_G_b38,rs11689546,ENSG00000138031.15,ADCY3,109,1.84327316447201e-12,-0.400548070669174,-12655
chr2,hsa04540,Gap junction - Homo sapiens (human),Brain_Substantia_nigra,chr2_24907582_A_G_b38,rs11689546,ENSG00000138031.15,ADCY3,109,1.84327316447201e-12,-0.400548070669174,-12655
chr2,hsa04740,Olfactory transduction - Homo sapiens (human),Brain_Substantia_nigra,chr2_24907582_A_G_b38,rs11689546,ENSG00000138031.15,ADCY3,109,1.84327316447201e-12,-0.400548070669174,-12655
chr2,hsa04912,GnRH signaling pathway - Homo sapiens (human),Brain_Substantia_nigra,chr2_24907582_A_G_b38,rs11689546,ENSG00000138031.15,ADCY3,109,1.84327316447201e-12,-0.400548070669174,-12655
chr2,hsa04914,Progesterone-mediated oocyte maturation - Homo sapiens (human),Brain_Substantia_nigra,chr2_24907582_A_G_b38,rs11689546,ENSG00000138031.15,ADCY3,109,1.84327316447201e-12,-0.400548070669174,-12655
chr2,hsa04916,Melanogenesis - Homo sapiens (human),Brain_Substantia_nigra,chr2_24907582_A_G_b38,rs11689546,ENSG00000138031.15,ADCY3,109,1.84327316447201e-12,-0.400548070669174,-12655
chr2,hsa04962,Vasopressin-regulated water reabsorption - Homo sapiens (human),Brain_Substantia_nigra,chr2_24907582_A_G_b38,rs11689546,ENSG00000138031.15,ADCY3,109,1.84327316447201e-12,-0.400548070669174,-12655
chr2,hsa04970,Salivary secretion - Homo sapiens (human),Brain_Substantia_nigra,chr2_24907582_A_G_b38,rs11689546,ENSG00000138031.15,ADCY3,109,1.84327316447201e-12,-0.400548070669174,-12655
chr2,hsa04971,Gastric acid secretion - Homo sapiens (human),Brain_Substantia_nigra,chr2_24907582_A_G_b38,rs11689546,ENSG00000138031.15,ADCY3,109,1.84327316447201e-12,-0.400548070669174,-12655
chr2,hsa04972,Pancreatic secretion - Homo sapiens (human),Brain_Substantia_nigra,chr2_24907582_A_G_b38,rs11689546,ENSG00000138031.15,ADCY3,109,1.84327316447201e-12,-0.400548070669174,-12655
chr2,hsa04976,Bile secretion - Homo sapiens (human),Brain_Substantia_nigra,chr2_24907582_A_G_b38,rs11689546,ENSG00000138031.15,ADCY3,109,1.84327316447201e-12,-0.400548070669174,-12655
chr2,hsa05110,Vibrio cholerae infection - Homo sapiens (human),Brain_Substantia_nigra,chr2_24907582_A_G_b38,rs11689546,ENSG00000138031.15,ADCY3,109,1.84327316447201e-12,-0.400548070669174,-12655
chr2,hsa05414,Dilated cardiomyopathy - Homo sapiens (human),Brain_Substantia_nigra,chr2_24907582_A_G_b38,rs11689546,ENSG00000138031.15,ADCY3,109,1.84327316447201e-12,-0.400548070669174,-12655
chr2,hsa00230,Purine metabolism - Homo sapiens (human),Brain_Substantia_nigra,chr2_24907593_T_G_b38,rs10200566,ENSG00000138031.15,ADCY3,109,3.09924249285709e-12,-0.400067836046219,-12644
chr2,hsa04020,Calcium signaling pathway - Homo sapiens (human),Brain_Substantia_nigra,chr2_24907593_T_G_b38,rs10200566,ENSG00000138031.15,ADCY3,109,3.09924249285709e-12,-0.400067836046219,-12644
chr2,hsa04062,Chemokine signaling pathway - Homo sapiens (human),Brain_Substantia_nigra,chr2_24907593_T_G_b38,rs10200566,ENSG00000138031.15,ADCY3,109,3.09924249285709e-12,-0.400067836046219,-12644
chr2,hsa04114,Oocyte meiosis - Homo sapiens (human),Brain_Substantia_nigra,chr2_24907593_T_G_b38,rs10200566,ENSG00000138031.15,ADCY3,109,3.09924249285709e-12,-0.400067836046219,-12644
chr2,hsa04270,Vascular smooth muscle contraction - Homo sapiens (human),Brain_Substantia_nigra,chr2_24907593_T_G_b38,rs10200566,ENSG00000138031.15,ADCY3,109,3.09924249285709e-12,-0.400067836046219,-12644
chr2,hsa04540,Gap junction - Homo sapiens (human),Brain_Substantia_nigra,chr2_24907593_T_G_b38,rs10200566,ENSG00000138031.15,ADCY3,109,3.09924249285709e-12,-0.400067836046219,-12644
chr2,hsa04740,Olfactory transduction - Homo sapiens (human),Brain_Substantia_nigra,chr2_24907593_T_G_b38,rs10200566,ENSG00000138031.15,ADCY3,109,3.09924249285709e-12,-0.400067836046219,-12644
chr2,hsa04912,GnRH signaling pathway - Homo sapiens (human),Brain_Substantia_nigra,chr2_24907593_T_G_b38,rs10200566,ENSG00000138031.15,ADCY3,109,3.09924249285709e-12,-0.400067836046219,-12644
chr2,hsa04914,Progesterone-mediated oocyte maturation - Homo sapiens (human),Brain_Substantia_nigra,chr2_24907593_T_G_b38,rs10200566,ENSG00000138031.15,ADCY3,109,3.09924249285709e-12,-0.400067836046219,-12644
chr2,hsa04916,Melanogenesis - Homo sapiens (human),Brain_Substantia_nigra,chr2_24907593_T_G_b38,rs10200566,ENSG00000138031.15,ADCY3,109,3.09924249285709e-12,-0.400067836046219,-12644
chr2,hsa04962,Vasopressin-regulated water reabsorption - Homo sapiens (human),Brain_Substantia_nigra,chr2_24907593_T_G_b38,rs10200566,ENSG00000138031.15,ADCY3,109,3.09924249285709e-12,-0.400067836046219,-12644
chr2,hsa04970,Salivary secretion - Homo sapiens (human),Brain_Substantia_nigra,chr2_24907593_T_G_b38,rs10200566,ENSG00000138031.15,ADCY3,109,3.09924249285709e-12,-0.400067836046219,-12644
chr2,hsa04971,Gastric acid secretion - Homo sapiens (human),Brain_Substantia_nigra,chr2_24907593_T_G_b38,rs10200566,ENSG00000138031.15,ADCY3,109,3.09924249285709e-12,-0.400067836046219,-12644
chr2,hsa04972,Pancreatic secretion - Homo sapiens (human),Brain_Substantia_nigra,chr2_24907593_T_G_b38,rs10200566,ENSG00000138031.15,ADCY3,109,3.09924249285709e-12,-0.400067836046219,-12644
chr2,hsa04976,Bile secretion - Homo sapiens (human),Brain_Substantia_nigra,chr2_24907593_T_G_b38,rs10200566,ENSG00000138031.15,ADCY3,109,3.09924249285709e-12,-0.400067836046219,-12644
chr2,hsa05110,Vibrio cholerae infection - Homo sapiens (human),Brain_Substantia_nigra,chr2_24907593_T_G_b38,rs10200566,ENSG00000138031.15,ADCY3,109,3.09924249285709e-12,-0.400067836046219,-12644
chr2,hsa05414,Dilated cardiomyopathy - Homo sapiens (human),Brain_Substantia_nigra,chr2_24907593_T_G_b38,rs10200566,ENSG00000138031.15,ADCY3,109,3.09924249285709e-12,-0.400067836046219,-12644
chr2,hsa00230,Purine metabolism - Homo sapiens (human),Brain_Substantia_nigra,chr2_24907673_A_C_b38,rs10198275,ENSG00000138031.15,ADCY3,109,1.84327316447201e-12,-0.400548070669174,-12564
chr2,hsa04020,Calcium signaling pathway - Homo sapiens (human),Brain_Substantia_nigra,chr2_24907673_A_C_b38,rs10198275,ENSG00000138031.15,ADCY3,109,1.84327316447201e-12,-0.400548070669174,-12564
chr2,hsa04062,Chemokine signaling pathway - Homo sapiens (human),Brain_Substantia_nigra,chr2_24907673_A_C_b38,rs10198275,ENSG00000138031.15,ADCY3,109,1.84327316447201e-12,-0.400548070669174,-12564
chr2,hsa04114,Oocyte meiosis - Homo sapiens (human),Brain_Substantia_nigra,chr2_24907673_A_C_b38,rs10198275,ENSG00000138031.15,ADCY3,109,1.84327316447201e-12,-0.400548070669174,-12564
chr2,hsa04270,Vascular smooth muscle contraction - Homo sapiens (human),Brain_Substantia_nigra,chr2_24907673_A_C_b38,rs10198275,ENSG00000138031.15,ADCY3,109,1.84327316447201e-12,-0.400548070669174,-12564
chr2,hsa04540,Gap junction - Homo sapiens (human),Brain_Substantia_nigra,chr2_24907673_A_C_b38,rs10198275,ENSG00000138031.15,ADCY3,109,1.84327316447201e-12,-0.400548070669174,-12564
chr2,hsa04740,Olfactory transduction - Homo sapiens (human),Brain_Substantia_nigra,chr2_24907673_A_C_b38,rs10198275,ENSG00000138031.15,ADCY3,109,1.84327316447201e-12,-0.400548070669174,-12564
chr2,hsa04912,GnRH signaling pathway - Homo sapiens (human),Brain_Substantia_nigra,chr2_24907673_A_C_b38,rs10198275,ENSG00000138031.15,ADCY3,109,1.84327316447201e-12,-0.400548070669174,-12564
chr2,hsa04914,Progesterone-mediated oocyte maturation - Homo sapiens (human),Brain_Substantia_nigra,chr2_24907673_A_C_b38,rs10198275,ENSG00000138031.15,ADCY3,109,1.84327316447201e-12,-0.400548070669174,-12564
chr2,hsa04916,Melanogenesis - Homo sapiens (human),Brain_Substantia_nigra,chr2_24907673_A_C_b38,rs10198275,ENSG00000138031.15,ADCY3,109,1.84327316447201e-12,-0.400548070669174,-12564
chr2,hsa04962,Vasopressin-regulated water reabsorption - Homo sapiens (human),Brain_Substantia_nigra,chr2_24907673_A_C_b38,rs10198275,ENSG00000138031.15,ADCY3,109,1.84327316447201e-12,-0.400548070669174,-12564
chr2,hsa04970,Salivary secretion - Homo sapiens (human),Brain_Substantia_nigra,chr2_24907673_A_C_b38,rs10198275,ENSG00000138031.15,ADCY3,109,1.84327316447201e-12,-0.400548070669174,-12564
chr2,hsa04971,Gastric acid secretion - Homo sapiens (human),Brain_Substantia_nigra,chr2_24907673_A_C_b38,rs10198275,ENSG00000138031.15,ADCY3,109,1.84327316447201e-12,-0.400548070669174,-12564
chr2,hsa04972,Pancreatic secretion - Homo sapiens (human),Brain_Substantia_nigra,chr2_24907673_A_C_b38,rs10198275,ENSG00000138031.15,ADCY3,109,1.84327316447201e-12,-0.400548070669174,-12564
chr2,hsa04976,Bile secretion - Homo sapiens (human),Brain_Substantia_nigra,chr2_24907673_A_C_b38,rs10198275,ENSG00000138031.15,ADCY3,109,1.84327316447201e-12,-0.400548070669174,-12564
chr2,hsa05110,Vibrio cholerae infection - Homo sapiens (human),Brain_Substantia_nigra,chr2_24907673_A_C_b38,rs10198275,ENSG00000138031.15,ADCY3,109,1.84327316447201e-12,-0.400548070669174,-12564
chr2,hsa05414,Dilated cardiomyopathy - Homo sapiens (human),Brain_Substantia_nigra,chr2_24907673_A_C_b38,rs10198275,ENSG00000138031.15,ADCY3,109,1.84327316447201e-12,-0.400548070669174,-12564
chr2,hsa00230,Purine metabolism - Homo sapiens (human),Brain_Substantia_nigra,chr2_24907723_A_G_b38,rs10198356,ENSG00000138031.15,ADCY3,109,1.84328542995921e-12,-0.400548011064529,-12514
chr2,hsa04020,Calcium signaling pathway - Homo sapiens (human),Brain_Substantia_nigra,chr2_24907723_A_G_b38,rs10198356,ENSG00000138031.15,ADCY3,109,1.84328542995921e-12,-0.400548011064529,-12514
chr2,hsa04062,Chemokine signaling pathway - Homo sapiens (human),Brain_Substantia_nigra,chr2_24907723_A_G_b38,rs10198356,ENSG00000138031.15,ADCY3,109,1.84328542995921e-12,-0.400548011064529,-12514
chr2,hsa04114,Oocyte meiosis - Homo sapiens (human),Brain_Substantia_nigra,chr2_24907723_A_G_b38,rs10198356,ENSG00000138031.15,ADCY3,109,1.84328542995921e-12,-0.400548011064529,-12514
chr2,hsa04270,Vascular smooth muscle contraction - Homo sapiens (human),Brain_Substantia_nigra,chr2_24907723_A_G_b38,rs10198356,ENSG00000138031.15,ADCY3,109,1.84328542995921e-12,-0.400548011064529,-12514
chr2,hsa04540,Gap junction - Homo sapiens (human),Brain_Substantia_nigra,chr2_24907723_A_G_b38,rs10198356,ENSG00000138031.15,ADCY3,109,1.84328542995921e-12,-0.400548011064529,-12514
chr2,hsa04740,Olfactory transduction - Homo sapiens (human),Brain_Substantia_nigra,chr2_24907723_A_G_b38,rs10198356,ENSG00000138031.15,ADCY3,109,1.84328542995921e-12,-0.400548011064529,-12514
chr2,hsa04912,GnRH signaling pathway - Homo sapiens (human),Brain_Substantia_nigra,chr2_24907723_A_G_b38,rs10198356,ENSG00000138031.15,ADCY3,109,1.84328542995921e-12,-0.400548011064529,-12514
chr2,hsa04914,Progesterone-mediated oocyte maturation - Homo sapiens (human),Brain_Substantia_nigra,chr2_24907723_A_G_b38,rs10198356,ENSG00000138031.15,ADCY3,109,1.84328542995921e-12,-0.400548011064529,-12514
chr2,hsa04916,Melanogenesis - Homo sapiens (human),Brain_Substantia_nigra,chr2_24907723_A_G_b38,rs10198356,ENSG00000138031.15,ADCY3,109,1.84328542995921e-12,-0.400548011064529,-12514
chr2,hsa04962,Vasopressin-regulated water reabsorption - Homo sapiens (human),Brain_Substantia_nigra,chr2_24907723_A_G_b38,rs10198356,ENSG00000138031.15,ADCY3,109,1.84328542995921e-12,-0.400548011064529,-12514
chr2,hsa04970,Salivary secretion - Homo sapiens (human),Brain_Substantia_nigra,chr2_24907723_A_G_b38,rs10198356,ENSG00000138031.15,ADCY3,109,1.84328542995921e-12,-0.400548011064529,-12514
chr2,hsa04971,Gastric acid secretion - Homo sapiens (human),Brain_Substantia_nigra,chr2_24907723_A_G_b38,rs10198356,ENSG00000138031.15,ADCY3,109,1.84328542995921e-12,-0.400548011064529,-12514
chr2,hsa04972,Pancreatic secretion - Homo sapiens (human),Brain_Substantia_nigra,chr2_24907723_A_G_b38,rs10198356,ENSG00000138031.15,ADCY3,109,1.84328542995921e-12,-0.400548011064529,-12514
chr2,hsa04976,Bile secretion - Homo sapiens (human),Brain_Substantia_nigra,chr2_24907723_A_G_b38,rs10198356,ENSG00000138031.15,ADCY3,109,1.84328542995921e-12,-0.400548011064529,-12514
chr2,hsa05110,Vibrio cholerae infection - Homo sapiens (human),Brain_Substantia_nigra,chr2_24907723_A_G_b38,rs10198356,ENSG00000138031.15,ADCY3,109,1.84328542995921e-12,-0.400548011064529,-12514
chr2,hsa05414,Dilated cardiomyopathy - Homo sapiens (human),Brain_Substantia_nigra,chr2_24907723_A_G_b38,rs10198356,ENSG00000138031.15,ADCY3,109,1.84328542995921e-12,-0.400548011064529,-12514
chr2,hsa00230,Purine metabolism - Homo sapiens (human),Brain_Substantia_nigra,chr2_24907815_C_T_b38,rs10186242,ENSG00000138031.15,ADCY3,109,1.84327316447201e-12,-0.400548070669174,-12422
chr2,hsa04020,Calcium signaling pathway - Homo sapiens (human),Brain_Substantia_nigra,chr2_24907815_C_T_b38,rs10186242,ENSG00000138031.15,ADCY3,109,1.84327316447201e-12,-0.400548070669174,-12422
chr2,hsa04062,Chemokine signaling pathway - Homo sapiens (human),Brain_Substantia_nigra,chr2_24907815_C_T_b38,rs10186242,ENSG00000138031.15,ADCY3,109,1.84327316447201e-12,-0.400548070669174,-12422
chr2,hsa04114,Oocyte meiosis - Homo sapiens (human),Brain_Substantia_nigra,chr2_24907815_C_T_b38,rs10186242,ENSG00000138031.15,ADCY3,109,1.84327316447201e-12,-0.400548070669174,-12422
chr2,hsa04270,Vascular smooth muscle contraction - Homo sapiens (human),Brain_Substantia_nigra,chr2_24907815_C_T_b38,rs10186242,ENSG00000138031.15,ADCY3,109,1.84327316447201e-12,-0.400548070669174,-12422
chr2,hsa04540,Gap junction - Homo sapiens (human),Brain_Substantia_nigra,chr2_24907815_C_T_b38,rs10186242,ENSG00000138031.15,ADCY3,109,1.84327316447201e-12,-0.400548070669174,-12422
chr2,hsa04740,Olfactory transduction - Homo sapiens (human),Brain_Substantia_nigra,chr2_24907815_C_T_b38,rs10186242,ENSG00000138031.15,ADCY3,109,1.84327316447201e-12,-0.400548070669174,-12422
chr2,hsa04912,GnRH signaling pathway - Homo sapiens (human),Brain_Substantia_nigra,chr2_24907815_C_T_b38,rs10186242,ENSG00000138031.15,ADCY3,109,1.84327316447201e-12,-0.400548070669174,-12422
chr2,hsa04914,Progesterone-mediated oocyte maturation - Homo sapiens (human),Brain_Substantia_nigra,chr2_24907815_C_T_b38,rs10186242,ENSG00000138031.15,ADCY3,109,1.84327316447201e-12,-0.400548070669174,-12422
chr2,hsa04916,Melanogenesis - Homo sapiens (human),Brain_Substantia_nigra,chr2_24907815_C_T_b38,rs10186242,ENSG00000138031.15,ADCY3,109,1.84327316447201e-12,-0.400548070669174,-12422
chr2,hsa04962,Vasopressin-regulated water reabsorption - Homo sapiens (human),Brain_Substantia_nigra,chr2_24907815_C_T_b38,rs10186242,ENSG00000138031.15,ADCY3,109,1.84327316447201e-12,-0.400548070669174,-12422
chr2,hsa04970,Salivary secretion - Homo sapiens (human),Brain_Substantia_nigra,chr2_24907815_C_T_b38,rs10186242,ENSG00000138031.15,ADCY3,109,1.84327316447201e-12,-0.400548070669174,-12422
chr2,hsa04971,Gastric acid secretion - Homo sapiens (human),Brain_Substantia_nigra,chr2_24907815_C_T_b38,rs10186242,ENSG00000138031.15,ADCY3,109,1.84327316447201e-12,-0.400548070669174,-12422
chr2,hsa04972,Pancreatic secretion - Homo sapiens (human),Brain_Substantia_nigra,chr2_24907815_C_T_b38,rs10186242,ENSG00000138031.15,ADCY3,109,1.84327316447201e-12,-0.400548070669174,-12422
chr2,hsa04976,Bile secretion - Homo sapiens (human),Brain_Substantia_nigra,chr2_24907815_C_T_b38,rs10186242,ENSG00000138031.15,ADCY3,109,1.84327316447201e-12,-0.400548070669174,-12422
chr2,hsa05110,Vibrio cholerae infection - Homo sapiens (human),Brain_Substantia_nigra,chr2_24907815_C_T_b38,rs10186242,ENSG00000138031.15,ADCY3,109,1.84327316447201e-12,-0.400548070669174,-12422
chr2,hsa05414,Dilated cardiomyopathy - Homo sapiens (human),Brain_Substantia_nigra,chr2_24907815_C_T_b38,rs10186242,ENSG00000138031.15,ADCY3,109,1.84327316447201e-12,-0.400548070669174,-12422
chr2,hsa00230,Purine metabolism - Homo sapiens (human),Brain_Substantia_nigra,chr2_24908038_T_C_b38,rs6733224,ENSG00000138031.15,ADCY3,109,1.84327316447201e-12,-0.400548070669174,-12199
chr2,hsa04020,Calcium signaling pathway - Homo sapiens (human),Brain_Substantia_nigra,chr2_24908038_T_C_b38,rs6733224,ENSG00000138031.15,ADCY3,109,1.84327316447201e-12,-0.400548070669174,-12199
chr2,hsa04062,Chemokine signaling pathway - Homo sapiens (human),Brain_Substantia_nigra,chr2_24908038_T_C_b38,rs6733224,ENSG00000138031.15,ADCY3,109,1.84327316447201e-12,-0.400548070669174,-12199
chr2,hsa04114,Oocyte meiosis - Homo sapiens (human),Brain_Substantia_nigra,chr2_24908038_T_C_b38,rs6733224,ENSG00000138031.15,ADCY3,109,1.84327316447201e-12,-0.400548070669174,-12199
chr2,hsa04270,Vascular smooth muscle contraction - Homo sapiens (human),Brain_Substantia_nigra,chr2_24908038_T_C_b38,rs6733224,ENSG00000138031.15,ADCY3,109,1.84327316447201e-12,-0.400548070669174,-12199
chr2,hsa04540,Gap junction - Homo sapiens (human),Brain_Substantia_nigra,chr2_24908038_T_C_b38,rs6733224,ENSG00000138031.15,ADCY3,109,1.84327316447201e-12,-0.400548070669174,-12199
chr2,hsa04740,Olfactory transduction - Homo sapiens (human),Brain_Substantia_nigra,chr2_24908038_T_C_b38,rs6733224,ENSG00000138031.15,ADCY3,109,1.84327316447201e-12,-0.400548070669174,-12199
chr2,hsa04912,GnRH signaling pathway - Homo sapiens (human),Brain_Substantia_nigra,chr2_24908038_T_C_b38,rs6733224,ENSG00000138031.15,ADCY3,109,1.84327316447201e-12,-0.400548070669174,-12199
chr2,hsa04914,Progesterone-mediated oocyte maturation - Homo sapiens (human),Brain_Substantia_nigra,chr2_24908038_T_C_b38,rs6733224,ENSG00000138031.15,ADCY3,109,1.84327316447201e-12,-0.400548070669174,-12199
chr2,hsa04916,Melanogenesis - Homo sapiens (human),Brain_Substantia_nigra,chr2_24908038_T_C_b38,rs6733224,ENSG00000138031.15,ADCY3,109,1.84327316447201e-12,-0.400548070669174,-12199
chr2,hsa04962,Vasopressin-regulated water reabsorption - Homo sapiens (human),Brain_Substantia_nigra,chr2_24908038_T_C_b38,rs6733224,ENSG00000138031.15,ADCY3,109,1.84327316447201e-12,-0.400548070669174,-12199
chr2,hsa04970,Salivary secretion - Homo sapiens (human),Brain_Substantia_nigra,chr2_24908038_T_C_b38,rs6733224,ENSG00000138031.15,ADCY3,109,1.84327316447201e-12,-0.400548070669174,-12199
chr2,hsa04971,Gastric acid secretion - Homo sapiens (human),Brain_Substantia_nigra,chr2_24908038_T_C_b38,rs6733224,ENSG00000138031.15,ADCY3,109,1.84327316447201e-12,-0.400548070669174,-12199
chr2,hsa04972,Pancreatic secretion - Homo sapiens (human),Brain_Substantia_nigra,chr2_24908038_T_C_b38,rs6733224,ENSG00000138031.15,ADCY3,109,1.84327316447201e-12,-0.400548070669174,-12199
chr2,hsa04976,Bile secretion - Homo sapiens (human),Brain_Substantia_nigra,chr2_24908038_T_C_b38,rs6733224,ENSG00000138031.15,ADCY3,109,1.84327316447201e-12,-0.400548070669174,-12199
chr2,hsa05110,Vibrio cholerae infection - Homo sapiens (human),Brain_Substantia_nigra,chr2_24908038_T_C_b38,rs6733224,ENSG00000138031.15,ADCY3,109,1.84327316447201e-12,-0.400548070669174,-12199
chr2,hsa05414,Dilated cardiomyopathy - Homo sapiens (human),Brain_Substantia_nigra,chr2_24908038_T_C_b38,rs6733224,ENSG00000138031.15,ADCY3,109,1.84327316447201e-12,-0.400548070669174,-12199
chr2,hsa00230,Purine metabolism - Homo sapiens (human),Brain_Substantia_nigra,chr2_24908051_A_G_b38,rs6730191,ENSG00000138031.15,ADCY3,109,1.84327316447201e-12,-0.400548070669174,-12186
chr2,hsa04020,Calcium signaling pathway - Homo sapiens (human),Brain_Substantia_nigra,chr2_24908051_A_G_b38,rs6730191,ENSG00000138031.15,ADCY3,109,1.84327316447201e-12,-0.400548070669174,-12186
chr2,hsa04062,Chemokine signaling pathway - Homo sapiens (human),Brain_Substantia_nigra,chr2_24908051_A_G_b38,rs6730191,ENSG00000138031.15,ADCY3,109,1.84327316447201e-12,-0.400548070669174,-12186
chr2,hsa04114,Oocyte meiosis - Homo sapiens (human),Brain_Substantia_nigra,chr2_24908051_A_G_b38,rs6730191,ENSG00000138031.15,ADCY3,109,1.84327316447201e-12,-0.400548070669174,-12186
chr2,hsa04270,Vascular smooth muscle contraction - Homo sapiens (human),Brain_Substantia_nigra,chr2_24908051_A_G_b38,rs6730191,ENSG00000138031.15,ADCY3,109,1.84327316447201e-12,-0.400548070669174,-12186
chr2,hsa04540,Gap junction - Homo sapiens (human),Brain_Substantia_nigra,chr2_24908051_A_G_b38,rs6730191,ENSG00000138031.15,ADCY3,109,1.84327316447201e-12,-0.400548070669174,-12186
chr2,hsa04740,Olfactory transduction - Homo sapiens (human),Brain_Substantia_nigra,chr2_24908051_A_G_b38,rs6730191,ENSG00000138031.15,ADCY3,109,1.84327316447201e-12,-0.400548070669174,-12186
chr2,hsa04912,GnRH signaling pathway - Homo sapiens (human),Brain_Substantia_nigra,chr2_24908051_A_G_b38,rs6730191,ENSG00000138031.15,ADCY3,109,1.84327316447201e-12,-0.400548070669174,-12186
chr2,hsa04914,Progesterone-mediated oocyte maturation - Homo sapiens (human),Brain_Substantia_nigra,chr2_24908051_A_G_b38,rs6730191,ENSG00000138031.15,ADCY3,109,1.84327316447201e-12,-0.400548070669174,-12186
chr2,hsa04916,Melanogenesis - Homo sapiens (human),Brain_Substantia_nigra,chr2_24908051_A_G_b38,rs6730191,ENSG00000138031.15,ADCY3,109,1.84327316447201e-12,-0.400548070669174,-12186
chr2,hsa04962,Vasopressin-regulated water reabsorption - Homo sapiens (human),Brain_Substantia_nigra,chr2_24908051_A_G_b38,rs6730191,ENSG00000138031.15,ADCY3,109,1.84327316447201e-12,-0.400548070669174,-12186
chr2,hsa04970,Salivary secretion - Homo sapiens (human),Brain_Substantia_nigra,chr2_24908051_A_G_b38,rs6730191,ENSG00000138031.15,ADCY3,109,1.84327316447201e-12,-0.400548070669174,-12186
chr2,hsa04971,Gastric acid secretion - Homo sapiens (human),Brain_Substantia_nigra,chr2_24908051_A_G_b38,rs6730191,ENSG00000138031.15,ADCY3,109,1.84327316447201e-12,-0.400548070669174,-12186
chr2,hsa04972,Pancreatic secretion - Homo sapiens (human),Brain_Substantia_nigra,chr2_24908051_A_G_b38,rs6730191,ENSG00000138031.15,ADCY3,109,1.84327316447201e-12,-0.400548070669174,-12186
chr2,hsa04976,Bile secretion - Homo sapiens (human),Brain_Substantia_nigra,chr2_24908051_A_G_b38,rs6730191,ENSG00000138031.15,ADCY3,109,1.84327316447201e-12,-0.400548070669174,-12186
chr2,hsa05110,Vibrio cholerae infection - Homo sapiens (human),Brain_Substantia_nigra,chr2_24908051_A_G_b38,rs6730191,ENSG00000138031.15,ADCY3,109,1.84327316447201e-12,-0.400548070669174,-12186
chr2,hsa05414,Dilated cardiomyopathy - Homo sapiens (human),Brain_Substantia_nigra,chr2_24908051_A_G_b38,rs6730191,ENSG00000138031.15,ADCY3,109,1.84327316447201e-12,-0.400548070669174,-12186
chr2,hsa00230,Purine metabolism - Homo sapiens (human),Brain_Substantia_nigra,chr2_24908292_T_C_b38,rs6736210,ENSG00000138031.15,ADCY3,109,1.84327316447201e-12,-0.400548070669174,-11945
chr2,hsa04020,Calcium signaling pathway - Homo sapiens (human),Brain_Substantia_nigra,chr2_24908292_T_C_b38,rs6736210,ENSG00000138031.15,ADCY3,109,1.84327316447201e-12,-0.400548070669174,-11945
chr2,hsa04062,Chemokine signaling pathway - Homo sapiens (human),Brain_Substantia_nigra,chr2_24908292_T_C_b38,rs6736210,ENSG00000138031.15,ADCY3,109,1.84327316447201e-12,-0.400548070669174,-11945
chr2,hsa04114,Oocyte meiosis - Homo sapiens (human),Brain_Substantia_nigra,chr2_24908292_T_C_b38,rs6736210,ENSG00000138031.15,ADCY3,109,1.84327316447201e-12,-0.400548070669174,-11945
chr2,hsa04270,Vascular smooth muscle contraction - Homo sapiens (human),Brain_Substantia_nigra,chr2_24908292_T_C_b38,rs6736210,ENSG00000138031.15,ADCY3,109,1.84327316447201e-12,-0.400548070669174,-11945
chr2,hsa04540,Gap junction - Homo sapiens (human),Brain_Substantia_nigra,chr2_24908292_T_C_b38,rs6736210,ENSG00000138031.15,ADCY3,109,1.84327316447201e-12,-0.400548070669174,-11945
chr2,hsa04740,Olfactory transduction - Homo sapiens (human),Brain_Substantia_nigra,chr2_24908292_T_C_b38,rs6736210,ENSG00000138031.15,ADCY3,109,1.84327316447201e-12,-0.400548070669174,-11945
chr2,hsa04912,GnRH signaling pathway - Homo sapiens (human),Brain_Substantia_nigra,chr2_24908292_T_C_b38,rs6736210,ENSG00000138031.15,ADCY3,109,1.84327316447201e-12,-0.400548070669174,-11945
chr2,hsa04914,Progesterone-mediated oocyte maturation - Homo sapiens (human),Brain_Substantia_nigra,chr2_24908292_T_C_b38,rs6736210,ENSG00000138031.15,ADCY3,109,1.84327316447201e-12,-0.400548070669174,-11945
chr2,hsa04916,Melanogenesis - Homo sapiens (human),Brain_Substantia_nigra,chr2_24908292_T_C_b38,rs6736210,ENSG00000138031.15,ADCY3,109,1.84327316447201e-12,-0.400548070669174,-11945
chr2,hsa04962,Vasopressin-regulated water reabsorption - Homo sapiens (human),Brain_Substantia_nigra,chr2_24908292_T_C_b38,rs6736210,ENSG00000138031.15,ADCY3,109,1.84327316447201e-12,-0.400548070669174,-11945
chr2,hsa04970,Salivary secretion - Homo sapiens (human),Brain_Substantia_nigra,chr2_24908292_T_C_b38,rs6736210,ENSG00000138031.15,ADCY3,109,1.84327316447201e-12,-0.400548070669174,-11945
chr2,hsa04971,Gastric acid secretion - Homo sapiens (human),Brain_Substantia_nigra,chr2_24908292_T_C_b38,rs6736210,ENSG00000138031.15,ADCY3,109,1.84327316447201e-12,-0.400548070669174,-11945
chr2,hsa04972,Pancreatic secretion - Homo sapiens (human),Brain_Substantia_nigra,chr2_24908292_T_C_b38,rs6736210,ENSG00000138031.15,ADCY3,109,1.84327316447201e-12,-0.400548070669174,-11945
chr2,hsa04976,Bile secretion - Homo sapiens (human),Brain_Substantia_nigra,chr2_24908292_T_C_b38,rs6736210,ENSG00000138031.15,ADCY3,109,1.84327316447201e-12,-0.400548070669174,-11945
chr2,hsa05110,Vibrio cholerae infection - Homo sapiens (human),Brain_Substantia_nigra,chr2_24908292_T_C_b38,rs6736210,ENSG00000138031.15,ADCY3,109,1.84327316447201e-12,-0.400548070669174,-11945
chr2,hsa05414,Dilated cardiomyopathy - Homo sapiens (human),Brain_Substantia_nigra,chr2_24908292_T_C_b38,rs6736210,ENSG00000138031.15,ADCY3,109,1.84327316447201e-12,-0.400548070669174,-11945
chr2,hsa00230,Purine metabolism - Homo sapiens (human),Brain_Substantia_nigra,chr2_24908301_C_G_b38,rs6718628,ENSG00000138031.15,ADCY3,109,1.84327316447201e-12,-0.400548070669174,-11936
chr2,hsa04020,Calcium signaling pathway - Homo sapiens (human),Brain_Substantia_nigra,chr2_24908301_C_G_b38,rs6718628,ENSG00000138031.15,ADCY3,109,1.84327316447201e-12,-0.400548070669174,-11936
chr2,hsa04062,Chemokine signaling pathway - Homo sapiens (human),Brain_Substantia_nigra,chr2_24908301_C_G_b38,rs6718628,ENSG00000138031.15,ADCY3,109,1.84327316447201e-12,-0.400548070669174,-11936
chr2,hsa04114,Oocyte meiosis - Homo sapiens (human),Brain_Substantia_nigra,chr2_24908301_C_G_b38,rs6718628,ENSG00000138031.15,ADCY3,109,1.84327316447201e-12,-0.400548070669174,-11936
chr2,hsa04270,Vascular smooth muscle contraction - Homo sapiens (human),Brain_Substantia_nigra,chr2_24908301_C_G_b38,rs6718628,ENSG00000138031.15,ADCY3,109,1.84327316447201e-12,-0.400548070669174,-11936
chr2,hsa04540,Gap junction - Homo sapiens (human),Brain_Substantia_nigra,chr2_24908301_C_G_b38,rs6718628,ENSG00000138031.15,ADCY3,109,1.84327316447201e-12,-0.400548070669174,-11936
chr2,hsa04740,Olfactory transduction - Homo sapiens (human),Brain_Substantia_nigra,chr2_24908301_C_G_b38,rs6718628,ENSG00000138031.15,ADCY3,109,1.84327316447201e-12,-0.400548070669174,-11936
chr2,hsa04912,GnRH signaling pathway - Homo sapiens (human),Brain_Substantia_nigra,chr2_24908301_C_G_b38,rs6718628,ENSG00000138031.15,ADCY3,109,1.84327316447201e-12,-0.400548070669174,-11936
chr2,hsa04914,Progesterone-mediated oocyte maturation - Homo sapiens (human),Brain_Substantia_nigra,chr2_24908301_C_G_b38,rs6718628,ENSG00000138031.15,ADCY3,109,1.84327316447201e-12,-0.400548070669174,-11936
chr2,hsa04916,Melanogenesis - Homo sapiens (human),Brain_Substantia_nigra,chr2_24908301_C_G_b38,rs6718628,ENSG00000138031.15,ADCY3,109,1.84327316447201e-12,-0.400548070669174,-11936
chr2,hsa04962,Vasopressin-regulated water reabsorption - Homo sapiens (human),Brain_Substantia_nigra,chr2_24908301_C_G_b38,rs6718628,ENSG00000138031.15,ADCY3,109,1.84327316447201e-12,-0.400548070669174,-11936
chr2,hsa04970,Salivary secretion - Homo sapiens (human),Brain_Substantia_nigra,chr2_24908301_C_G_b38,rs6718628,ENSG00000138031.15,ADCY3,109,1.84327316447201e-12,-0.400548070669174,-11936
chr2,hsa04971,Gastric acid secretion - Homo sapiens (human),Brain_Substantia_nigra,chr2_24908301_C_G_b38,rs6718628,ENSG00000138031.15,ADCY3,109,1.84327316447201e-12,-0.400548070669174,-11936
chr2,hsa04972,Pancreatic secretion - Homo sapiens (human),Brain_Substantia_nigra,chr2_24908301_C_G_b38,rs6718628,ENSG00000138031.15,ADCY3,109,1.84327316447201e-12,-0.400548070669174,-11936
chr2,hsa04976,Bile secretion - Homo sapiens (human),Brain_Substantia_nigra,chr2_24908301_C_G_b38,rs6718628,ENSG00000138031.15,ADCY3,109,1.84327316447201e-12,-0.400548070669174,-11936
chr2,hsa05110,Vibrio cholerae infection - Homo sapiens (human),Brain_Substantia_nigra,chr2_24908301_C_G_b38,rs6718628,ENSG00000138031.15,ADCY3,109,1.84327316447201e-12,-0.400548070669174,-11936
chr2,hsa05414,Dilated cardiomyopathy - Homo sapiens (human),Brain_Substantia_nigra,chr2_24908301_C_G_b38,rs6718628,ENSG00000138031.15,ADCY3,109,1.84327316447201e-12,-0.400548070669174,-11936
chr2,hsa00230,Purine metabolism - Homo sapiens (human),Brain_Substantia_nigra,chr2_24908418_C_T_b38,rs6545813,ENSG00000138031.15,ADCY3,109,1.84327316447201e-12,-0.400548070669174,-11819
chr2,hsa04020,Calcium signaling pathway - Homo sapiens (human),Brain_Substantia_nigra,chr2_24908418_C_T_b38,rs6545813,ENSG00000138031.15,ADCY3,109,1.84327316447201e-12,-0.400548070669174,-11819
chr2,hsa04062,Chemokine signaling pathway - Homo sapiens (human),Brain_Substantia_nigra,chr2_24908418_C_T_b38,rs6545813,ENSG00000138031.15,ADCY3,109,1.84327316447201e-12,-0.400548070669174,-11819
chr2,hsa04114,Oocyte meiosis - Homo sapiens (human),Brain_Substantia_nigra,chr2_24908418_C_T_b38,rs6545813,ENSG00000138031.15,ADCY3,109,1.84327316447201e-12,-0.400548070669174,-11819
chr2,hsa04270,Vascular smooth muscle contraction - Homo sapiens (human),Brain_Substantia_nigra,chr2_24908418_C_T_b38,rs6545813,ENSG00000138031.15,ADCY3,109,1.84327316447201e-12,-0.400548070669174,-11819
chr2,hsa04540,Gap junction - Homo sapiens (human),Brain_Substantia_nigra,chr2_24908418_C_T_b38,rs6545813,ENSG00000138031.15,ADCY3,109,1.84327316447201e-12,-0.400548070669174,-11819
chr2,hsa04740,Olfactory transduction - Homo sapiens (human),Brain_Substantia_nigra,chr2_24908418_C_T_b38,rs6545813,ENSG00000138031.15,ADCY3,109,1.84327316447201e-12,-0.400548070669174,-11819
chr2,hsa04912,GnRH signaling pathway - Homo sapiens (human),Brain_Substantia_nigra,chr2_24908418_C_T_b38,rs6545813,ENSG00000138031.15,ADCY3,109,1.84327316447201e-12,-0.400548070669174,-11819
chr2,hsa04914,Progesterone-mediated oocyte maturation - Homo sapiens (human),Brain_Substantia_nigra,chr2_24908418_C_T_b38,rs6545813,ENSG00000138031.15,ADCY3,109,1.84327316447201e-12,-0.400548070669174,-11819
chr2,hsa04916,Melanogenesis - Homo sapiens (human),Brain_Substantia_nigra,chr2_24908418_C_T_b38,rs6545813,ENSG00000138031.15,ADCY3,109,1.84327316447201e-12,-0.400548070669174,-11819
chr2,hsa04962,Vasopressin-regulated water reabsorption - Homo sapiens (human),Brain_Substantia_nigra,chr2_24908418_C_T_b38,rs6545813,ENSG00000138031.15,ADCY3,109,1.84327316447201e-12,-0.400548070669174,-11819
chr2,hsa04970,Salivary secretion - Homo sapiens (human),Brain_Substantia_nigra,chr2_24908418_C_T_b38,rs6545813,ENSG00000138031.15,ADCY3,109,1.84327316447201e-12,-0.400548070669174,-11819
chr2,hsa04971,Gastric acid secretion - Homo sapiens (human),Brain_Substantia_nigra,chr2_24908418_C_T_b38,rs6545813,ENSG00000138031.15,ADCY3,109,1.84327316447201e-12,-0.400548070669174,-11819
chr2,hsa04972,Pancreatic secretion - Homo sapiens (human),Brain_Substantia_nigra,chr2_24908418_C_T_b38,rs6545813,ENSG00000138031.15,ADCY3,109,1.84327316447201e-12,-0.400548070669174,-11819
chr2,hsa04976,Bile secretion - Homo sapiens (human),Brain_Substantia_nigra,chr2_24908418_C_T_b38,rs6545813,ENSG00000138031.15,ADCY3,109,1.84327316447201e-12,-0.400548070669174,-11819
chr2,hsa05110,Vibrio cholerae infection - Homo sapiens (human),Brain_Substantia_nigra,chr2_24908418_C_T_b38,rs6545813,ENSG00000138031.15,ADCY3,109,1.84327316447201e-12,-0.400548070669174,-11819
chr2,hsa05414,Dilated cardiomyopathy - Homo sapiens (human),Brain_Substantia_nigra,chr2_24908418_C_T_b38,rs6545813,ENSG00000138031.15,ADCY3,109,1.84327316447201e-12,-0.400548070669174,-11819
chr2,hsa00230,Purine metabolism - Homo sapiens (human),Brain_Substantia_nigra,chr2_24908447_A_G_b38,rs6545814,ENSG00000138031.15,ADCY3,109,1.84328542995921e-12,-0.400548011064529,-11790
chr2,hsa04020,Calcium signaling pathway - Homo sapiens (human),Brain_Substantia_nigra,chr2_24908447_A_G_b38,rs6545814,ENSG00000138031.15,ADCY3,109,1.84328542995921e-12,-0.400548011064529,-11790
chr2,hsa04062,Chemokine signaling pathway - Homo sapiens (human),Brain_Substantia_nigra,chr2_24908447_A_G_b38,rs6545814,ENSG00000138031.15,ADCY3,109,1.84328542995921e-12,-0.400548011064529,-11790
chr2,hsa04114,Oocyte meiosis - Homo sapiens (human),Brain_Substantia_nigra,chr2_24908447_A_G_b38,rs6545814,ENSG00000138031.15,ADCY3,109,1.84328542995921e-12,-0.400548011064529,-11790
chr2,hsa04270,Vascular smooth muscle contraction - Homo sapiens (human),Brain_Substantia_nigra,chr2_24908447_A_G_b38,rs6545814,ENSG00000138031.15,ADCY3,109,1.84328542995921e-12,-0.400548011064529,-11790
chr2,hsa04540,Gap junction - Homo sapiens (human),Brain_Substantia_nigra,chr2_24908447_A_G_b38,rs6545814,ENSG00000138031.15,ADCY3,109,1.84328542995921e-12,-0.400548011064529,-11790
chr2,hsa04740,Olfactory transduction - Homo sapiens (human),Brain_Substantia_nigra,chr2_24908447_A_G_b38,rs6545814,ENSG00000138031.15,ADCY3,109,1.84328542995921e-12,-0.400548011064529,-11790
chr2,hsa04912,GnRH signaling pathway - Homo sapiens (human),Brain_Substantia_nigra,chr2_24908447_A_G_b38,rs6545814,ENSG00000138031.15,ADCY3,109,1.84328542995921e-12,-0.400548011064529,-11790
chr2,hsa04914,Progesterone-mediated oocyte maturation - Homo sapiens (human),Brain_Substantia_nigra,chr2_24908447_A_G_b38,rs6545814,ENSG00000138031.15,ADCY3,109,1.84328542995921e-12,-0.400548011064529,-11790
chr2,hsa04916,Melanogenesis - Homo sapiens (human),Brain_Substantia_nigra,chr2_24908447_A_G_b38,rs6545814,ENSG00000138031.15,ADCY3,109,1.84328542995921e-12,-0.400548011064529,-11790
chr2,hsa04962,Vasopressin-regulated water reabsorption - Homo sapiens (human),Brain_Substantia_nigra,chr2_24908447_A_G_b38,rs6545814,ENSG00000138031.15,ADCY3,109,1.84328542995921e-12,-0.400548011064529,-11790
chr2,hsa04970,Salivary secretion - Homo sapiens (human),Brain_Substantia_nigra,chr2_24908447_A_G_b38,rs6545814,ENSG00000138031.15,ADCY3,109,1.84328542995921e-12,-0.400548011064529,-11790
chr2,hsa04971,Gastric acid secretion - Homo sapiens (human),Brain_Substantia_nigra,chr2_24908447_A_G_b38,rs6545814,ENSG00000138031.15,ADCY3,109,1.84328542995921e-12,-0.400548011064529,-11790
chr2,hsa04972,Pancreatic secretion - Homo sapiens (human),Brain_Substantia_nigra,chr2_24908447_A_G_b38,rs6545814,ENSG00000138031.15,ADCY3,109,1.84328542995921e-12,-0.400548011064529,-11790
chr2,hsa04976,Bile secretion - Homo sapiens (human),Brain_Substantia_nigra,chr2_24908447_A_G_b38,rs6545814,ENSG00000138031.15,ADCY3,109,1.84328542995921e-12,-0.400548011064529,-11790
chr2,hsa05110,Vibrio cholerae infection - Homo sapiens (human),Brain_Substantia_nigra,chr2_24908447_A_G_b38,rs6545814,ENSG00000138031.15,ADCY3,109,1.84328542995921e-12,-0.400548011064529,-11790
chr2,hsa05414,Dilated cardiomyopathy - Homo sapiens (human),Brain_Substantia_nigra,chr2_24908447_A_G_b38,rs6545814,ENSG00000138031.15,ADCY3,109,1.84328542995921e-12,-0.400548011064529,-11790
chr2,hsa00230,Purine metabolism - Homo sapiens (human),Brain_Substantia_nigra,chr2_24908615_TA_T_b38,rs36048912,ENSG00000138031.15,ADCY3,109,1.84327316447201e-12,-0.400548070669174,-11622
chr2,hsa04020,Calcium signaling pathway - Homo sapiens (human),Brain_Substantia_nigra,chr2_24908615_TA_T_b38,rs36048912,ENSG00000138031.15,ADCY3,109,1.84327316447201e-12,-0.400548070669174,-11622
chr2,hsa04062,Chemokine signaling pathway - Homo sapiens (human),Brain_Substantia_nigra,chr2_24908615_TA_T_b38,rs36048912,ENSG00000138031.15,ADCY3,109,1.84327316447201e-12,-0.400548070669174,-11622
chr2,hsa04114,Oocyte meiosis - Homo sapiens (human),Brain_Substantia_nigra,chr2_24908615_TA_T_b38,rs36048912,ENSG00000138031.15,ADCY3,109,1.84327316447201e-12,-0.400548070669174,-11622
chr2,hsa04270,Vascular smooth muscle contraction - Homo sapiens (human),Brain_Substantia_nigra,chr2_24908615_TA_T_b38,rs36048912,ENSG00000138031.15,ADCY3,109,1.84327316447201e-12,-0.400548070669174,-11622
chr2,hsa04540,Gap junction - Homo sapiens (human),Brain_Substantia_nigra,chr2_24908615_TA_T_b38,rs36048912,ENSG00000138031.15,ADCY3,109,1.84327316447201e-12,-0.400548070669174,-11622
chr2,hsa04740,Olfactory transduction - Homo sapiens (human),Brain_Substantia_nigra,chr2_24908615_TA_T_b38,rs36048912,ENSG00000138031.15,ADCY3,109,1.84327316447201e-12,-0.400548070669174,-11622
chr2,hsa04912,GnRH signaling pathway - Homo sapiens (human),Brain_Substantia_nigra,chr2_24908615_TA_T_b38,rs36048912,ENSG00000138031.15,ADCY3,109,1.84327316447201e-12,-0.400548070669174,-11622
chr2,hsa04914,Progesterone-mediated oocyte maturation - Homo sapiens (human),Brain_Substantia_nigra,chr2_24908615_TA_T_b38,rs36048912,ENSG00000138031.15,ADCY3,109,1.84327316447201e-12,-0.400548070669174,-11622
chr2,hsa04916,Melanogenesis - Homo sapiens (human),Brain_Substantia_nigra,chr2_24908615_TA_T_b38,rs36048912,ENSG00000138031.15,ADCY3,109,1.84327316447201e-12,-0.400548070669174,-11622
chr2,hsa04962,Vasopressin-regulated water reabsorption - Homo sapiens (human),Brain_Substantia_nigra,chr2_24908615_TA_T_b38,rs36048912,ENSG00000138031.15,ADCY3,109,1.84327316447201e-12,-0.400548070669174,-11622
chr2,hsa04970,Salivary secretion - Homo sapiens (human),Brain_Substantia_nigra,chr2_24908615_TA_T_b38,rs36048912,ENSG00000138031.15,ADCY3,109,1.84327316447201e-12,-0.400548070669174,-11622
chr2,hsa04971,Gastric acid secretion - Homo sapiens (human),Brain_Substantia_nigra,chr2_24908615_TA_T_b38,rs36048912,ENSG00000138031.15,ADCY3,109,1.84327316447201e-12,-0.400548070669174,-11622
chr2,hsa04972,Pancreatic secretion - Homo sapiens (human),Brain_Substantia_nigra,chr2_24908615_TA_T_b38,rs36048912,ENSG00000138031.15,ADCY3,109,1.84327316447201e-12,-0.400548070669174,-11622
chr2,hsa04976,Bile secretion - Homo sapiens (human),Brain_Substantia_nigra,chr2_24908615_TA_T_b38,rs36048912,ENSG00000138031.15,ADCY3,109,1.84327316447201e-12,-0.400548070669174,-11622
chr2,hsa05110,Vibrio cholerae infection - Homo sapiens (human),Brain_Substantia_nigra,chr2_24908615_TA_T_b38,rs36048912,ENSG00000138031.15,ADCY3,109,1.84327316447201e-12,-0.400548070669174,-11622
chr2,hsa05414,Dilated cardiomyopathy - Homo sapiens (human),Brain_Substantia_nigra,chr2_24908615_TA_T_b38,rs36048912,ENSG00000138031.15,ADCY3,109,1.84327316447201e-12,-0.400548070669174,-11622
chr2,hsa00230,Purine metabolism - Homo sapiens (human),Brain_Substantia_nigra,chr2_24908867_G_A_b38,rs13382979,ENSG00000138031.15,ADCY3,109,1.37373657182526e-08,-0.345566779375076,-11370
chr2,hsa04020,Calcium signaling pathway - Homo sapiens (human),Brain_Substantia_nigra,chr2_24908867_G_A_b38,rs13382979,ENSG00000138031.15,ADCY3,109,1.37373657182526e-08,-0.345566779375076,-11370
chr2,hsa04062,Chemokine signaling pathway - Homo sapiens (human),Brain_Substantia_nigra,chr2_24908867_G_A_b38,rs13382979,ENSG00000138031.15,ADCY3,109,1.37373657182526e-08,-0.345566779375076,-11370
chr2,hsa04114,Oocyte meiosis - Homo sapiens (human),Brain_Substantia_nigra,chr2_24908867_G_A_b38,rs13382979,ENSG00000138031.15,ADCY3,109,1.37373657182526e-08,-0.345566779375076,-11370
chr2,hsa04270,Vascular smooth muscle contraction - Homo sapiens (human),Brain_Substantia_nigra,chr2_24908867_G_A_b38,rs13382979,ENSG00000138031.15,ADCY3,109,1.37373657182526e-08,-0.345566779375076,-11370
chr2,hsa04540,Gap junction - Homo sapiens (human),Brain_Substantia_nigra,chr2_24908867_G_A_b38,rs13382979,ENSG00000138031.15,ADCY3,109,1.37373657182526e-08,-0.345566779375076,-11370
chr2,hsa04740,Olfactory transduction - Homo sapiens (human),Brain_Substantia_nigra,chr2_24908867_G_A_b38,rs13382979,ENSG00000138031.15,ADCY3,109,1.37373657182526e-08,-0.345566779375076,-11370
chr2,hsa04912,GnRH signaling pathway - Homo sapiens (human),Brain_Substantia_nigra,chr2_24908867_G_A_b38,rs13382979,ENSG00000138031.15,ADCY3,109,1.37373657182526e-08,-0.345566779375076,-11370
chr2,hsa04914,Progesterone-mediated oocyte maturation - Homo sapiens (human),Brain_Substantia_nigra,chr2_24908867_G_A_b38,rs13382979,ENSG00000138031.15,ADCY3,109,1.37373657182526e-08,-0.345566779375076,-11370
chr2,hsa04916,Melanogenesis - Homo sapiens (human),Brain_Substantia_nigra,chr2_24908867_G_A_b38,rs13382979,ENSG00000138031.15,ADCY3,109,1.37373657182526e-08,-0.345566779375076,-11370
chr2,hsa04962,Vasopressin-regulated water reabsorption - Homo sapiens (human),Brain_Substantia_nigra,chr2_24908867_G_A_b38,rs13382979,ENSG00000138031.15,ADCY3,109,1.37373657182526e-08,-0.345566779375076,-11370
chr2,hsa04970,Salivary secretion - Homo sapiens (human),Brain_Substantia_nigra,chr2_24908867_G_A_b38,rs13382979,ENSG00000138031.15,ADCY3,109,1.37373657182526e-08,-0.345566779375076,-11370
chr2,hsa04971,Gastric acid secretion - Homo sapiens (human),Brain_Substantia_nigra,chr2_24908867_G_A_b38,rs13382979,ENSG00000138031.15,ADCY3,109,1.37373657182526e-08,-0.345566779375076,-11370
chr2,hsa04972,Pancreatic secretion - Homo sapiens (human),Brain_Substantia_nigra,chr2_24908867_G_A_b38,rs13382979,ENSG00000138031.15,ADCY3,109,1.37373657182526e-08,-0.345566779375076,-11370
chr2,hsa04976,Bile secretion - Homo sapiens (human),Brain_Substantia_nigra,chr2_24908867_G_A_b38,rs13382979,ENSG00000138031.15,ADCY3,109,1.37373657182526e-08,-0.345566779375076,-11370
chr2,hsa05110,Vibrio cholerae infection - Homo sapiens (human),Brain_Substantia_nigra,chr2_24908867_G_A_b38,rs13382979,ENSG00000138031.15,ADCY3,109,1.37373657182526e-08,-0.345566779375076,-11370
chr2,hsa05414,Dilated cardiomyopathy - Homo sapiens (human),Brain_Substantia_nigra,chr2_24908867_G_A_b38,rs13382979,ENSG00000138031.15,ADCY3,109,1.37373657182526e-08,-0.345566779375076,-11370
chr2,hsa00230,Purine metabolism - Homo sapiens (human),Brain_Substantia_nigra,chr2_24909079_T_C_b38,rs67221599,ENSG00000138031.15,ADCY3,109,1.37373657182526e-08,-0.345566779375076,-11158
chr2,hsa04020,Calcium signaling pathway - Homo sapiens (human),Brain_Substantia_nigra,chr2_24909079_T_C_b38,rs67221599,ENSG00000138031.15,ADCY3,109,1.37373657182526e-08,-0.345566779375076,-11158
chr2,hsa04062,Chemokine signaling pathway - Homo sapiens (human),Brain_Substantia_nigra,chr2_24909079_T_C_b38,rs67221599,ENSG00000138031.15,ADCY3,109,1.37373657182526e-08,-0.345566779375076,-11158
chr2,hsa04114,Oocyte meiosis - Homo sapiens (human),Brain_Substantia_nigra,chr2_24909079_T_C_b38,rs67221599,ENSG00000138031.15,ADCY3,109,1.37373657182526e-08,-0.345566779375076,-11158
chr2,hsa04270,Vascular smooth muscle contraction - Homo sapiens (human),Brain_Substantia_nigra,chr2_24909079_T_C_b38,rs67221599,ENSG00000138031.15,ADCY3,109,1.37373657182526e-08,-0.345566779375076,-11158
chr2,hsa04540,Gap junction - Homo sapiens (human),Brain_Substantia_nigra,chr2_24909079_T_C_b38,rs67221599,ENSG00000138031.15,ADCY3,109,1.37373657182526e-08,-0.345566779375076,-11158
chr2,hsa04740,Olfactory transduction - Homo sapiens (human),Brain_Substantia_nigra,chr2_24909079_T_C_b38,rs67221599,ENSG00000138031.15,ADCY3,109,1.37373657182526e-08,-0.345566779375076,-11158
chr2,hsa04912,GnRH signaling pathway - Homo sapiens (human),Brain_Substantia_nigra,chr2_24909079_T_C_b38,rs67221599,ENSG00000138031.15,ADCY3,109,1.37373657182526e-08,-0.345566779375076,-11158
chr2,hsa04914,Progesterone-mediated oocyte maturation - Homo sapiens (human),Brain_Substantia_nigra,chr2_24909079_T_C_b38,rs67221599,ENSG00000138031.15,ADCY3,109,1.37373657182526e-08,-0.345566779375076,-11158
chr2,hsa04916,Melanogenesis - Homo sapiens (human),Brain_Substantia_nigra,chr2_24909079_T_C_b38,rs67221599,ENSG00000138031.15,ADCY3,109,1.37373657182526e-08,-0.345566779375076,-11158
chr2,hsa04962,Vasopressin-regulated water reabsorption - Homo sapiens (human),Brain_Substantia_nigra,chr2_24909079_T_C_b38,rs67221599,ENSG00000138031.15,ADCY3,109,1.37373657182526e-08,-0.345566779375076,-11158
chr2,hsa04970,Salivary secretion - Homo sapiens (human),Brain_Substantia_nigra,chr2_24909079_T_C_b38,rs67221599,ENSG00000138031.15,ADCY3,109,1.37373657182526e-08,-0.345566779375076,-11158
chr2,hsa04971,Gastric acid secretion - Homo sapiens (human),Brain_Substantia_nigra,chr2_24909079_T_C_b38,rs67221599,ENSG00000138031.15,ADCY3,109,1.37373657182526e-08,-0.345566779375076,-11158
chr2,hsa04972,Pancreatic secretion - Homo sapiens (human),Brain_Substantia_nigra,chr2_24909079_T_C_b38,rs67221599,ENSG00000138031.15,ADCY3,109,1.37373657182526e-08,-0.345566779375076,-11158
chr2,hsa04976,Bile secretion - Homo sapiens (human),Brain_Substantia_nigra,chr2_24909079_T_C_b38,rs67221599,ENSG00000138031.15,ADCY3,109,1.37373657182526e-08,-0.345566779375076,-11158
chr2,hsa05110,Vibrio cholerae infection - Homo sapiens (human),Brain_Substantia_nigra,chr2_24909079_T_C_b38,rs67221599,ENSG00000138031.15,ADCY3,109,1.37373657182526e-08,-0.345566779375076,-11158
chr2,hsa05414,Dilated cardiomyopathy - Homo sapiens (human),Brain_Substantia_nigra,chr2_24909079_T_C_b38,rs67221599,ENSG00000138031.15,ADCY3,109,1.37373657182526e-08,-0.345566779375076,-11158
chr2,hsa00230,Purine metabolism - Homo sapiens (human),Brain_Substantia_nigra,chr2_24909117_A_C_b38,rs11900505,ENSG00000138031.15,ADCY3,109,1.84328542995921e-12,-0.400548011064529,-11120
chr2,hsa04020,Calcium signaling pathway - Homo sapiens (human),Brain_Substantia_nigra,chr2_24909117_A_C_b38,rs11900505,ENSG00000138031.15,ADCY3,109,1.84328542995921e-12,-0.400548011064529,-11120
chr2,hsa04062,Chemokine signaling pathway - Homo sapiens (human),Brain_Substantia_nigra,chr2_24909117_A_C_b38,rs11900505,ENSG00000138031.15,ADCY3,109,1.84328542995921e-12,-0.400548011064529,-11120
chr2,hsa04114,Oocyte meiosis - Homo sapiens (human),Brain_Substantia_nigra,chr2_24909117_A_C_b38,rs11900505,ENSG00000138031.15,ADCY3,109,1.84328542995921e-12,-0.400548011064529,-11120
chr2,hsa04270,Vascular smooth muscle contraction - Homo sapiens (human),Brain_Substantia_nigra,chr2_24909117_A_C_b38,rs11900505,ENSG00000138031.15,ADCY3,109,1.84328542995921e-12,-0.400548011064529,-11120
chr2,hsa04540,Gap junction - Homo sapiens (human),Brain_Substantia_nigra,chr2_24909117_A_C_b38,rs11900505,ENSG00000138031.15,ADCY3,109,1.84328542995921e-12,-0.400548011064529,-11120
chr2,hsa04740,Olfactory transduction - Homo sapiens (human),Brain_Substantia_nigra,chr2_24909117_A_C_b38,rs11900505,ENSG00000138031.15,ADCY3,109,1.84328542995921e-12,-0.400548011064529,-11120
chr2,hsa04912,GnRH signaling pathway - Homo sapiens (human),Brain_Substantia_nigra,chr2_24909117_A_C_b38,rs11900505,ENSG00000138031.15,ADCY3,109,1.84328542995921e-12,-0.400548011064529,-11120
chr2,hsa04914,Progesterone-mediated oocyte maturation - Homo sapiens (human),Brain_Substantia_nigra,chr2_24909117_A_C_b38,rs11900505,ENSG00000138031.15,ADCY3,109,1.84328542995921e-12,-0.400548011064529,-11120
chr2,hsa04916,Melanogenesis - Homo sapiens (human),Brain_Substantia_nigra,chr2_24909117_A_C_b38,rs11900505,ENSG00000138031.15,ADCY3,109,1.84328542995921e-12,-0.400548011064529,-11120
chr2,hsa04962,Vasopressin-regulated water reabsorption - Homo sapiens (human),Brain_Substantia_nigra,chr2_24909117_A_C_b38,rs11900505,ENSG00000138031.15,ADCY3,109,1.84328542995921e-12,-0.400548011064529,-11120
chr2,hsa04970,Salivary secretion - Homo sapiens (human),Brain_Substantia_nigra,chr2_24909117_A_C_b38,rs11900505,ENSG00000138031.15,ADCY3,109,1.84328542995921e-12,-0.400548011064529,-11120
chr2,hsa04971,Gastric acid secretion - Homo sapiens (human),Brain_Substantia_nigra,chr2_24909117_A_C_b38,rs11900505,ENSG00000138031.15,ADCY3,109,1.84328542995921e-12,-0.400548011064529,-11120
chr2,hsa04972,Pancreatic secretion - Homo sapiens (human),Brain_Substantia_nigra,chr2_24909117_A_C_b38,rs11900505,ENSG00000138031.15,ADCY3,109,1.84328542995921e-12,-0.400548011064529,-11120
chr2,hsa04976,Bile secretion - Homo sapiens (human),Brain_Substantia_nigra,chr2_24909117_A_C_b38,rs11900505,ENSG00000138031.15,ADCY3,109,1.84328542995921e-12,-0.400548011064529,-11120
chr2,hsa05110,Vibrio cholerae infection - Homo sapiens (human),Brain_Substantia_nigra,chr2_24909117_A_C_b38,rs11900505,ENSG00000138031.15,ADCY3,109,1.84328542995921e-12,-0.400548011064529,-11120
chr2,hsa05414,Dilated cardiomyopathy - Homo sapiens (human),Brain_Substantia_nigra,chr2_24909117_A_C_b38,rs11900505,ENSG00000138031.15,ADCY3,109,1.84328542995921e-12,-0.400548011064529,-11120
chr2,hsa00230,Purine metabolism - Homo sapiens (human),Brain_Substantia_nigra,chr2_24909323_C_A_b38,rs6722587,ENSG00000138031.15,ADCY3,109,1.84327316447201e-12,-0.400548070669174,-10914
chr2,hsa04020,Calcium signaling pathway - Homo sapiens (human),Brain_Substantia_nigra,chr2_24909323_C_A_b38,rs6722587,ENSG00000138031.15,ADCY3,109,1.84327316447201e-12,-0.400548070669174,-10914
chr2,hsa04062,Chemokine signaling pathway - Homo sapiens (human),Brain_Substantia_nigra,chr2_24909323_C_A_b38,rs6722587,ENSG00000138031.15,ADCY3,109,1.84327316447201e-12,-0.400548070669174,-10914
chr2,hsa04114,Oocyte meiosis - Homo sapiens (human),Brain_Substantia_nigra,chr2_24909323_C_A_b38,rs6722587,ENSG00000138031.15,ADCY3,109,1.84327316447201e-12,-0.400548070669174,-10914
chr2,hsa04270,Vascular smooth muscle contraction - Homo sapiens (human),Brain_Substantia_nigra,chr2_24909323_C_A_b38,rs6722587,ENSG00000138031.15,ADCY3,109,1.84327316447201e-12,-0.400548070669174,-10914
chr2,hsa04540,Gap junction - Homo sapiens (human),Brain_Substantia_nigra,chr2_24909323_C_A_b38,rs6722587,ENSG00000138031.15,ADCY3,109,1.84327316447201e-12,-0.400548070669174,-10914
chr2,hsa04740,Olfactory transduction - Homo sapiens (human),Brain_Substantia_nigra,chr2_24909323_C_A_b38,rs6722587,ENSG00000138031.15,ADCY3,109,1.84327316447201e-12,-0.400548070669174,-10914
chr2,hsa04912,GnRH signaling pathway - Homo sapiens (human),Brain_Substantia_nigra,chr2_24909323_C_A_b38,rs6722587,ENSG00000138031.15,ADCY3,109,1.84327316447201e-12,-0.400548070669174,-10914
chr2,hsa04914,Progesterone-mediated oocyte maturation - Homo sapiens (human),Brain_Substantia_nigra,chr2_24909323_C_A_b38,rs6722587,ENSG00000138031.15,ADCY3,109,1.84327316447201e-12,-0.400548070669174,-10914
chr2,hsa04916,Melanogenesis - Homo sapiens (human),Brain_Substantia_nigra,chr2_24909323_C_A_b38,rs6722587,ENSG00000138031.15,ADCY3,109,1.84327316447201e-12,-0.400548070669174,-10914
chr2,hsa04962,Vasopressin-regulated water reabsorption - Homo sapiens (human),Brain_Substantia_nigra,chr2_24909323_C_A_b38,rs6722587,ENSG00000138031.15,ADCY3,109,1.84327316447201e-12,-0.400548070669174,-10914
chr2,hsa04970,Salivary secretion - Homo sapiens (human),Brain_Substantia_nigra,chr2_24909323_C_A_b38,rs6722587,ENSG00000138031.15,ADCY3,109,1.84327316447201e-12,-0.400548070669174,-10914
chr2,hsa04971,Gastric acid secretion - Homo sapiens (human),Brain_Substantia_nigra,chr2_24909323_C_A_b38,rs6722587,ENSG00000138031.15,ADCY3,109,1.84327316447201e-12,-0.400548070669174,-10914
chr2,hsa04972,Pancreatic secretion - Homo sapiens (human),Brain_Substantia_nigra,chr2_24909323_C_A_b38,rs6722587,ENSG00000138031.15,ADCY3,109,1.84327316447201e-12,-0.400548070669174,-10914
chr2,hsa04976,Bile secretion - Homo sapiens (human),Brain_Substantia_nigra,chr2_24909323_C_A_b38,rs6722587,ENSG00000138031.15,ADCY3,109,1.84327316447201e-12,-0.400548070669174,-10914
chr2,hsa05110,Vibrio cholerae infection - Homo sapiens (human),Brain_Substantia_nigra,chr2_24909323_C_A_b38,rs6722587,ENSG00000138031.15,ADCY3,109,1.84327316447201e-12,-0.400548070669174,-10914
chr2,hsa05414,Dilated cardiomyopathy - Homo sapiens (human),Brain_Substantia_nigra,chr2_24909323_C_A_b38,rs6722587,ENSG00000138031.15,ADCY3,109,1.84327316447201e-12,-0.400548070669174,-10914
chr2,hsa00230,Purine metabolism - Homo sapiens (human),Brain_Substantia_nigra,chr2_24909986_T_G_b38,rs13428763,ENSG00000138031.15,ADCY3,109,1.37373657182526e-08,-0.345566779375076,-10251
chr2,hsa04020,Calcium signaling pathway - Homo sapiens (human),Brain_Substantia_nigra,chr2_24909986_T_G_b38,rs13428763,ENSG00000138031.15,ADCY3,109,1.37373657182526e-08,-0.345566779375076,-10251
chr2,hsa04062,Chemokine signaling pathway - Homo sapiens (human),Brain_Substantia_nigra,chr2_24909986_T_G_b38,rs13428763,ENSG00000138031.15,ADCY3,109,1.37373657182526e-08,-0.345566779375076,-10251
chr2,hsa04114,Oocyte meiosis - Homo sapiens (human),Brain_Substantia_nigra,chr2_24909986_T_G_b38,rs13428763,ENSG00000138031.15,ADCY3,109,1.37373657182526e-08,-0.345566779375076,-10251
chr2,hsa04270,Vascular smooth muscle contraction - Homo sapiens (human),Brain_Substantia_nigra,chr2_24909986_T_G_b38,rs13428763,ENSG00000138031.15,ADCY3,109,1.37373657182526e-08,-0.345566779375076,-10251
chr2,hsa04540,Gap junction - Homo sapiens (human),Brain_Substantia_nigra,chr2_24909986_T_G_b38,rs13428763,ENSG00000138031.15,ADCY3,109,1.37373657182526e-08,-0.345566779375076,-10251
chr2,hsa04740,Olfactory transduction - Homo sapiens (human),Brain_Substantia_nigra,chr2_24909986_T_G_b38,rs13428763,ENSG00000138031.15,ADCY3,109,1.37373657182526e-08,-0.345566779375076,-10251
chr2,hsa04912,GnRH signaling pathway - Homo sapiens (human),Brain_Substantia_nigra,chr2_24909986_T_G_b38,rs13428763,ENSG00000138031.15,ADCY3,109,1.37373657182526e-08,-0.345566779375076,-10251
chr2,hsa04914,Progesterone-mediated oocyte maturation - Homo sapiens (human),Brain_Substantia_nigra,chr2_24909986_T_G_b38,rs13428763,ENSG00000138031.15,ADCY3,109,1.37373657182526e-08,-0.345566779375076,-10251
chr2,hsa04916,Melanogenesis - Homo sapiens (human),Brain_Substantia_nigra,chr2_24909986_T_G_b38,rs13428763,ENSG00000138031.15,ADCY3,109,1.37373657182526e-08,-0.345566779375076,-10251
chr2,hsa04962,Vasopressin-regulated water reabsorption - Homo sapiens (human),Brain_Substantia_nigra,chr2_24909986_T_G_b38,rs13428763,ENSG00000138031.15,ADCY3,109,1.37373657182526e-08,-0.345566779375076,-10251
chr2,hsa04970,Salivary secretion - Homo sapiens (human),Brain_Substantia_nigra,chr2_24909986_T_G_b38,rs13428763,ENSG00000138031.15,ADCY3,109,1.37373657182526e-08,-0.345566779375076,-10251
chr2,hsa04971,Gastric acid secretion - Homo sapiens (human),Brain_Substantia_nigra,chr2_24909986_T_G_b38,rs13428763,ENSG00000138031.15,ADCY3,109,1.37373657182526e-08,-0.345566779375076,-10251
chr2,hsa04972,Pancreatic secretion - Homo sapiens (human),Brain_Substantia_nigra,chr2_24909986_T_G_b38,rs13428763,ENSG00000138031.15,ADCY3,109,1.37373657182526e-08,-0.345566779375076,-10251
chr2,hsa04976,Bile secretion - Homo sapiens (human),Brain_Substantia_nigra,chr2_24909986_T_G_b38,rs13428763,ENSG00000138031.15,ADCY3,109,1.37373657182526e-08,-0.345566779375076,-10251
chr2,hsa05110,Vibrio cholerae infection - Homo sapiens (human),Brain_Substantia_nigra,chr2_24909986_T_G_b38,rs13428763,ENSG00000138031.15,ADCY3,109,1.37373657182526e-08,-0.345566779375076,-10251
chr2,hsa05414,Dilated cardiomyopathy - Homo sapiens (human),Brain_Substantia_nigra,chr2_24909986_T_G_b38,rs13428763,ENSG00000138031.15,ADCY3,109,1.37373657182526e-08,-0.345566779375076,-10251
chr2,hsa00230,Purine metabolism - Homo sapiens (human),Brain_Substantia_nigra,chr2_24910279_T_C_b38,rs6744205,ENSG00000138031.15,ADCY3,109,1.98195143108042e-12,-0.395464956760407,-9958
chr2,hsa04020,Calcium signaling pathway - Homo sapiens (human),Brain_Substantia_nigra,chr2_24910279_T_C_b38,rs6744205,ENSG00000138031.15,ADCY3,109,1.98195143108042e-12,-0.395464956760407,-9958
chr2,hsa04062,Chemokine signaling pathway - Homo sapiens (human),Brain_Substantia_nigra,chr2_24910279_T_C_b38,rs6744205,ENSG00000138031.15,ADCY3,109,1.98195143108042e-12,-0.395464956760407,-9958
chr2,hsa04114,Oocyte meiosis - Homo sapiens (human),Brain_Substantia_nigra,chr2_24910279_T_C_b38,rs6744205,ENSG00000138031.15,ADCY3,109,1.98195143108042e-12,-0.395464956760407,-9958
chr2,hsa04270,Vascular smooth muscle contraction - Homo sapiens (human),Brain_Substantia_nigra,chr2_24910279_T_C_b38,rs6744205,ENSG00000138031.15,ADCY3,109,1.98195143108042e-12,-0.395464956760407,-9958
chr2,hsa04540,Gap junction - Homo sapiens (human),Brain_Substantia_nigra,chr2_24910279_T_C_b38,rs6744205,ENSG00000138031.15,ADCY3,109,1.98195143108042e-12,-0.395464956760407,-9958
chr2,hsa04740,Olfactory transduction - Homo sapiens (human),Brain_Substantia_nigra,chr2_24910279_T_C_b38,rs6744205,ENSG00000138031.15,ADCY3,109,1.98195143108042e-12,-0.395464956760407,-9958
chr2,hsa04912,GnRH signaling pathway - Homo sapiens (human),Brain_Substantia_nigra,chr2_24910279_T_C_b38,rs6744205,ENSG00000138031.15,ADCY3,109,1.98195143108042e-12,-0.395464956760407,-9958
chr2,hsa04914,Progesterone-mediated oocyte maturation - Homo sapiens (human),Brain_Substantia_nigra,chr2_24910279_T_C_b38,rs6744205,ENSG00000138031.15,ADCY3,109,1.98195143108042e-12,-0.395464956760407,-9958
chr2,hsa04916,Melanogenesis - Homo sapiens (human),Brain_Substantia_nigra,chr2_24910279_T_C_b38,rs6744205,ENSG00000138031.15,ADCY3,109,1.98195143108042e-12,-0.395464956760407,-9958
chr2,hsa04962,Vasopressin-regulated water reabsorption - Homo sapiens (human),Brain_Substantia_nigra,chr2_24910279_T_C_b38,rs6744205,ENSG00000138031.15,ADCY3,109,1.98195143108042e-12,-0.395464956760407,-9958
chr2,hsa04970,Salivary secretion - Homo sapiens (human),Brain_Substantia_nigra,chr2_24910279_T_C_b38,rs6744205,ENSG00000138031.15,ADCY3,109,1.98195143108042e-12,-0.395464956760407,-9958
chr2,hsa04971,Gastric acid secretion - Homo sapiens (human),Brain_Substantia_nigra,chr2_24910279_T_C_b38,rs6744205,ENSG00000138031.15,ADCY3,109,1.98195143108042e-12,-0.395464956760407,-9958
chr2,hsa04972,Pancreatic secretion - Homo sapiens (human),Brain_Substantia_nigra,chr2_24910279_T_C_b38,rs6744205,ENSG00000138031.15,ADCY3,109,1.98195143108042e-12,-0.395464956760407,-9958
chr2,hsa04976,Bile secretion - Homo sapiens (human),Brain_Substantia_nigra,chr2_24910279_T_C_b38,rs6744205,ENSG00000138031.15,ADCY3,109,1.98195143108042e-12,-0.395464956760407,-9958
chr2,hsa05110,Vibrio cholerae infection - Homo sapiens (human),Brain_Substantia_nigra,chr2_24910279_T_C_b38,rs6744205,ENSG00000138031.15,ADCY3,109,1.98195143108042e-12,-0.395464956760407,-9958
chr2,hsa05414,Dilated cardiomyopathy - Homo sapiens (human),Brain_Substantia_nigra,chr2_24910279_T_C_b38,rs6744205,ENSG00000138031.15,ADCY3,109,1.98195143108042e-12,-0.395464956760407,-9958
chr2,hsa00230,Purine metabolism - Homo sapiens (human),Brain_Substantia_nigra,chr2_24910881_G_A_b38,rs6754997,ENSG00000138031.15,ADCY3,109,1.98195143108042e-12,-0.395464956760407,-9356
chr2,hsa04020,Calcium signaling pathway - Homo sapiens (human),Brain_Substantia_nigra,chr2_24910881_G_A_b38,rs6754997,ENSG00000138031.15,ADCY3,109,1.98195143108042e-12,-0.395464956760407,-9356
chr2,hsa04062,Chemokine signaling pathway - Homo sapiens (human),Brain_Substantia_nigra,chr2_24910881_G_A_b38,rs6754997,ENSG00000138031.15,ADCY3,109,1.98195143108042e-12,-0.395464956760407,-9356
chr2,hsa04114,Oocyte meiosis - Homo sapiens (human),Brain_Substantia_nigra,chr2_24910881_G_A_b38,rs6754997,ENSG00000138031.15,ADCY3,109,1.98195143108042e-12,-0.395464956760407,-9356
chr2,hsa04270,Vascular smooth muscle contraction - Homo sapiens (human),Brain_Substantia_nigra,chr2_24910881_G_A_b38,rs6754997,ENSG00000138031.15,ADCY3,109,1.98195143108042e-12,-0.395464956760407,-9356
chr2,hsa04540,Gap junction - Homo sapiens (human),Brain_Substantia_nigra,chr2_24910881_G_A_b38,rs6754997,ENSG00000138031.15,ADCY3,109,1.98195143108042e-12,-0.395464956760407,-9356
chr2,hsa04740,Olfactory transduction - Homo sapiens (human),Brain_Substantia_nigra,chr2_24910881_G_A_b38,rs6754997,ENSG00000138031.15,ADCY3,109,1.98195143108042e-12,-0.395464956760407,-9356
chr2,hsa04912,GnRH signaling pathway - Homo sapiens (human),Brain_Substantia_nigra,chr2_24910881_G_A_b38,rs6754997,ENSG00000138031.15,ADCY3,109,1.98195143108042e-12,-0.395464956760407,-9356
chr2,hsa04914,Progesterone-mediated oocyte maturation - Homo sapiens (human),Brain_Substantia_nigra,chr2_24910881_G_A_b38,rs6754997,ENSG00000138031.15,ADCY3,109,1.98195143108042e-12,-0.395464956760407,-9356
chr2,hsa04916,Melanogenesis - Homo sapiens (human),Brain_Substantia_nigra,chr2_24910881_G_A_b38,rs6754997,ENSG00000138031.15,ADCY3,109,1.98195143108042e-12,-0.395464956760407,-9356
chr2,hsa04962,Vasopressin-regulated water reabsorption - Homo sapiens (human),Brain_Substantia_nigra,chr2_24910881_G_A_b38,rs6754997,ENSG00000138031.15,ADCY3,109,1.98195143108042e-12,-0.395464956760407,-9356
chr2,hsa04970,Salivary secretion - Homo sapiens (human),Brain_Substantia_nigra,chr2_24910881_G_A_b38,rs6754997,ENSG00000138031.15,ADCY3,109,1.98195143108042e-12,-0.395464956760407,-9356
chr2,hsa04971,Gastric acid secretion - Homo sapiens (human),Brain_Substantia_nigra,chr2_24910881_G_A_b38,rs6754997,ENSG00000138031.15,ADCY3,109,1.98195143108042e-12,-0.395464956760407,-9356
chr2,hsa04972,Pancreatic secretion - Homo sapiens (human),Brain_Substantia_nigra,chr2_24910881_G_A_b38,rs6754997,ENSG00000138031.15,ADCY3,109,1.98195143108042e-12,-0.395464956760407,-9356
chr2,hsa04976,Bile secretion - Homo sapiens (human),Brain_Substantia_nigra,chr2_24910881_G_A_b38,rs6754997,ENSG00000138031.15,ADCY3,109,1.98195143108042e-12,-0.395464956760407,-9356
chr2,hsa05110,Vibrio cholerae infection - Homo sapiens (human),Brain_Substantia_nigra,chr2_24910881_G_A_b38,rs6754997,ENSG00000138031.15,ADCY3,109,1.98195143108042e-12,-0.395464956760407,-9356
chr2,hsa05414,Dilated cardiomyopathy - Homo sapiens (human),Brain_Substantia_nigra,chr2_24910881_G_A_b38,rs6754997,ENSG00000138031.15,ADCY3,109,1.98195143108042e-12,-0.395464956760407,-9356
chr2,hsa00230,Purine metabolism - Homo sapiens (human),Brain_Substantia_nigra,chr2_24911016_C_T_b38,rs11688754,ENSG00000138031.15,ADCY3,109,1.37373657182526e-08,-0.345566779375076,-9221
chr2,hsa04020,Calcium signaling pathway - Homo sapiens (human),Brain_Substantia_nigra,chr2_24911016_C_T_b38,rs11688754,ENSG00000138031.15,ADCY3,109,1.37373657182526e-08,-0.345566779375076,-9221
chr2,hsa04062,Chemokine signaling pathway - Homo sapiens (human),Brain_Substantia_nigra,chr2_24911016_C_T_b38,rs11688754,ENSG00000138031.15,ADCY3,109,1.37373657182526e-08,-0.345566779375076,-9221
chr2,hsa04114,Oocyte meiosis - Homo sapiens (human),Brain_Substantia_nigra,chr2_24911016_C_T_b38,rs11688754,ENSG00000138031.15,ADCY3,109,1.37373657182526e-08,-0.345566779375076,-9221
chr2,hsa04270,Vascular smooth muscle contraction - Homo sapiens (human),Brain_Substantia_nigra,chr2_24911016_C_T_b38,rs11688754,ENSG00000138031.15,ADCY3,109,1.37373657182526e-08,-0.345566779375076,-9221
chr2,hsa04540,Gap junction - Homo sapiens (human),Brain_Substantia_nigra,chr2_24911016_C_T_b38,rs11688754,ENSG00000138031.15,ADCY3,109,1.37373657182526e-08,-0.345566779375076,-9221
chr2,hsa04740,Olfactory transduction - Homo sapiens (human),Brain_Substantia_nigra,chr2_24911016_C_T_b38,rs11688754,ENSG00000138031.15,ADCY3,109,1.37373657182526e-08,-0.345566779375076,-9221
chr2,hsa04912,GnRH signaling pathway - Homo sapiens (human),Brain_Substantia_nigra,chr2_24911016_C_T_b38,rs11688754,ENSG00000138031.15,ADCY3,109,1.37373657182526e-08,-0.345566779375076,-9221
chr2,hsa04914,Progesterone-mediated oocyte maturation - Homo sapiens (human),Brain_Substantia_nigra,chr2_24911016_C_T_b38,rs11688754,ENSG00000138031.15,ADCY3,109,1.37373657182526e-08,-0.345566779375076,-9221
chr2,hsa04916,Melanogenesis - Homo sapiens (human),Brain_Substantia_nigra,chr2_24911016_C_T_b38,rs11688754,ENSG00000138031.15,ADCY3,109,1.37373657182526e-08,-0.345566779375076,-9221
chr2,hsa04962,Vasopressin-regulated water reabsorption - Homo sapiens (human),Brain_Substantia_nigra,chr2_24911016_C_T_b38,rs11688754,ENSG00000138031.15,ADCY3,109,1.37373657182526e-08,-0.345566779375076,-9221
chr2,hsa04970,Salivary secretion - Homo sapiens (human),Brain_Substantia_nigra,chr2_24911016_C_T_b38,rs11688754,ENSG00000138031.15,ADCY3,109,1.37373657182526e-08,-0.345566779375076,-9221
chr2,hsa04971,Gastric acid secretion - Homo sapiens (human),Brain_Substantia_nigra,chr2_24911016_C_T_b38,rs11688754,ENSG00000138031.15,ADCY3,109,1.37373657182526e-08,-0.345566779375076,-9221
chr2,hsa04972,Pancreatic secretion - Homo sapiens (human),Brain_Substantia_nigra,chr2_24911016_C_T_b38,rs11688754,ENSG00000138031.15,ADCY3,109,1.37373657182526e-08,-0.345566779375076,-9221
chr2,hsa04976,Bile secretion - Homo sapiens (human),Brain_Substantia_nigra,chr2_24911016_C_T_b38,rs11688754,ENSG00000138031.15,ADCY3,109,1.37373657182526e-08,-0.345566779375076,-9221
chr2,hsa05110,Vibrio cholerae infection - Homo sapiens (human),Brain_Substantia_nigra,chr2_24911016_C_T_b38,rs11688754,ENSG00000138031.15,ADCY3,109,1.37373657182526e-08,-0.345566779375076,-9221
chr2,hsa05414,Dilated cardiomyopathy - Homo sapiens (human),Brain_Substantia_nigra,chr2_24911016_C_T_b38,rs11688754,ENSG00000138031.15,ADCY3,109,1.37373657182526e-08,-0.345566779375076,-9221
chr2,hsa00230,Purine metabolism - Homo sapiens (human),Brain_Substantia_nigra,chr2_24911131_T_A_b38,rs13035239,ENSG00000138031.15,ADCY3,109,1.37373657182526e-08,-0.345566779375076,-9106
chr2,hsa04020,Calcium signaling pathway - Homo sapiens (human),Brain_Substantia_nigra,chr2_24911131_T_A_b38,rs13035239,ENSG00000138031.15,ADCY3,109,1.37373657182526e-08,-0.345566779375076,-9106
chr2,hsa04062,Chemokine signaling pathway - Homo sapiens (human),Brain_Substantia_nigra,chr2_24911131_T_A_b38,rs13035239,ENSG00000138031.15,ADCY3,109,1.37373657182526e-08,-0.345566779375076,-9106
chr2,hsa04114,Oocyte meiosis - Homo sapiens (human),Brain_Substantia_nigra,chr2_24911131_T_A_b38,rs13035239,ENSG00000138031.15,ADCY3,109,1.37373657182526e-08,-0.345566779375076,-9106
chr2,hsa04270,Vascular smooth muscle contraction - Homo sapiens (human),Brain_Substantia_nigra,chr2_24911131_T_A_b38,rs13035239,ENSG00000138031.15,ADCY3,109,1.37373657182526e-08,-0.345566779375076,-9106
chr2,hsa04540,Gap junction - Homo sapiens (human),Brain_Substantia_nigra,chr2_24911131_T_A_b38,rs13035239,ENSG00000138031.15,ADCY3,109,1.37373657182526e-08,-0.345566779375076,-9106
chr2,hsa04740,Olfactory transduction - Homo sapiens (human),Brain_Substantia_nigra,chr2_24911131_T_A_b38,rs13035239,ENSG00000138031.15,ADCY3,109,1.37373657182526e-08,-0.345566779375076,-9106
chr2,hsa04912,GnRH signaling pathway - Homo sapiens (human),Brain_Substantia_nigra,chr2_24911131_T_A_b38,rs13035239,ENSG00000138031.15,ADCY3,109,1.37373657182526e-08,-0.345566779375076,-9106
chr2,hsa04914,Progesterone-mediated oocyte maturation - Homo sapiens (human),Brain_Substantia_nigra,chr2_24911131_T_A_b38,rs13035239,ENSG00000138031.15,ADCY3,109,1.37373657182526e-08,-0.345566779375076,-9106
chr2,hsa04916,Melanogenesis - Homo sapiens (human),Brain_Substantia_nigra,chr2_24911131_T_A_b38,rs13035239,ENSG00000138031.15,ADCY3,109,1.37373657182526e-08,-0.345566779375076,-9106
chr2,hsa04962,Vasopressin-regulated water reabsorption - Homo sapiens (human),Brain_Substantia_nigra,chr2_24911131_T_A_b38,rs13035239,ENSG00000138031.15,ADCY3,109,1.37373657182526e-08,-0.345566779375076,-9106
chr2,hsa04970,Salivary secretion - Homo sapiens (human),Brain_Substantia_nigra,chr2_24911131_T_A_b38,rs13035239,ENSG00000138031.15,ADCY3,109,1.37373657182526e-08,-0.345566779375076,-9106
chr2,hsa04971,Gastric acid secretion - Homo sapiens (human),Brain_Substantia_nigra,chr2_24911131_T_A_b38,rs13035239,ENSG00000138031.15,ADCY3,109,1.37373657182526e-08,-0.345566779375076,-9106
chr2,hsa04972,Pancreatic secretion - Homo sapiens (human),Brain_Substantia_nigra,chr2_24911131_T_A_b38,rs13035239,ENSG00000138031.15,ADCY3,109,1.37373657182526e-08,-0.345566779375076,-9106
chr2,hsa04976,Bile secretion - Homo sapiens (human),Brain_Substantia_nigra,chr2_24911131_T_A_b38,rs13035239,ENSG00000138031.15,ADCY3,109,1.37373657182526e-08,-0.345566779375076,-9106
chr2,hsa05110,Vibrio cholerae infection - Homo sapiens (human),Brain_Substantia_nigra,chr2_24911131_T_A_b38,rs13035239,ENSG00000138031.15,ADCY3,109,1.37373657182526e-08,-0.345566779375076,-9106
chr2,hsa05414,Dilated cardiomyopathy - Homo sapiens (human),Brain_Substantia_nigra,chr2_24911131_T_A_b38,rs13035239,ENSG00000138031.15,ADCY3,109,1.37373657182526e-08,-0.345566779375076,-9106
chr2,hsa00230,Purine metabolism - Homo sapiens (human),Brain_Substantia_nigra,chr2_24911140_T_C_b38,rs13035244,ENSG00000138031.15,ADCY3,109,1.98195143108042e-12,-0.395464956760407,-9097
chr2,hsa04020,Calcium signaling pathway - Homo sapiens (human),Brain_Substantia_nigra,chr2_24911140_T_C_b38,rs13035244,ENSG00000138031.15,ADCY3,109,1.98195143108042e-12,-0.395464956760407,-9097
chr2,hsa04062,Chemokine signaling pathway - Homo sapiens (human),Brain_Substantia_nigra,chr2_24911140_T_C_b38,rs13035244,ENSG00000138031.15,ADCY3,109,1.98195143108042e-12,-0.395464956760407,-9097
chr2,hsa04114,Oocyte meiosis - Homo sapiens (human),Brain_Substantia_nigra,chr2_24911140_T_C_b38,rs13035244,ENSG00000138031.15,ADCY3,109,1.98195143108042e-12,-0.395464956760407,-9097
chr2,hsa04270,Vascular smooth muscle contraction - Homo sapiens (human),Brain_Substantia_nigra,chr2_24911140_T_C_b38,rs13035244,ENSG00000138031.15,ADCY3,109,1.98195143108042e-12,-0.395464956760407,-9097
chr2,hsa04540,Gap junction - Homo sapiens (human),Brain_Substantia_nigra,chr2_24911140_T_C_b38,rs13035244,ENSG00000138031.15,ADCY3,109,1.98195143108042e-12,-0.395464956760407,-9097
chr2,hsa04740,Olfactory transduction - Homo sapiens (human),Brain_Substantia_nigra,chr2_24911140_T_C_b38,rs13035244,ENSG00000138031.15,ADCY3,109,1.98195143108042e-12,-0.395464956760407,-9097
chr2,hsa04912,GnRH signaling pathway - Homo sapiens (human),Brain_Substantia_nigra,chr2_24911140_T_C_b38,rs13035244,ENSG00000138031.15,ADCY3,109,1.98195143108042e-12,-0.395464956760407,-9097
chr2,hsa04914,Progesterone-mediated oocyte maturation - Homo sapiens (human),Brain_Substantia_nigra,chr2_24911140_T_C_b38,rs13035244,ENSG00000138031.15,ADCY3,109,1.98195143108042e-12,-0.395464956760407,-9097
chr2,hsa04916,Melanogenesis - Homo sapiens (human),Brain_Substantia_nigra,chr2_24911140_T_C_b38,rs13035244,ENSG00000138031.15,ADCY3,109,1.98195143108042e-12,-0.395464956760407,-9097
chr2,hsa04962,Vasopressin-regulated water reabsorption - Homo sapiens (human),Brain_Substantia_nigra,chr2_24911140_T_C_b38,rs13035244,ENSG00000138031.15,ADCY3,109,1.98195143108042e-12,-0.395464956760407,-9097
chr2,hsa04970,Salivary secretion - Homo sapiens (human),Brain_Substantia_nigra,chr2_24911140_T_C_b38,rs13035244,ENSG00000138031.15,ADCY3,109,1.98195143108042e-12,-0.395464956760407,-9097
chr2,hsa04971,Gastric acid secretion - Homo sapiens (human),Brain_Substantia_nigra,chr2_24911140_T_C_b38,rs13035244,ENSG00000138031.15,ADCY3,109,1.98195143108042e-12,-0.395464956760407,-9097
chr2,hsa04972,Pancreatic secretion - Homo sapiens (human),Brain_Substantia_nigra,chr2_24911140_T_C_b38,rs13035244,ENSG00000138031.15,ADCY3,109,1.98195143108042e-12,-0.395464956760407,-9097
chr2,hsa04976,Bile secretion - Homo sapiens (human),Brain_Substantia_nigra,chr2_24911140_T_C_b38,rs13035244,ENSG00000138031.15,ADCY3,109,1.98195143108042e-12,-0.395464956760407,-9097
chr2,hsa05110,Vibrio cholerae infection - Homo sapiens (human),Brain_Substantia_nigra,chr2_24911140_T_C_b38,rs13035244,ENSG00000138031.15,ADCY3,109,1.98195143108042e-12,-0.395464956760407,-9097
chr2,hsa05414,Dilated cardiomyopathy - Homo sapiens (human),Brain_Substantia_nigra,chr2_24911140_T_C_b38,rs13035244,ENSG00000138031.15,ADCY3,109,1.98195143108042e-12,-0.395464956760407,-9097
chr2,hsa00230,Purine metabolism - Homo sapiens (human),Brain_Substantia_nigra,chr2_24911475_T_C_b38,rs13003430,ENSG00000138031.15,ADCY3,109,1.98195143108042e-12,-0.395464956760407,-8762
chr2,hsa04020,Calcium signaling pathway - Homo sapiens (human),Brain_Substantia_nigra,chr2_24911475_T_C_b38,rs13003430,ENSG00000138031.15,ADCY3,109,1.98195143108042e-12,-0.395464956760407,-8762
chr2,hsa04062,Chemokine signaling pathway - Homo sapiens (human),Brain_Substantia_nigra,chr2_24911475_T_C_b38,rs13003430,ENSG00000138031.15,ADCY3,109,1.98195143108042e-12,-0.395464956760407,-8762
chr2,hsa04114,Oocyte meiosis - Homo sapiens (human),Brain_Substantia_nigra,chr2_24911475_T_C_b38,rs13003430,ENSG00000138031.15,ADCY3,109,1.98195143108042e-12,-0.395464956760407,-8762
chr2,hsa04270,Vascular smooth muscle contraction - Homo sapiens (human),Brain_Substantia_nigra,chr2_24911475_T_C_b38,rs13003430,ENSG00000138031.15,ADCY3,109,1.98195143108042e-12,-0.395464956760407,-8762
chr2,hsa04540,Gap junction - Homo sapiens (human),Brain_Substantia_nigra,chr2_24911475_T_C_b38,rs13003430,ENSG00000138031.15,ADCY3,109,1.98195143108042e-12,-0.395464956760407,-8762
chr2,hsa04740,Olfactory transduction - Homo sapiens (human),Brain_Substantia_nigra,chr2_24911475_T_C_b38,rs13003430,ENSG00000138031.15,ADCY3,109,1.98195143108042e-12,-0.395464956760407,-8762
chr2,hsa04912,GnRH signaling pathway - Homo sapiens (human),Brain_Substantia_nigra,chr2_24911475_T_C_b38,rs13003430,ENSG00000138031.15,ADCY3,109,1.98195143108042e-12,-0.395464956760407,-8762
chr2,hsa04914,Progesterone-mediated oocyte maturation - Homo sapiens (human),Brain_Substantia_nigra,chr2_24911475_T_C_b38,rs13003430,ENSG00000138031.15,ADCY3,109,1.98195143108042e-12,-0.395464956760407,-8762
chr2,hsa04916,Melanogenesis - Homo sapiens (human),Brain_Substantia_nigra,chr2_24911475_T_C_b38,rs13003430,ENSG00000138031.15,ADCY3,109,1.98195143108042e-12,-0.395464956760407,-8762
chr2,hsa04962,Vasopressin-regulated water reabsorption - Homo sapiens (human),Brain_Substantia_nigra,chr2_24911475_T_C_b38,rs13003430,ENSG00000138031.15,ADCY3,109,1.98195143108042e-12,-0.395464956760407,-8762
chr2,hsa04970,Salivary secretion - Homo sapiens (human),Brain_Substantia_nigra,chr2_24911475_T_C_b38,rs13003430,ENSG00000138031.15,ADCY3,109,1.98195143108042e-12,-0.395464956760407,-8762
chr2,hsa04971,Gastric acid secretion - Homo sapiens (human),Brain_Substantia_nigra,chr2_24911475_T_C_b38,rs13003430,ENSG00000138031.15,ADCY3,109,1.98195143108042e-12,-0.395464956760407,-8762
chr2,hsa04972,Pancreatic secretion - Homo sapiens (human),Brain_Substantia_nigra,chr2_24911475_T_C_b38,rs13003430,ENSG00000138031.15,ADCY3,109,1.98195143108042e-12,-0.395464956760407,-8762
chr2,hsa04976,Bile secretion - Homo sapiens (human),Brain_Substantia_nigra,chr2_24911475_T_C_b38,rs13003430,ENSG00000138031.15,ADCY3,109,1.98195143108042e-12,-0.395464956760407,-8762
chr2,hsa05110,Vibrio cholerae infection - Homo sapiens (human),Brain_Substantia_nigra,chr2_24911475_T_C_b38,rs13003430,ENSG00000138031.15,ADCY3,109,1.98195143108042e-12,-0.395464956760407,-8762
chr2,hsa05414,Dilated cardiomyopathy - Homo sapiens (human),Brain_Substantia_nigra,chr2_24911475_T_C_b38,rs13003430,ENSG00000138031.15,ADCY3,109,1.98195143108042e-12,-0.395464956760407,-8762
chr2,hsa00230,Purine metabolism - Homo sapiens (human),Brain_Substantia_nigra,chr2_24911628_A_C_b38,rs12713422,ENSG00000138031.15,ADCY3,109,9.55464985853233e-13,-0.402005583047867,-8609
chr2,hsa04020,Calcium signaling pathway - Homo sapiens (human),Brain_Substantia_nigra,chr2_24911628_A_C_b38,rs12713422,ENSG00000138031.15,ADCY3,109,9.55464985853233e-13,-0.402005583047867,-8609
chr2,hsa04062,Chemokine signaling pathway - Homo sapiens (human),Brain_Substantia_nigra,chr2_24911628_A_C_b38,rs12713422,ENSG00000138031.15,ADCY3,109,9.55464985853233e-13,-0.402005583047867,-8609
chr2,hsa04114,Oocyte meiosis - Homo sapiens (human),Brain_Substantia_nigra,chr2_24911628_A_C_b38,rs12713422,ENSG00000138031.15,ADCY3,109,9.55464985853233e-13,-0.402005583047867,-8609
chr2,hsa04270,Vascular smooth muscle contraction - Homo sapiens (human),Brain_Substantia_nigra,chr2_24911628_A_C_b38,rs12713422,ENSG00000138031.15,ADCY3,109,9.55464985853233e-13,-0.402005583047867,-8609
chr2,hsa04540,Gap junction - Homo sapiens (human),Brain_Substantia_nigra,chr2_24911628_A_C_b38,rs12713422,ENSG00000138031.15,ADCY3,109,9.55464985853233e-13,-0.402005583047867,-8609
chr2,hsa04740,Olfactory transduction - Homo sapiens (human),Brain_Substantia_nigra,chr2_24911628_A_C_b38,rs12713422,ENSG00000138031.15,ADCY3,109,9.55464985853233e-13,-0.402005583047867,-8609
chr2,hsa04912,GnRH signaling pathway - Homo sapiens (human),Brain_Substantia_nigra,chr2_24911628_A_C_b38,rs12713422,ENSG00000138031.15,ADCY3,109,9.55464985853233e-13,-0.402005583047867,-8609
chr2,hsa04914,Progesterone-mediated oocyte maturation - Homo sapiens (human),Brain_Substantia_nigra,chr2_24911628_A_C_b38,rs12713422,ENSG00000138031.15,ADCY3,109,9.55464985853233e-13,-0.402005583047867,-8609
chr2,hsa04916,Melanogenesis - Homo sapiens (human),Brain_Substantia_nigra,chr2_24911628_A_C_b38,rs12713422,ENSG00000138031.15,ADCY3,109,9.55464985853233e-13,-0.402005583047867,-8609
chr2,hsa04962,Vasopressin-regulated water reabsorption - Homo sapiens (human),Brain_Substantia_nigra,chr2_24911628_A_C_b38,rs12713422,ENSG00000138031.15,ADCY3,109,9.55464985853233e-13,-0.402005583047867,-8609
chr2,hsa04970,Salivary secretion - Homo sapiens (human),Brain_Substantia_nigra,chr2_24911628_A_C_b38,rs12713422,ENSG00000138031.15,ADCY3,109,9.55464985853233e-13,-0.402005583047867,-8609
chr2,hsa04971,Gastric acid secretion - Homo sapiens (human),Brain_Substantia_nigra,chr2_24911628_A_C_b38,rs12713422,ENSG00000138031.15,ADCY3,109,9.55464985853233e-13,-0.402005583047867,-8609
chr2,hsa04972,Pancreatic secretion - Homo sapiens (human),Brain_Substantia_nigra,chr2_24911628_A_C_b38,rs12713422,ENSG00000138031.15,ADCY3,109,9.55464985853233e-13,-0.402005583047867,-8609
chr2,hsa04976,Bile secretion - Homo sapiens (human),Brain_Substantia_nigra,chr2_24911628_A_C_b38,rs12713422,ENSG00000138031.15,ADCY3,109,9.55464985853233e-13,-0.402005583047867,-8609
chr2,hsa05110,Vibrio cholerae infection - Homo sapiens (human),Brain_Substantia_nigra,chr2_24911628_A_C_b38,rs12713422,ENSG00000138031.15,ADCY3,109,9.55464985853233e-13,-0.402005583047867,-8609
chr2,hsa05414,Dilated cardiomyopathy - Homo sapiens (human),Brain_Substantia_nigra,chr2_24911628_A_C_b38,rs12713422,ENSG00000138031.15,ADCY3,109,9.55464985853233e-13,-0.402005583047867,-8609
chr2,hsa00230,Purine metabolism - Homo sapiens (human),Brain_Substantia_nigra,chr2_24912751_G_A_b38,rs2384061,ENSG00000138031.15,ADCY3,109,5.92741417689835e-12,-0.370409220457077,-7486
chr2,hsa04020,Calcium signaling pathway - Homo sapiens (human),Brain_Substantia_nigra,chr2_24912751_G_A_b38,rs2384061,ENSG00000138031.15,ADCY3,109,5.92741417689835e-12,-0.370409220457077,-7486
chr2,hsa04062,Chemokine signaling pathway - Homo sapiens (human),Brain_Substantia_nigra,chr2_24912751_G_A_b38,rs2384061,ENSG00000138031.15,ADCY3,109,5.92741417689835e-12,-0.370409220457077,-7486
chr2,hsa04114,Oocyte meiosis - Homo sapiens (human),Brain_Substantia_nigra,chr2_24912751_G_A_b38,rs2384061,ENSG00000138031.15,ADCY3,109,5.92741417689835e-12,-0.370409220457077,-7486
chr2,hsa04270,Vascular smooth muscle contraction - Homo sapiens (human),Brain_Substantia_nigra,chr2_24912751_G_A_b38,rs2384061,ENSG00000138031.15,ADCY3,109,5.92741417689835e-12,-0.370409220457077,-7486
chr2,hsa04540,Gap junction - Homo sapiens (human),Brain_Substantia_nigra,chr2_24912751_G_A_b38,rs2384061,ENSG00000138031.15,ADCY3,109,5.92741417689835e-12,-0.370409220457077,-7486
chr2,hsa04740,Olfactory transduction - Homo sapiens (human),Brain_Substantia_nigra,chr2_24912751_G_A_b38,rs2384061,ENSG00000138031.15,ADCY3,109,5.92741417689835e-12,-0.370409220457077,-7486
chr2,hsa04912,GnRH signaling pathway - Homo sapiens (human),Brain_Substantia_nigra,chr2_24912751_G_A_b38,rs2384061,ENSG00000138031.15,ADCY3,109,5.92741417689835e-12,-0.370409220457077,-7486
chr2,hsa04914,Progesterone-mediated oocyte maturation - Homo sapiens (human),Brain_Substantia_nigra,chr2_24912751_G_A_b38,rs2384061,ENSG00000138031.15,ADCY3,109,5.92741417689835e-12,-0.370409220457077,-7486
chr2,hsa04916,Melanogenesis - Homo sapiens (human),Brain_Substantia_nigra,chr2_24912751_G_A_b38,rs2384061,ENSG00000138031.15,ADCY3,109,5.92741417689835e-12,-0.370409220457077,-7486
chr2,hsa04962,Vasopressin-regulated water reabsorption - Homo sapiens (human),Brain_Substantia_nigra,chr2_24912751_G_A_b38,rs2384061,ENSG00000138031.15,ADCY3,109,5.92741417689835e-12,-0.370409220457077,-7486
chr2,hsa04970,Salivary secretion - Homo sapiens (human),Brain_Substantia_nigra,chr2_24912751_G_A_b38,rs2384061,ENSG00000138031.15,ADCY3,109,5.92741417689835e-12,-0.370409220457077,-7486
chr2,hsa04971,Gastric acid secretion - Homo sapiens (human),Brain_Substantia_nigra,chr2_24912751_G_A_b38,rs2384061,ENSG00000138031.15,ADCY3,109,5.92741417689835e-12,-0.370409220457077,-7486
chr2,hsa04972,Pancreatic secretion - Homo sapiens (human),Brain_Substantia_nigra,chr2_24912751_G_A_b38,rs2384061,ENSG00000138031.15,ADCY3,109,5.92741417689835e-12,-0.370409220457077,-7486
chr2,hsa04976,Bile secretion - Homo sapiens (human),Brain_Substantia_nigra,chr2_24912751_G_A_b38,rs2384061,ENSG00000138031.15,ADCY3,109,5.92741417689835e-12,-0.370409220457077,-7486
chr2,hsa05110,Vibrio cholerae infection - Homo sapiens (human),Brain_Substantia_nigra,chr2_24912751_G_A_b38,rs2384061,ENSG00000138031.15,ADCY3,109,5.92741417689835e-12,-0.370409220457077,-7486
chr2,hsa05414,Dilated cardiomyopathy - Homo sapiens (human),Brain_Substantia_nigra,chr2_24912751_G_A_b38,rs2384061,ENSG00000138031.15,ADCY3,109,5.92741417689835e-12,-0.370409220457077,-7486
chr2,hsa00230,Purine metabolism - Homo sapiens (human),Brain_Substantia_nigra,chr2_24913321_TC_T_b38,rs5829949,ENSG00000138031.15,ADCY3,109,1.98195143108042e-12,-0.395464956760407,-6916
chr2,hsa04020,Calcium signaling pathway - Homo sapiens (human),Brain_Substantia_nigra,chr2_24913321_TC_T_b38,rs5829949,ENSG00000138031.15,ADCY3,109,1.98195143108042e-12,-0.395464956760407,-6916
chr2,hsa04062,Chemokine signaling pathway - Homo sapiens (human),Brain_Substantia_nigra,chr2_24913321_TC_T_b38,rs5829949,ENSG00000138031.15,ADCY3,109,1.98195143108042e-12,-0.395464956760407,-6916
chr2,hsa04114,Oocyte meiosis - Homo sapiens (human),Brain_Substantia_nigra,chr2_24913321_TC_T_b38,rs5829949,ENSG00000138031.15,ADCY3,109,1.98195143108042e-12,-0.395464956760407,-6916
chr2,hsa04270,Vascular smooth muscle contraction - Homo sapiens (human),Brain_Substantia_nigra,chr2_24913321_TC_T_b38,rs5829949,ENSG00000138031.15,ADCY3,109,1.98195143108042e-12,-0.395464956760407,-6916
chr2,hsa04540,Gap junction - Homo sapiens (human),Brain_Substantia_nigra,chr2_24913321_TC_T_b38,rs5829949,ENSG00000138031.15,ADCY3,109,1.98195143108042e-12,-0.395464956760407,-6916
chr2,hsa04740,Olfactory transduction - Homo sapiens (human),Brain_Substantia_nigra,chr2_24913321_TC_T_b38,rs5829949,ENSG00000138031.15,ADCY3,109,1.98195143108042e-12,-0.395464956760407,-6916
chr2,hsa04912,GnRH signaling pathway - Homo sapiens (human),Brain_Substantia_nigra,chr2_24913321_TC_T_b38,rs5829949,ENSG00000138031.15,ADCY3,109,1.98195143108042e-12,-0.395464956760407,-6916
chr2,hsa04914,Progesterone-mediated oocyte maturation - Homo sapiens (human),Brain_Substantia_nigra,chr2_24913321_TC_T_b38,rs5829949,ENSG00000138031.15,ADCY3,109,1.98195143108042e-12,-0.395464956760407,-6916
chr2,hsa04916,Melanogenesis - Homo sapiens (human),Brain_Substantia_nigra,chr2_24913321_TC_T_b38,rs5829949,ENSG00000138031.15,ADCY3,109,1.98195143108042e-12,-0.395464956760407,-6916
chr2,hsa04962,Vasopressin-regulated water reabsorption - Homo sapiens (human),Brain_Substantia_nigra,chr2_24913321_TC_T_b38,rs5829949,ENSG00000138031.15,ADCY3,109,1.98195143108042e-12,-0.395464956760407,-6916
chr2,hsa04970,Salivary secretion - Homo sapiens (human),Brain_Substantia_nigra,chr2_24913321_TC_T_b38,rs5829949,ENSG00000138031.15,ADCY3,109,1.98195143108042e-12,-0.395464956760407,-6916
chr2,hsa04971,Gastric acid secretion - Homo sapiens (human),Brain_Substantia_nigra,chr2_24913321_TC_T_b38,rs5829949,ENSG00000138031.15,ADCY3,109,1.98195143108042e-12,-0.395464956760407,-6916
chr2,hsa04972,Pancreatic secretion - Homo sapiens (human),Brain_Substantia_nigra,chr2_24913321_TC_T_b38,rs5829949,ENSG00000138031.15,ADCY3,109,1.98195143108042e-12,-0.395464956760407,-6916
chr2,hsa04976,Bile secretion - Homo sapiens (human),Brain_Substantia_nigra,chr2_24913321_TC_T_b38,rs5829949,ENSG00000138031.15,ADCY3,109,1.98195143108042e-12,-0.395464956760407,-6916
chr2,hsa05110,Vibrio cholerae infection - Homo sapiens (human),Brain_Substantia_nigra,chr2_24913321_TC_T_b38,rs5829949,ENSG00000138031.15,ADCY3,109,1.98195143108042e-12,-0.395464956760407,-6916
chr2,hsa05414,Dilated cardiomyopathy - Homo sapiens (human),Brain_Substantia_nigra,chr2_24913321_TC_T_b38,rs5829949,ENSG00000138031.15,ADCY3,109,1.98195143108042e-12,-0.395464956760407,-6916
chr2,hsa00230,Purine metabolism - Homo sapiens (human),Brain_Substantia_nigra,chr2_24913997_T_A_b38,rs10203386,ENSG00000138031.15,ADCY3,109,4.59810312811989e-11,-0.356070101261139,-6240
chr2,hsa04020,Calcium signaling pathway - Homo sapiens (human),Brain_Substantia_nigra,chr2_24913997_T_A_b38,rs10203386,ENSG00000138031.15,ADCY3,109,4.59810312811989e-11,-0.356070101261139,-6240
chr2,hsa04062,Chemokine signaling pathway - Homo sapiens (human),Brain_Substantia_nigra,chr2_24913997_T_A_b38,rs10203386,ENSG00000138031.15,ADCY3,109,4.59810312811989e-11,-0.356070101261139,-6240
chr2,hsa04114,Oocyte meiosis - Homo sapiens (human),Brain_Substantia_nigra,chr2_24913997_T_A_b38,rs10203386,ENSG00000138031.15,ADCY3,109,4.59810312811989e-11,-0.356070101261139,-6240
chr2,hsa04270,Vascular smooth muscle contraction - Homo sapiens (human),Brain_Substantia_nigra,chr2_24913997_T_A_b38,rs10203386,ENSG00000138031.15,ADCY3,109,4.59810312811989e-11,-0.356070101261139,-6240
chr2,hsa04540,Gap junction - Homo sapiens (human),Brain_Substantia_nigra,chr2_24913997_T_A_b38,rs10203386,ENSG00000138031.15,ADCY3,109,4.59810312811989e-11,-0.356070101261139,-6240
chr2,hsa04740,Olfactory transduction - Homo sapiens (human),Brain_Substantia_nigra,chr2_24913997_T_A_b38,rs10203386,ENSG00000138031.15,ADCY3,109,4.59810312811989e-11,-0.356070101261139,-6240
chr2,hsa04912,GnRH signaling pathway - Homo sapiens (human),Brain_Substantia_nigra,chr2_24913997_T_A_b38,rs10203386,ENSG00000138031.15,ADCY3,109,4.59810312811989e-11,-0.356070101261139,-6240
chr2,hsa04914,Progesterone-mediated oocyte maturation - Homo sapiens (human),Brain_Substantia_nigra,chr2_24913997_T_A_b38,rs10203386,ENSG00000138031.15,ADCY3,109,4.59810312811989e-11,-0.356070101261139,-6240
chr2,hsa04916,Melanogenesis - Homo sapiens (human),Brain_Substantia_nigra,chr2_24913997_T_A_b38,rs10203386,ENSG00000138031.15,ADCY3,109,4.59810312811989e-11,-0.356070101261139,-6240
chr2,hsa04962,Vasopressin-regulated water reabsorption - Homo sapiens (human),Brain_Substantia_nigra,chr2_24913997_T_A_b38,rs10203386,ENSG00000138031.15,ADCY3,109,4.59810312811989e-11,-0.356070101261139,-6240
chr2,hsa04970,Salivary secretion - Homo sapiens (human),Brain_Substantia_nigra,chr2_24913997_T_A_b38,rs10203386,ENSG00000138031.15,ADCY3,109,4.59810312811989e-11,-0.356070101261139,-6240
chr2,hsa04971,Gastric acid secretion - Homo sapiens (human),Brain_Substantia_nigra,chr2_24913997_T_A_b38,rs10203386,ENSG00000138031.15,ADCY3,109,4.59810312811989e-11,-0.356070101261139,-6240
chr2,hsa04972,Pancreatic secretion - Homo sapiens (human),Brain_Substantia_nigra,chr2_24913997_T_A_b38,rs10203386,ENSG00000138031.15,ADCY3,109,4.59810312811989e-11,-0.356070101261139,-6240
chr2,hsa04976,Bile secretion - Homo sapiens (human),Brain_Substantia_nigra,chr2_24913997_T_A_b38,rs10203386,ENSG00000138031.15,ADCY3,109,4.59810312811989e-11,-0.356070101261139,-6240
chr2,hsa05110,Vibrio cholerae infection - Homo sapiens (human),Brain_Substantia_nigra,chr2_24913997_T_A_b38,rs10203386,ENSG00000138031.15,ADCY3,109,4.59810312811989e-11,-0.356070101261139,-6240
chr2,hsa05414,Dilated cardiomyopathy - Homo sapiens (human),Brain_Substantia_nigra,chr2_24913997_T_A_b38,rs10203386,ENSG00000138031.15,ADCY3,109,4.59810312811989e-11,-0.356070101261139,-6240
chr2,hsa00230,Purine metabolism - Homo sapiens (human),Brain_Substantia_nigra,chr2_24914047_T_C_b38,rs10203482,ENSG00000138031.15,ADCY3,109,8.40963004182306e-12,-0.387023091316223,-6190
chr2,hsa04020,Calcium signaling pathway - Homo sapiens (human),Brain_Substantia_nigra,chr2_24914047_T_C_b38,rs10203482,ENSG00000138031.15,ADCY3,109,8.40963004182306e-12,-0.387023091316223,-6190
chr2,hsa04062,Chemokine signaling pathway - Homo sapiens (human),Brain_Substantia_nigra,chr2_24914047_T_C_b38,rs10203482,ENSG00000138031.15,ADCY3,109,8.40963004182306e-12,-0.387023091316223,-6190
chr2,hsa04114,Oocyte meiosis - Homo sapiens (human),Brain_Substantia_nigra,chr2_24914047_T_C_b38,rs10203482,ENSG00000138031.15,ADCY3,109,8.40963004182306e-12,-0.387023091316223,-6190
chr2,hsa04270,Vascular smooth muscle contraction - Homo sapiens (human),Brain_Substantia_nigra,chr2_24914047_T_C_b38,rs10203482,ENSG00000138031.15,ADCY3,109,8.40963004182306e-12,-0.387023091316223,-6190
chr2,hsa04540,Gap junction - Homo sapiens (human),Brain_Substantia_nigra,chr2_24914047_T_C_b38,rs10203482,ENSG00000138031.15,ADCY3,109,8.40963004182306e-12,-0.387023091316223,-6190
chr2,hsa04740,Olfactory transduction - Homo sapiens (human),Brain_Substantia_nigra,chr2_24914047_T_C_b38,rs10203482,ENSG00000138031.15,ADCY3,109,8.40963004182306e-12,-0.387023091316223,-6190
chr2,hsa04912,GnRH signaling pathway - Homo sapiens (human),Brain_Substantia_nigra,chr2_24914047_T_C_b38,rs10203482,ENSG00000138031.15,ADCY3,109,8.40963004182306e-12,-0.387023091316223,-6190
chr2,hsa04914,Progesterone-mediated oocyte maturation - Homo sapiens (human),Brain_Substantia_nigra,chr2_24914047_T_C_b38,rs10203482,ENSG00000138031.15,ADCY3,109,8.40963004182306e-12,-0.387023091316223,-6190
chr2,hsa04916,Melanogenesis - Homo sapiens (human),Brain_Substantia_nigra,chr2_24914047_T_C_b38,rs10203482,ENSG00000138031.15,ADCY3,109,8.40963004182306e-12,-0.387023091316223,-6190
chr2,hsa04962,Vasopressin-regulated water reabsorption - Homo sapiens (human),Brain_Substantia_nigra,chr2_24914047_T_C_b38,rs10203482,ENSG00000138031.15,ADCY3,109,8.40963004182306e-12,-0.387023091316223,-6190
chr2,hsa04970,Salivary secretion - Homo sapiens (human),Brain_Substantia_nigra,chr2_24914047_T_C_b38,rs10203482,ENSG00000138031.15,ADCY3,109,8.40963004182306e-12,-0.387023091316223,-6190
chr2,hsa04971,Gastric acid secretion - Homo sapiens (human),Brain_Substantia_nigra,chr2_24914047_T_C_b38,rs10203482,ENSG00000138031.15,ADCY3,109,8.40963004182306e-12,-0.387023091316223,-6190
chr2,hsa04972,Pancreatic secretion - Homo sapiens (human),Brain_Substantia_nigra,chr2_24914047_T_C_b38,rs10203482,ENSG00000138031.15,ADCY3,109,8.40963004182306e-12,-0.387023091316223,-6190
chr2,hsa04976,Bile secretion - Homo sapiens (human),Brain_Substantia_nigra,chr2_24914047_T_C_b38,rs10203482,ENSG00000138031.15,ADCY3,109,8.40963004182306e-12,-0.387023091316223,-6190
chr2,hsa05110,Vibrio cholerae infection - Homo sapiens (human),Brain_Substantia_nigra,chr2_24914047_T_C_b38,rs10203482,ENSG00000138031.15,ADCY3,109,8.40963004182306e-12,-0.387023091316223,-6190
chr2,hsa05414,Dilated cardiomyopathy - Homo sapiens (human),Brain_Substantia_nigra,chr2_24914047_T_C_b38,rs10203482,ENSG00000138031.15,ADCY3,109,8.40963004182306e-12,-0.387023091316223,-6190
chr2,hsa00230,Purine metabolism - Homo sapiens (human),Brain_Substantia_nigra,chr2_24914454_T_C_b38,rs10206196,ENSG00000138031.15,ADCY3,109,1.79266566057636e-12,-0.396452575922012,-5783
chr2,hsa04020,Calcium signaling pathway - Homo sapiens (human),Brain_Substantia_nigra,chr2_24914454_T_C_b38,rs10206196,ENSG00000138031.15,ADCY3,109,1.79266566057636e-12,-0.396452575922012,-5783
chr2,hsa04062,Chemokine signaling pathway - Homo sapiens (human),Brain_Substantia_nigra,chr2_24914454_T_C_b38,rs10206196,ENSG00000138031.15,ADCY3,109,1.79266566057636e-12,-0.396452575922012,-5783
chr2,hsa04114,Oocyte meiosis - Homo sapiens (human),Brain_Substantia_nigra,chr2_24914454_T_C_b38,rs10206196,ENSG00000138031.15,ADCY3,109,1.79266566057636e-12,-0.396452575922012,-5783
chr2,hsa04270,Vascular smooth muscle contraction - Homo sapiens (human),Brain_Substantia_nigra,chr2_24914454_T_C_b38,rs10206196,ENSG00000138031.15,ADCY3,109,1.79266566057636e-12,-0.396452575922012,-5783
chr2,hsa04540,Gap junction - Homo sapiens (human),Brain_Substantia_nigra,chr2_24914454_T_C_b38,rs10206196,ENSG00000138031.15,ADCY3,109,1.79266566057636e-12,-0.396452575922012,-5783
chr2,hsa04740,Olfactory transduction - Homo sapiens (human),Brain_Substantia_nigra,chr2_24914454_T_C_b38,rs10206196,ENSG00000138031.15,ADCY3,109,1.79266566057636e-12,-0.396452575922012,-5783
chr2,hsa04912,GnRH signaling pathway - Homo sapiens (human),Brain_Substantia_nigra,chr2_24914454_T_C_b38,rs10206196,ENSG00000138031.15,ADCY3,109,1.79266566057636e-12,-0.396452575922012,-5783
chr2,hsa04914,Progesterone-mediated oocyte maturation - Homo sapiens (human),Brain_Substantia_nigra,chr2_24914454_T_C_b38,rs10206196,ENSG00000138031.15,ADCY3,109,1.79266566057636e-12,-0.396452575922012,-5783
chr2,hsa04916,Melanogenesis - Homo sapiens (human),Brain_Substantia_nigra,chr2_24914454_T_C_b38,rs10206196,ENSG00000138031.15,ADCY3,109,1.79266566057636e-12,-0.396452575922012,-5783
chr2,hsa04962,Vasopressin-regulated water reabsorption - Homo sapiens (human),Brain_Substantia_nigra,chr2_24914454_T_C_b38,rs10206196,ENSG00000138031.15,ADCY3,109,1.79266566057636e-12,-0.396452575922012,-5783
chr2,hsa04970,Salivary secretion - Homo sapiens (human),Brain_Substantia_nigra,chr2_24914454_T_C_b38,rs10206196,ENSG00000138031.15,ADCY3,109,1.79266566057636e-12,-0.396452575922012,-5783
chr2,hsa04971,Gastric acid secretion - Homo sapiens (human),Brain_Substantia_nigra,chr2_24914454_T_C_b38,rs10206196,ENSG00000138031.15,ADCY3,109,1.79266566057636e-12,-0.396452575922012,-5783
chr2,hsa04972,Pancreatic secretion - Homo sapiens (human),Brain_Substantia_nigra,chr2_24914454_T_C_b38,rs10206196,ENSG00000138031.15,ADCY3,109,1.79266566057636e-12,-0.396452575922012,-5783
chr2,hsa04976,Bile secretion - Homo sapiens (human),Brain_Substantia_nigra,chr2_24914454_T_C_b38,rs10206196,ENSG00000138031.15,ADCY3,109,1.79266566057636e-12,-0.396452575922012,-5783
chr2,hsa05110,Vibrio cholerae infection - Homo sapiens (human),Brain_Substantia_nigra,chr2_24914454_T_C_b38,rs10206196,ENSG00000138031.15,ADCY3,109,1.79266566057636e-12,-0.396452575922012,-5783
chr2,hsa05414,Dilated cardiomyopathy - Homo sapiens (human),Brain_Substantia_nigra,chr2_24914454_T_C_b38,rs10206196,ENSG00000138031.15,ADCY3,109,1.79266566057636e-12,-0.396452575922012,-5783
chr2,hsa00230,Purine metabolism - Homo sapiens (human),Brain_Substantia_nigra,chr2_24915171_A_C_b38,rs6737082,ENSG00000138031.15,ADCY3,109,4.87328798710278e-10,-0.358224332332611,-5066
chr2,hsa04020,Calcium signaling pathway - Homo sapiens (human),Brain_Substantia_nigra,chr2_24915171_A_C_b38,rs6737082,ENSG00000138031.15,ADCY3,109,4.87328798710278e-10,-0.358224332332611,-5066
chr2,hsa04062,Chemokine signaling pathway - Homo sapiens (human),Brain_Substantia_nigra,chr2_24915171_A_C_b38,rs6737082,ENSG00000138031.15,ADCY3,109,4.87328798710278e-10,-0.358224332332611,-5066
chr2,hsa04114,Oocyte meiosis - Homo sapiens (human),Brain_Substantia_nigra,chr2_24915171_A_C_b38,rs6737082,ENSG00000138031.15,ADCY3,109,4.87328798710278e-10,-0.358224332332611,-5066
chr2,hsa04270,Vascular smooth muscle contraction - Homo sapiens (human),Brain_Substantia_nigra,chr2_24915171_A_C_b38,rs6737082,ENSG00000138031.15,ADCY3,109,4.87328798710278e-10,-0.358224332332611,-5066
chr2,hsa04540,Gap junction - Homo sapiens (human),Brain_Substantia_nigra,chr2_24915171_A_C_b38,rs6737082,ENSG00000138031.15,ADCY3,109,4.87328798710278e-10,-0.358224332332611,-5066
chr2,hsa04740,Olfactory transduction - Homo sapiens (human),Brain_Substantia_nigra,chr2_24915171_A_C_b38,rs6737082,ENSG00000138031.15,ADCY3,109,4.87328798710278e-10,-0.358224332332611,-5066
chr2,hsa04912,GnRH signaling pathway - Homo sapiens (human),Brain_Substantia_nigra,chr2_24915171_A_C_b38,rs6737082,ENSG00000138031.15,ADCY3,109,4.87328798710278e-10,-0.358224332332611,-5066
chr2,hsa04914,Progesterone-mediated oocyte maturation - Homo sapiens (human),Brain_Substantia_nigra,chr2_24915171_A_C_b38,rs6737082,ENSG00000138031.15,ADCY3,109,4.87328798710278e-10,-0.358224332332611,-5066
chr2,hsa04916,Melanogenesis - Homo sapiens (human),Brain_Substantia_nigra,chr2_24915171_A_C_b38,rs6737082,ENSG00000138031.15,ADCY3,109,4.87328798710278e-10,-0.358224332332611,-5066
chr2,hsa04962,Vasopressin-regulated water reabsorption - Homo sapiens (human),Brain_Substantia_nigra,chr2_24915171_A_C_b38,rs6737082,ENSG00000138031.15,ADCY3,109,4.87328798710278e-10,-0.358224332332611,-5066
chr2,hsa04970,Salivary secretion - Homo sapiens (human),Brain_Substantia_nigra,chr2_24915171_A_C_b38,rs6737082,ENSG00000138031.15,ADCY3,109,4.87328798710278e-10,-0.358224332332611,-5066
chr2,hsa04971,Gastric acid secretion - Homo sapiens (human),Brain_Substantia_nigra,chr2_24915171_A_C_b38,rs6737082,ENSG00000138031.15,ADCY3,109,4.87328798710278e-10,-0.358224332332611,-5066
chr2,hsa04972,Pancreatic secretion - Homo sapiens (human),Brain_Substantia_nigra,chr2_24915171_A_C_b38,rs6737082,ENSG00000138031.15,ADCY3,109,4.87328798710278e-10,-0.358224332332611,-5066
chr2,hsa04976,Bile secretion - Homo sapiens (human),Brain_Substantia_nigra,chr2_24915171_A_C_b38,rs6737082,ENSG00000138031.15,ADCY3,109,4.87328798710278e-10,-0.358224332332611,-5066
chr2,hsa05110,Vibrio cholerae infection - Homo sapiens (human),Brain_Substantia_nigra,chr2_24915171_A_C_b38,rs6737082,ENSG00000138031.15,ADCY3,109,4.87328798710278e-10,-0.358224332332611,-5066
chr2,hsa05414,Dilated cardiomyopathy - Homo sapiens (human),Brain_Substantia_nigra,chr2_24915171_A_C_b38,rs6737082,ENSG00000138031.15,ADCY3,109,4.87328798710278e-10,-0.358224332332611,-5066
chr2,hsa00230,Purine metabolism - Homo sapiens (human),Brain_Substantia_nigra,chr2_24918669_A_G_b38,rs11676272,ENSG00000138031.15,ADCY3,109,1.73845072717721e-10,-0.355026096105576,-1568
chr2,hsa04020,Calcium signaling pathway - Homo sapiens (human),Brain_Substantia_nigra,chr2_24918669_A_G_b38,rs11676272,ENSG00000138031.15,ADCY3,109,1.73845072717721e-10,-0.355026096105576,-1568
chr2,hsa04062,Chemokine signaling pathway - Homo sapiens (human),Brain_Substantia_nigra,chr2_24918669_A_G_b38,rs11676272,ENSG00000138031.15,ADCY3,109,1.73845072717721e-10,-0.355026096105576,-1568
chr2,hsa04114,Oocyte meiosis - Homo sapiens (human),Brain_Substantia_nigra,chr2_24918669_A_G_b38,rs11676272,ENSG00000138031.15,ADCY3,109,1.73845072717721e-10,-0.355026096105576,-1568
chr2,hsa04270,Vascular smooth muscle contraction - Homo sapiens (human),Brain_Substantia_nigra,chr2_24918669_A_G_b38,rs11676272,ENSG00000138031.15,ADCY3,109,1.73845072717721e-10,-0.355026096105576,-1568
chr2,hsa04540,Gap junction - Homo sapiens (human),Brain_Substantia_nigra,chr2_24918669_A_G_b38,rs11676272,ENSG00000138031.15,ADCY3,109,1.73845072717721e-10,-0.355026096105576,-1568
chr2,hsa04740,Olfactory transduction - Homo sapiens (human),Brain_Substantia_nigra,chr2_24918669_A_G_b38,rs11676272,ENSG00000138031.15,ADCY3,109,1.73845072717721e-10,-0.355026096105576,-1568
chr2,hsa04912,GnRH signaling pathway - Homo sapiens (human),Brain_Substantia_nigra,chr2_24918669_A_G_b38,rs11676272,ENSG00000138031.15,ADCY3,109,1.73845072717721e-10,-0.355026096105576,-1568
chr2,hsa04914,Progesterone-mediated oocyte maturation - Homo sapiens (human),Brain_Substantia_nigra,chr2_24918669_A_G_b38,rs11676272,ENSG00000138031.15,ADCY3,109,1.73845072717721e-10,-0.355026096105576,-1568
chr2,hsa04916,Melanogenesis - Homo sapiens (human),Brain_Substantia_nigra,chr2_24918669_A_G_b38,rs11676272,ENSG00000138031.15,ADCY3,109,1.73845072717721e-10,-0.355026096105576,-1568
chr2,hsa04962,Vasopressin-regulated water reabsorption - Homo sapiens (human),Brain_Substantia_nigra,chr2_24918669_A_G_b38,rs11676272,ENSG00000138031.15,ADCY3,109,1.73845072717721e-10,-0.355026096105576,-1568
chr2,hsa04970,Salivary secretion - Homo sapiens (human),Brain_Substantia_nigra,chr2_24918669_A_G_b38,rs11676272,ENSG00000138031.15,ADCY3,109,1.73845072717721e-10,-0.355026096105576,-1568
chr2,hsa04971,Gastric acid secretion - Homo sapiens (human),Brain_Substantia_nigra,chr2_24918669_A_G_b38,rs11676272,ENSG00000138031.15,ADCY3,109,1.73845072717721e-10,-0.355026096105576,-1568
chr2,hsa04972,Pancreatic secretion - Homo sapiens (human),Brain_Substantia_nigra,chr2_24918669_A_G_b38,rs11676272,ENSG00000138031.15,ADCY3,109,1.73845072717721e-10,-0.355026096105576,-1568
chr2,hsa04976,Bile secretion - Homo sapiens (human),Brain_Substantia_nigra,chr2_24918669_A_G_b38,rs11676272,ENSG00000138031.15,ADCY3,109,1.73845072717721e-10,-0.355026096105576,-1568
chr2,hsa05110,Vibrio cholerae infection - Homo sapiens (human),Brain_Substantia_nigra,chr2_24918669_A_G_b38,rs11676272,ENSG00000138031.15,ADCY3,109,1.73845072717721e-10,-0.355026096105576,-1568
chr2,hsa05414,Dilated cardiomyopathy - Homo sapiens (human),Brain_Substantia_nigra,chr2_24918669_A_G_b38,rs11676272,ENSG00000138031.15,ADCY3,109,1.73845072717721e-10,-0.355026096105576,-1568
chr2,hsa00230,Purine metabolism - Homo sapiens (human),Brain_Substantia_nigra,chr2_24920780_C_G_b38,rs6746013,ENSG00000138031.15,ADCY3,109,3.8673854223039e-10,-0.342522859573364,543
chr2,hsa04020,Calcium signaling pathway - Homo sapiens (human),Brain_Substantia_nigra,chr2_24920780_C_G_b38,rs6746013,ENSG00000138031.15,ADCY3,109,3.8673854223039e-10,-0.342522859573364,543
chr2,hsa04062,Chemokine signaling pathway - Homo sapiens (human),Brain_Substantia_nigra,chr2_24920780_C_G_b38,rs6746013,ENSG00000138031.15,ADCY3,109,3.8673854223039e-10,-0.342522859573364,543
chr2,hsa04114,Oocyte meiosis - Homo sapiens (human),Brain_Substantia_nigra,chr2_24920780_C_G_b38,rs6746013,ENSG00000138031.15,ADCY3,109,3.8673854223039e-10,-0.342522859573364,543
chr2,hsa04270,Vascular smooth muscle contraction - Homo sapiens (human),Brain_Substantia_nigra,chr2_24920780_C_G_b38,rs6746013,ENSG00000138031.15,ADCY3,109,3.8673854223039e-10,-0.342522859573364,543
chr2,hsa04540,Gap junction - Homo sapiens (human),Brain_Substantia_nigra,chr2_24920780_C_G_b38,rs6746013,ENSG00000138031.15,ADCY3,109,3.8673854223039e-10,-0.342522859573364,543
chr2,hsa04740,Olfactory transduction - Homo sapiens (human),Brain_Substantia_nigra,chr2_24920780_C_G_b38,rs6746013,ENSG00000138031.15,ADCY3,109,3.8673854223039e-10,-0.342522859573364,543
chr2,hsa04912,GnRH signaling pathway - Homo sapiens (human),Brain_Substantia_nigra,chr2_24920780_C_G_b38,rs6746013,ENSG00000138031.15,ADCY3,109,3.8673854223039e-10,-0.342522859573364,543
chr2,hsa04914,Progesterone-mediated oocyte maturation - Homo sapiens (human),Brain_Substantia_nigra,chr2_24920780_C_G_b38,rs6746013,ENSG00000138031.15,ADCY3,109,3.8673854223039e-10,-0.342522859573364,543
chr2,hsa04916,Melanogenesis - Homo sapiens (human),Brain_Substantia_nigra,chr2_24920780_C_G_b38,rs6746013,ENSG00000138031.15,ADCY3,109,3.8673854223039e-10,-0.342522859573364,543
chr2,hsa04962,Vasopressin-regulated water reabsorption - Homo sapiens (human),Brain_Substantia_nigra,chr2_24920780_C_G_b38,rs6746013,ENSG00000138031.15,ADCY3,109,3.8673854223039e-10,-0.342522859573364,543
chr2,hsa04970,Salivary secretion - Homo sapiens (human),Brain_Substantia_nigra,chr2_24920780_C_G_b38,rs6746013,ENSG00000138031.15,ADCY3,109,3.8673854223039e-10,-0.342522859573364,543
chr2,hsa04971,Gastric acid secretion - Homo sapiens (human),Brain_Substantia_nigra,chr2_24920780_C_G_b38,rs6746013,ENSG00000138031.15,ADCY3,109,3.8673854223039e-10,-0.342522859573364,543
chr2,hsa04972,Pancreatic secretion - Homo sapiens (human),Brain_Substantia_nigra,chr2_24920780_C_G_b38,rs6746013,ENSG00000138031.15,ADCY3,109,3.8673854223039e-10,-0.342522859573364,543
chr2,hsa04976,Bile secretion - Homo sapiens (human),Brain_Substantia_nigra,chr2_24920780_C_G_b38,rs6746013,ENSG00000138031.15,ADCY3,109,3.8673854223039e-10,-0.342522859573364,543
chr2,hsa05110,Vibrio cholerae infection - Homo sapiens (human),Brain_Substantia_nigra,chr2_24920780_C_G_b38,rs6746013,ENSG00000138031.15,ADCY3,109,3.8673854223039e-10,-0.342522859573364,543
chr2,hsa05414,Dilated cardiomyopathy - Homo sapiens (human),Brain_Substantia_nigra,chr2_24920780_C_G_b38,rs6746013,ENSG00000138031.15,ADCY3,109,3.8673854223039e-10,-0.342522859573364,543
chr2,hsa00230,Purine metabolism - Homo sapiens (human),Brain_Substantia_nigra,chr2_24922304_T_A_b38,rs59086897,ENSG00000138031.15,ADCY3,109,3.8673854223039e-10,-0.342522859573364,2067
chr2,hsa04020,Calcium signaling pathway - Homo sapiens (human),Brain_Substantia_nigra,chr2_24922304_T_A_b38,rs59086897,ENSG00000138031.15,ADCY3,109,3.8673854223039e-10,-0.342522859573364,2067
chr2,hsa04062,Chemokine signaling pathway - Homo sapiens (human),Brain_Substantia_nigra,chr2_24922304_T_A_b38,rs59086897,ENSG00000138031.15,ADCY3,109,3.8673854223039e-10,-0.342522859573364,2067
chr2,hsa04114,Oocyte meiosis - Homo sapiens (human),Brain_Substantia_nigra,chr2_24922304_T_A_b38,rs59086897,ENSG00000138031.15,ADCY3,109,3.8673854223039e-10,-0.342522859573364,2067
chr2,hsa04270,Vascular smooth muscle contraction - Homo sapiens (human),Brain_Substantia_nigra,chr2_24922304_T_A_b38,rs59086897,ENSG00000138031.15,ADCY3,109,3.8673854223039e-10,-0.342522859573364,2067
chr2,hsa04540,Gap junction - Homo sapiens (human),Brain_Substantia_nigra,chr2_24922304_T_A_b38,rs59086897,ENSG00000138031.15,ADCY3,109,3.8673854223039e-10,-0.342522859573364,2067
chr2,hsa04740,Olfactory transduction - Homo sapiens (human),Brain_Substantia_nigra,chr2_24922304_T_A_b38,rs59086897,ENSG00000138031.15,ADCY3,109,3.8673854223039e-10,-0.342522859573364,2067
chr2,hsa04912,GnRH signaling pathway - Homo sapiens (human),Brain_Substantia_nigra,chr2_24922304_T_A_b38,rs59086897,ENSG00000138031.15,ADCY3,109,3.8673854223039e-10,-0.342522859573364,2067
chr2,hsa04914,Progesterone-mediated oocyte maturation - Homo sapiens (human),Brain_Substantia_nigra,chr2_24922304_T_A_b38,rs59086897,ENSG00000138031.15,ADCY3,109,3.8673854223039e-10,-0.342522859573364,2067
chr2,hsa04916,Melanogenesis - Homo sapiens (human),Brain_Substantia_nigra,chr2_24922304_T_A_b38,rs59086897,ENSG00000138031.15,ADCY3,109,3.8673854223039e-10,-0.342522859573364,2067
chr2,hsa04962,Vasopressin-regulated water reabsorption - Homo sapiens (human),Brain_Substantia_nigra,chr2_24922304_T_A_b38,rs59086897,ENSG00000138031.15,ADCY3,109,3.8673854223039e-10,-0.342522859573364,2067
chr2,hsa04970,Salivary secretion - Homo sapiens (human),Brain_Substantia_nigra,chr2_24922304_T_A_b38,rs59086897,ENSG00000138031.15,ADCY3,109,3.8673854223039e-10,-0.342522859573364,2067
chr2,hsa04971,Gastric acid secretion - Homo sapiens (human),Brain_Substantia_nigra,chr2_24922304_T_A_b38,rs59086897,ENSG00000138031.15,ADCY3,109,3.8673854223039e-10,-0.342522859573364,2067
chr2,hsa04972,Pancreatic secretion - Homo sapiens (human),Brain_Substantia_nigra,chr2_24922304_T_A_b38,rs59086897,ENSG00000138031.15,ADCY3,109,3.8673854223039e-10,-0.342522859573364,2067
chr2,hsa04976,Bile secretion - Homo sapiens (human),Brain_Substantia_nigra,chr2_24922304_T_A_b38,rs59086897,ENSG00000138031.15,ADCY3,109,3.8673854223039e-10,-0.342522859573364,2067
chr2,hsa05110,Vibrio cholerae infection - Homo sapiens (human),Brain_Substantia_nigra,chr2_24922304_T_A_b38,rs59086897,ENSG00000138031.15,ADCY3,109,3.8673854223039e-10,-0.342522859573364,2067
chr2,hsa05414,Dilated cardiomyopathy - Homo sapiens (human),Brain_Substantia_nigra,chr2_24922304_T_A_b38,rs59086897,ENSG00000138031.15,ADCY3,109,3.8673854223039e-10,-0.342522859573364,2067
chr2,hsa00230,Purine metabolism - Homo sapiens (human),Brain_Substantia_nigra,chr2_24927142_C_G_b38,rs6749422,ENSG00000138031.15,ADCY3,109,1.33166797177351e-09,-0.33267605304718,6905
chr2,hsa04020,Calcium signaling pathway - Homo sapiens (human),Brain_Substantia_nigra,chr2_24927142_C_G_b38,rs6749422,ENSG00000138031.15,ADCY3,109,1.33166797177351e-09,-0.33267605304718,6905
chr2,hsa04062,Chemokine signaling pathway - Homo sapiens (human),Brain_Substantia_nigra,chr2_24927142_C_G_b38,rs6749422,ENSG00000138031.15,ADCY3,109,1.33166797177351e-09,-0.33267605304718,6905
chr2,hsa04114,Oocyte meiosis - Homo sapiens (human),Brain_Substantia_nigra,chr2_24927142_C_G_b38,rs6749422,ENSG00000138031.15,ADCY3,109,1.33166797177351e-09,-0.33267605304718,6905
chr2,hsa04270,Vascular smooth muscle contraction - Homo sapiens (human),Brain_Substantia_nigra,chr2_24927142_C_G_b38,rs6749422,ENSG00000138031.15,ADCY3,109,1.33166797177351e-09,-0.33267605304718,6905
chr2,hsa04540,Gap junction - Homo sapiens (human),Brain_Substantia_nigra,chr2_24927142_C_G_b38,rs6749422,ENSG00000138031.15,ADCY3,109,1.33166797177351e-09,-0.33267605304718,6905
chr2,hsa04740,Olfactory transduction - Homo sapiens (human),Brain_Substantia_nigra,chr2_24927142_C_G_b38,rs6749422,ENSG00000138031.15,ADCY3,109,1.33166797177351e-09,-0.33267605304718,6905
chr2,hsa04912,GnRH signaling pathway - Homo sapiens (human),Brain_Substantia_nigra,chr2_24927142_C_G_b38,rs6749422,ENSG00000138031.15,ADCY3,109,1.33166797177351e-09,-0.33267605304718,6905
chr2,hsa04914,Progesterone-mediated oocyte maturation - Homo sapiens (human),Brain_Substantia_nigra,chr2_24927142_C_G_b38,rs6749422,ENSG00000138031.15,ADCY3,109,1.33166797177351e-09,-0.33267605304718,6905
chr2,hsa04916,Melanogenesis - Homo sapiens (human),Brain_Substantia_nigra,chr2_24927142_C_G_b38,rs6749422,ENSG00000138031.15,ADCY3,109,1.33166797177351e-09,-0.33267605304718,6905
chr2,hsa04962,Vasopressin-regulated water reabsorption - Homo sapiens (human),Brain_Substantia_nigra,chr2_24927142_C_G_b38,rs6749422,ENSG00000138031.15,ADCY3,109,1.33166797177351e-09,-0.33267605304718,6905
chr2,hsa04970,Salivary secretion - Homo sapiens (human),Brain_Substantia_nigra,chr2_24927142_C_G_b38,rs6749422,ENSG00000138031.15,ADCY3,109,1.33166797177351e-09,-0.33267605304718,6905
chr2,hsa04971,Gastric acid secretion - Homo sapiens (human),Brain_Substantia_nigra,chr2_24927142_C_G_b38,rs6749422,ENSG00000138031.15,ADCY3,109,1.33166797177351e-09,-0.33267605304718,6905
chr2,hsa04972,Pancreatic secretion - Homo sapiens (human),Brain_Substantia_nigra,chr2_24927142_C_G_b38,rs6749422,ENSG00000138031.15,ADCY3,109,1.33166797177351e-09,-0.33267605304718,6905
chr2,hsa04976,Bile secretion - Homo sapiens (human),Brain_Substantia_nigra,chr2_24927142_C_G_b38,rs6749422,ENSG00000138031.15,ADCY3,109,1.33166797177351e-09,-0.33267605304718,6905
chr2,hsa05110,Vibrio cholerae infection - Homo sapiens (human),Brain_Substantia_nigra,chr2_24927142_C_G_b38,rs6749422,ENSG00000138031.15,ADCY3,109,1.33166797177351e-09,-0.33267605304718,6905
chr2,hsa05414,Dilated cardiomyopathy - Homo sapiens (human),Brain_Substantia_nigra,chr2_24927142_C_G_b38,rs6749422,ENSG00000138031.15,ADCY3,109,1.33166797177351e-09,-0.33267605304718,6905
chr2,hsa00230,Purine metabolism - Homo sapiens (human),Brain_Substantia_nigra,chr2_24927247_C_A_b38,rs6752378,ENSG00000138031.15,ADCY3,109,3.8673854223039e-10,-0.342522859573364,7010
chr2,hsa04020,Calcium signaling pathway - Homo sapiens (human),Brain_Substantia_nigra,chr2_24927247_C_A_b38,rs6752378,ENSG00000138031.15,ADCY3,109,3.8673854223039e-10,-0.342522859573364,7010
chr2,hsa04062,Chemokine signaling pathway - Homo sapiens (human),Brain_Substantia_nigra,chr2_24927247_C_A_b38,rs6752378,ENSG00000138031.15,ADCY3,109,3.8673854223039e-10,-0.342522859573364,7010
chr2,hsa04114,Oocyte meiosis - Homo sapiens (human),Brain_Substantia_nigra,chr2_24927247_C_A_b38,rs6752378,ENSG00000138031.15,ADCY3,109,3.8673854223039e-10,-0.342522859573364,7010
chr2,hsa04270,Vascular smooth muscle contraction - Homo sapiens (human),Brain_Substantia_nigra,chr2_24927247_C_A_b38,rs6752378,ENSG00000138031.15,ADCY3,109,3.8673854223039e-10,-0.342522859573364,7010
chr2,hsa04540,Gap junction - Homo sapiens (human),Brain_Substantia_nigra,chr2_24927247_C_A_b38,rs6752378,ENSG00000138031.15,ADCY3,109,3.8673854223039e-10,-0.342522859573364,7010
chr2,hsa04740,Olfactory transduction - Homo sapiens (human),Brain_Substantia_nigra,chr2_24927247_C_A_b38,rs6752378,ENSG00000138031.15,ADCY3,109,3.8673854223039e-10,-0.342522859573364,7010
chr2,hsa04912,GnRH signaling pathway - Homo sapiens (human),Brain_Substantia_nigra,chr2_24927247_C_A_b38,rs6752378,ENSG00000138031.15,ADCY3,109,3.8673854223039e-10,-0.342522859573364,7010
chr2,hsa04914,Progesterone-mediated oocyte maturation - Homo sapiens (human),Brain_Substantia_nigra,chr2_24927247_C_A_b38,rs6752378,ENSG00000138031.15,ADCY3,109,3.8673854223039e-10,-0.342522859573364,7010
chr2,hsa04916,Melanogenesis - Homo sapiens (human),Brain_Substantia_nigra,chr2_24927247_C_A_b38,rs6752378,ENSG00000138031.15,ADCY3,109,3.8673854223039e-10,-0.342522859573364,7010
chr2,hsa04962,Vasopressin-regulated water reabsorption - Homo sapiens (human),Brain_Substantia_nigra,chr2_24927247_C_A_b38,rs6752378,ENSG00000138031.15,ADCY3,109,3.8673854223039e-10,-0.342522859573364,7010
chr2,hsa04970,Salivary secretion - Homo sapiens (human),Brain_Substantia_nigra,chr2_24927247_C_A_b38,rs6752378,ENSG00000138031.15,ADCY3,109,3.8673854223039e-10,-0.342522859573364,7010
chr2,hsa04971,Gastric acid secretion - Homo sapiens (human),Brain_Substantia_nigra,chr2_24927247_C_A_b38,rs6752378,ENSG00000138031.15,ADCY3,109,3.8673854223039e-10,-0.342522859573364,7010
chr2,hsa04972,Pancreatic secretion - Homo sapiens (human),Brain_Substantia_nigra,chr2_24927247_C_A_b38,rs6752378,ENSG00000138031.15,ADCY3,109,3.8673854223039e-10,-0.342522859573364,7010
chr2,hsa04976,Bile secretion - Homo sapiens (human),Brain_Substantia_nigra,chr2_24927247_C_A_b38,rs6752378,ENSG00000138031.15,ADCY3,109,3.8673854223039e-10,-0.342522859573364,7010
chr2,hsa05110,Vibrio cholerae infection - Homo sapiens (human),Brain_Substantia_nigra,chr2_24927247_C_A_b38,rs6752378,ENSG00000138031.15,ADCY3,109,3.8673854223039e-10,-0.342522859573364,7010
chr2,hsa05414,Dilated cardiomyopathy - Homo sapiens (human),Brain_Substantia_nigra,chr2_24927247_C_A_b38,rs6752378,ENSG00000138031.15,ADCY3,109,3.8673854223039e-10,-0.342522859573364,7010
chr2,hsa00230,Purine metabolism - Homo sapiens (human),Brain_Substantia_nigra,chr2_24927427_A_G_b38,rs10182181,ENSG00000138031.15,ADCY3,109,3.8673854223039e-10,-0.342522859573364,7190
chr2,hsa04020,Calcium signaling pathway - Homo sapiens (human),Brain_Substantia_nigra,chr2_24927427_A_G_b38,rs10182181,ENSG00000138031.15,ADCY3,109,3.8673854223039e-10,-0.342522859573364,7190
chr2,hsa04062,Chemokine signaling pathway - Homo sapiens (human),Brain_Substantia_nigra,chr2_24927427_A_G_b38,rs10182181,ENSG00000138031.15,ADCY3,109,3.8673854223039e-10,-0.342522859573364,7190
chr2,hsa04114,Oocyte meiosis - Homo sapiens (human),Brain_Substantia_nigra,chr2_24927427_A_G_b38,rs10182181,ENSG00000138031.15,ADCY3,109,3.8673854223039e-10,-0.342522859573364,7190
chr2,hsa04270,Vascular smooth muscle contraction - Homo sapiens (human),Brain_Substantia_nigra,chr2_24927427_A_G_b38,rs10182181,ENSG00000138031.15,ADCY3,109,3.8673854223039e-10,-0.342522859573364,7190
chr2,hsa04540,Gap junction - Homo sapiens (human),Brain_Substantia_nigra,chr2_24927427_A_G_b38,rs10182181,ENSG00000138031.15,ADCY3,109,3.8673854223039e-10,-0.342522859573364,7190
chr2,hsa04740,Olfactory transduction - Homo sapiens (human),Brain_Substantia_nigra,chr2_24927427_A_G_b38,rs10182181,ENSG00000138031.15,ADCY3,109,3.8673854223039e-10,-0.342522859573364,7190
chr2,hsa04912,GnRH signaling pathway - Homo sapiens (human),Brain_Substantia_nigra,chr2_24927427_A_G_b38,rs10182181,ENSG00000138031.15,ADCY3,109,3.8673854223039e-10,-0.342522859573364,7190
chr2,hsa04914,Progesterone-mediated oocyte maturation - Homo sapiens (human),Brain_Substantia_nigra,chr2_24927427_A_G_b38,rs10182181,ENSG00000138031.15,ADCY3,109,3.8673854223039e-10,-0.342522859573364,7190
chr2,hsa04916,Melanogenesis - Homo sapiens (human),Brain_Substantia_nigra,chr2_24927427_A_G_b38,rs10182181,ENSG00000138031.15,ADCY3,109,3.8673854223039e-10,-0.342522859573364,7190
chr2,hsa04962,Vasopressin-regulated water reabsorption - Homo sapiens (human),Brain_Substantia_nigra,chr2_24927427_A_G_b38,rs10182181,ENSG00000138031.15,ADCY3,109,3.8673854223039e-10,-0.342522859573364,7190
chr2,hsa04970,Salivary secretion - Homo sapiens (human),Brain_Substantia_nigra,chr2_24927427_A_G_b38,rs10182181,ENSG00000138031.15,ADCY3,109,3.8673854223039e-10,-0.342522859573364,7190
chr2,hsa04971,Gastric acid secretion - Homo sapiens (human),Brain_Substantia_nigra,chr2_24927427_A_G_b38,rs10182181,ENSG00000138031.15,ADCY3,109,3.8673854223039e-10,-0.342522859573364,7190
chr2,hsa04972,Pancreatic secretion - Homo sapiens (human),Brain_Substantia_nigra,chr2_24927427_A_G_b38,rs10182181,ENSG00000138031.15,ADCY3,109,3.8673854223039e-10,-0.342522859573364,7190
chr2,hsa04976,Bile secretion - Homo sapiens (human),Brain_Substantia_nigra,chr2_24927427_A_G_b38,rs10182181,ENSG00000138031.15,ADCY3,109,3.8673854223039e-10,-0.342522859573364,7190
chr2,hsa05110,Vibrio cholerae infection - Homo sapiens (human),Brain_Substantia_nigra,chr2_24927427_A_G_b38,rs10182181,ENSG00000138031.15,ADCY3,109,3.8673854223039e-10,-0.342522859573364,7190
chr2,hsa05414,Dilated cardiomyopathy - Homo sapiens (human),Brain_Substantia_nigra,chr2_24927427_A_G_b38,rs10182181,ENSG00000138031.15,ADCY3,109,3.8673854223039e-10,-0.342522859573364,7190
chr2,hsa00230,Purine metabolism - Homo sapiens (human),Brain_Substantia_nigra,chr2_24927772_A_G_b38,rs10182458,ENSG00000138031.15,ADCY3,109,1.31994284039001e-08,-0.308965861797333,7535
chr2,hsa04020,Calcium signaling pathway - Homo sapiens (human),Brain_Substantia_nigra,chr2_24927772_A_G_b38,rs10182458,ENSG00000138031.15,ADCY3,109,1.31994284039001e-08,-0.308965861797333,7535
chr2,hsa04062,Chemokine signaling pathway - Homo sapiens (human),Brain_Substantia_nigra,chr2_24927772_A_G_b38,rs10182458,ENSG00000138031.15,ADCY3,109,1.31994284039001e-08,-0.308965861797333,7535
chr2,hsa04114,Oocyte meiosis - Homo sapiens (human),Brain_Substantia_nigra,chr2_24927772_A_G_b38,rs10182458,ENSG00000138031.15,ADCY3,109,1.31994284039001e-08,-0.308965861797333,7535
chr2,hsa04270,Vascular smooth muscle contraction - Homo sapiens (human),Brain_Substantia_nigra,chr2_24927772_A_G_b38,rs10182458,ENSG00000138031.15,ADCY3,109,1.31994284039001e-08,-0.308965861797333,7535
chr2,hsa04540,Gap junction - Homo sapiens (human),Brain_Substantia_nigra,chr2_24927772_A_G_b38,rs10182458,ENSG00000138031.15,ADCY3,109,1.31994284039001e-08,-0.308965861797333,7535
chr2,hsa04740,Olfactory transduction - Homo sapiens (human),Brain_Substantia_nigra,chr2_24927772_A_G_b38,rs10182458,ENSG00000138031.15,ADCY3,109,1.31994284039001e-08,-0.308965861797333,7535
chr2,hsa04912,GnRH signaling pathway - Homo sapiens (human),Brain_Substantia_nigra,chr2_24927772_A_G_b38,rs10182458,ENSG00000138031.15,ADCY3,109,1.31994284039001e-08,-0.308965861797333,7535
chr2,hsa04914,Progesterone-mediated oocyte maturation - Homo sapiens (human),Brain_Substantia_nigra,chr2_24927772_A_G_b38,rs10182458,ENSG00000138031.15,ADCY3,109,1.31994284039001e-08,-0.308965861797333,7535
chr2,hsa04916,Melanogenesis - Homo sapiens (human),Brain_Substantia_nigra,chr2_24927772_A_G_b38,rs10182458,ENSG00000138031.15,ADCY3,109,1.31994284039001e-08,-0.308965861797333,7535
chr2,hsa04962,Vasopressin-regulated water reabsorption - Homo sapiens (human),Brain_Substantia_nigra,chr2_24927772_A_G_b38,rs10182458,ENSG00000138031.15,ADCY3,109,1.31994284039001e-08,-0.308965861797333,7535
chr2,hsa04970,Salivary secretion - Homo sapiens (human),Brain_Substantia_nigra,chr2_24927772_A_G_b38,rs10182458,ENSG00000138031.15,ADCY3,109,1.31994284039001e-08,-0.308965861797333,7535
chr2,hsa04971,Gastric acid secretion - Homo sapiens (human),Brain_Substantia_nigra,chr2_24927772_A_G_b38,rs10182458,ENSG00000138031.15,ADCY3,109,1.31994284039001e-08,-0.308965861797333,7535
chr2,hsa04972,Pancreatic secretion - Homo sapiens (human),Brain_Substantia_nigra,chr2_24927772_A_G_b38,rs10182458,ENSG00000138031.15,ADCY3,109,1.31994284039001e-08,-0.308965861797333,7535
chr2,hsa04976,Bile secretion - Homo sapiens (human),Brain_Substantia_nigra,chr2_24927772_A_G_b38,rs10182458,ENSG00000138031.15,ADCY3,109,1.31994284039001e-08,-0.308965861797333,7535
chr2,hsa05110,Vibrio cholerae infection - Homo sapiens (human),Brain_Substantia_nigra,chr2_24927772_A_G_b38,rs10182458,ENSG00000138031.15,ADCY3,109,1.31994284039001e-08,-0.308965861797333,7535
chr2,hsa05414,Dilated cardiomyopathy - Homo sapiens (human),Brain_Substantia_nigra,chr2_24927772_A_G_b38,rs10182458,ENSG00000138031.15,ADCY3,109,1.31994284039001e-08,-0.308965861797333,7535
chr2,hsa00230,Purine metabolism - Homo sapiens (human),Brain_Substantia_nigra,chr2_24927889_T_C_b38,rs10185143,ENSG00000138031.15,ADCY3,109,1.31994284039001e-08,-0.308965861797333,7652
chr2,hsa04020,Calcium signaling pathway - Homo sapiens (human),Brain_Substantia_nigra,chr2_24927889_T_C_b38,rs10185143,ENSG00000138031.15,ADCY3,109,1.31994284039001e-08,-0.308965861797333,7652
chr2,hsa04062,Chemokine signaling pathway - Homo sapiens (human),Brain_Substantia_nigra,chr2_24927889_T_C_b38,rs10185143,ENSG00000138031.15,ADCY3,109,1.31994284039001e-08,-0.308965861797333,7652
chr2,hsa04114,Oocyte meiosis - Homo sapiens (human),Brain_Substantia_nigra,chr2_24927889_T_C_b38,rs10185143,ENSG00000138031.15,ADCY3,109,1.31994284039001e-08,-0.308965861797333,7652
chr2,hsa04270,Vascular smooth muscle contraction - Homo sapiens (human),Brain_Substantia_nigra,chr2_24927889_T_C_b38,rs10185143,ENSG00000138031.15,ADCY3,109,1.31994284039001e-08,-0.308965861797333,7652
chr2,hsa04540,Gap junction - Homo sapiens (human),Brain_Substantia_nigra,chr2_24927889_T_C_b38,rs10185143,ENSG00000138031.15,ADCY3,109,1.31994284039001e-08,-0.308965861797333,7652
chr2,hsa04740,Olfactory transduction - Homo sapiens (human),Brain_Substantia_nigra,chr2_24927889_T_C_b38,rs10185143,ENSG00000138031.15,ADCY3,109,1.31994284039001e-08,-0.308965861797333,7652
chr2,hsa04912,GnRH signaling pathway - Homo sapiens (human),Brain_Substantia_nigra,chr2_24927889_T_C_b38,rs10185143,ENSG00000138031.15,ADCY3,109,1.31994284039001e-08,-0.308965861797333,7652
chr2,hsa04914,Progesterone-mediated oocyte maturation - Homo sapiens (human),Brain_Substantia_nigra,chr2_24927889_T_C_b38,rs10185143,ENSG00000138031.15,ADCY3,109,1.31994284039001e-08,-0.308965861797333,7652
chr2,hsa04916,Melanogenesis - Homo sapiens (human),Brain_Substantia_nigra,chr2_24927889_T_C_b38,rs10185143,ENSG00000138031.15,ADCY3,109,1.31994284039001e-08,-0.308965861797333,7652
chr2,hsa04962,Vasopressin-regulated water reabsorption - Homo sapiens (human),Brain_Substantia_nigra,chr2_24927889_T_C_b38,rs10185143,ENSG00000138031.15,ADCY3,109,1.31994284039001e-08,-0.308965861797333,7652
chr2,hsa04970,Salivary secretion - Homo sapiens (human),Brain_Substantia_nigra,chr2_24927889_T_C_b38,rs10185143,ENSG00000138031.15,ADCY3,109,1.31994284039001e-08,-0.308965861797333,7652
chr2,hsa04971,Gastric acid secretion - Homo sapiens (human),Brain_Substantia_nigra,chr2_24927889_T_C_b38,rs10185143,ENSG00000138031.15,ADCY3,109,1.31994284039001e-08,-0.308965861797333,7652
chr2,hsa04972,Pancreatic secretion - Homo sapiens (human),Brain_Substantia_nigra,chr2_24927889_T_C_b38,rs10185143,ENSG00000138031.15,ADCY3,109,1.31994284039001e-08,-0.308965861797333,7652
chr2,hsa04976,Bile secretion - Homo sapiens (human),Brain_Substantia_nigra,chr2_24927889_T_C_b38,rs10185143,ENSG00000138031.15,ADCY3,109,1.31994284039001e-08,-0.308965861797333,7652
chr2,hsa05110,Vibrio cholerae infection - Homo sapiens (human),Brain_Substantia_nigra,chr2_24927889_T_C_b38,rs10185143,ENSG00000138031.15,ADCY3,109,1.31994284039001e-08,-0.308965861797333,7652
chr2,hsa05414,Dilated cardiomyopathy - Homo sapiens (human),Brain_Substantia_nigra,chr2_24927889_T_C_b38,rs10185143,ENSG00000138031.15,ADCY3,109,1.31994284039001e-08,-0.308965861797333,7652
chr2,hsa00230,Purine metabolism - Homo sapiens (human),Brain_Substantia_nigra,chr2_24933904_T_C_b38,rs2384054,ENSG00000138031.15,ADCY3,109,1.75425953896693e-08,-0.320231884717941,13667
chr2,hsa04020,Calcium signaling pathway - Homo sapiens (human),Brain_Substantia_nigra,chr2_24933904_T_C_b38,rs2384054,ENSG00000138031.15,ADCY3,109,1.75425953896693e-08,-0.320231884717941,13667
chr2,hsa04062,Chemokine signaling pathway - Homo sapiens (human),Brain_Substantia_nigra,chr2_24933904_T_C_b38,rs2384054,ENSG00000138031.15,ADCY3,109,1.75425953896693e-08,-0.320231884717941,13667
chr2,hsa04114,Oocyte meiosis - Homo sapiens (human),Brain_Substantia_nigra,chr2_24933904_T_C_b38,rs2384054,ENSG00000138031.15,ADCY3,109,1.75425953896693e-08,-0.320231884717941,13667
chr2,hsa04270,Vascular smooth muscle contraction - Homo sapiens (human),Brain_Substantia_nigra,chr2_24933904_T_C_b38,rs2384054,ENSG00000138031.15,ADCY3,109,1.75425953896693e-08,-0.320231884717941,13667
chr2,hsa04540,Gap junction - Homo sapiens (human),Brain_Substantia_nigra,chr2_24933904_T_C_b38,rs2384054,ENSG00000138031.15,ADCY3,109,1.75425953896693e-08,-0.320231884717941,13667
chr2,hsa04740,Olfactory transduction - Homo sapiens (human),Brain_Substantia_nigra,chr2_24933904_T_C_b38,rs2384054,ENSG00000138031.15,ADCY3,109,1.75425953896693e-08,-0.320231884717941,13667
chr2,hsa04912,GnRH signaling pathway - Homo sapiens (human),Brain_Substantia_nigra,chr2_24933904_T_C_b38,rs2384054,ENSG00000138031.15,ADCY3,109,1.75425953896693e-08,-0.320231884717941,13667
chr2,hsa04914,Progesterone-mediated oocyte maturation - Homo sapiens (human),Brain_Substantia_nigra,chr2_24933904_T_C_b38,rs2384054,ENSG00000138031.15,ADCY3,109,1.75425953896693e-08,-0.320231884717941,13667
chr2,hsa04916,Melanogenesis - Homo sapiens (human),Brain_Substantia_nigra,chr2_24933904_T_C_b38,rs2384054,ENSG00000138031.15,ADCY3,109,1.75425953896693e-08,-0.320231884717941,13667
chr2,hsa04962,Vasopressin-regulated water reabsorption - Homo sapiens (human),Brain_Substantia_nigra,chr2_24933904_T_C_b38,rs2384054,ENSG00000138031.15,ADCY3,109,1.75425953896693e-08,-0.320231884717941,13667
chr2,hsa04970,Salivary secretion - Homo sapiens (human),Brain_Substantia_nigra,chr2_24933904_T_C_b38,rs2384054,ENSG00000138031.15,ADCY3,109,1.75425953896693e-08,-0.320231884717941,13667
chr2,hsa04971,Gastric acid secretion - Homo sapiens (human),Brain_Substantia_nigra,chr2_24933904_T_C_b38,rs2384054,ENSG00000138031.15,ADCY3,109,1.75425953896693e-08,-0.320231884717941,13667
chr2,hsa04972,Pancreatic secretion - Homo sapiens (human),Brain_Substantia_nigra,chr2_24933904_T_C_b38,rs2384054,ENSG00000138031.15,ADCY3,109,1.75425953896693e-08,-0.320231884717941,13667
chr2,hsa04976,Bile secretion - Homo sapiens (human),Brain_Substantia_nigra,chr2_24933904_T_C_b38,rs2384054,ENSG00000138031.15,ADCY3,109,1.75425953896693e-08,-0.320231884717941,13667
chr2,hsa05110,Vibrio cholerae infection - Homo sapiens (human),Brain_Substantia_nigra,chr2_24933904_T_C_b38,rs2384054,ENSG00000138031.15,ADCY3,109,1.75425953896693e-08,-0.320231884717941,13667
chr2,hsa05414,Dilated cardiomyopathy - Homo sapiens (human),Brain_Substantia_nigra,chr2_24933904_T_C_b38,rs2384054,ENSG00000138031.15,ADCY3,109,1.75425953896693e-08,-0.320231884717941,13667
chr2,hsa00230,Purine metabolism - Homo sapiens (human),Brain_Substantia_nigra,chr2_24935139_T_C_b38,rs713586,ENSG00000138031.15,ADCY3,109,1.75425953896693e-08,-0.320231884717941,14902
chr2,hsa04020,Calcium signaling pathway - Homo sapiens (human),Brain_Substantia_nigra,chr2_24935139_T_C_b38,rs713586,ENSG00000138031.15,ADCY3,109,1.75425953896693e-08,-0.320231884717941,14902
chr2,hsa04062,Chemokine signaling pathway - Homo sapiens (human),Brain_Substantia_nigra,chr2_24935139_T_C_b38,rs713586,ENSG00000138031.15,ADCY3,109,1.75425953896693e-08,-0.320231884717941,14902
chr2,hsa04114,Oocyte meiosis - Homo sapiens (human),Brain_Substantia_nigra,chr2_24935139_T_C_b38,rs713586,ENSG00000138031.15,ADCY3,109,1.75425953896693e-08,-0.320231884717941,14902
chr2,hsa04270,Vascular smooth muscle contraction - Homo sapiens (human),Brain_Substantia_nigra,chr2_24935139_T_C_b38,rs713586,ENSG00000138031.15,ADCY3,109,1.75425953896693e-08,-0.320231884717941,14902
chr2,hsa04540,Gap junction - Homo sapiens (human),Brain_Substantia_nigra,chr2_24935139_T_C_b38,rs713586,ENSG00000138031.15,ADCY3,109,1.75425953896693e-08,-0.320231884717941,14902
chr2,hsa04740,Olfactory transduction - Homo sapiens (human),Brain_Substantia_nigra,chr2_24935139_T_C_b38,rs713586,ENSG00000138031.15,ADCY3,109,1.75425953896693e-08,-0.320231884717941,14902
chr2,hsa04912,GnRH signaling pathway - Homo sapiens (human),Brain_Substantia_nigra,chr2_24935139_T_C_b38,rs713586,ENSG00000138031.15,ADCY3,109,1.75425953896693e-08,-0.320231884717941,14902
chr2,hsa04914,Progesterone-mediated oocyte maturation - Homo sapiens (human),Brain_Substantia_nigra,chr2_24935139_T_C_b38,rs713586,ENSG00000138031.15,ADCY3,109,1.75425953896693e-08,-0.320231884717941,14902
chr2,hsa04916,Melanogenesis - Homo sapiens (human),Brain_Substantia_nigra,chr2_24935139_T_C_b38,rs713586,ENSG00000138031.15,ADCY3,109,1.75425953896693e-08,-0.320231884717941,14902
chr2,hsa04962,Vasopressin-regulated water reabsorption - Homo sapiens (human),Brain_Substantia_nigra,chr2_24935139_T_C_b38,rs713586,ENSG00000138031.15,ADCY3,109,1.75425953896693e-08,-0.320231884717941,14902
chr2,hsa04970,Salivary secretion - Homo sapiens (human),Brain_Substantia_nigra,chr2_24935139_T_C_b38,rs713586,ENSG00000138031.15,ADCY3,109,1.75425953896693e-08,-0.320231884717941,14902
chr2,hsa04971,Gastric acid secretion - Homo sapiens (human),Brain_Substantia_nigra,chr2_24935139_T_C_b38,rs713586,ENSG00000138031.15,ADCY3,109,1.75425953896693e-08,-0.320231884717941,14902
chr2,hsa04972,Pancreatic secretion - Homo sapiens (human),Brain_Substantia_nigra,chr2_24935139_T_C_b38,rs713586,ENSG00000138031.15,ADCY3,109,1.75425953896693e-08,-0.320231884717941,14902
chr2,hsa04976,Bile secretion - Homo sapiens (human),Brain_Substantia_nigra,chr2_24935139_T_C_b38,rs713586,ENSG00000138031.15,ADCY3,109,1.75425953896693e-08,-0.320231884717941,14902
chr2,hsa05110,Vibrio cholerae infection - Homo sapiens (human),Brain_Substantia_nigra,chr2_24935139_T_C_b38,rs713586,ENSG00000138031.15,ADCY3,109,1.75425953896693e-08,-0.320231884717941,14902
chr2,hsa05414,Dilated cardiomyopathy - Homo sapiens (human),Brain_Substantia_nigra,chr2_24935139_T_C_b38,rs713586,ENSG00000138031.15,ADCY3,109,1.75425953896693e-08,-0.320231884717941,14902
chr2,hsa03040,Spliceosome - Homo sapiens (human),Brain_Substantia_nigra,chr2_69897673_T_C_b38,rs6720498,ENSG00000124380.11,SNRNP27,11017,4.12955503743063e-08,-0.30613785982132,3717
chr2,hsa03040,Spliceosome - Homo sapiens (human),Brain_Substantia_nigra,chr2_69905544_A_G_b38,rs1048266,ENSG00000124380.11,SNRNP27,11017,2.78715843431243e-08,-0.314353823661804,11588
chr2,hsa03040,Spliceosome - Homo sapiens (human),Brain_Substantia_nigra,chr2_69906975_A_G_b38,rs10166011,ENSG00000124380.11,SNRNP27,11017,2.78715843431243e-08,-0.314353823661804,13019
chr2,hsa03040,Spliceosome - Homo sapiens (human),Brain_Substantia_nigra,chr2_69908574_G_A_b38,rs6546554,ENSG00000124380.11,SNRNP27,11017,2.78715843431243e-08,-0.314353823661804,14618
chr2,hsa03040,Spliceosome - Homo sapiens (human),Brain_Substantia_nigra,chr2_69908628_A_G_b38,rs6546555,ENSG00000124380.11,SNRNP27,11017,2.26346224421554e-08,-0.314443200826645,14672
chr2,hsa03040,Spliceosome - Homo sapiens (human),Brain_Substantia_nigra,chr2_69910366_G_C_b38,rs1979214,ENSG00000124380.11,SNRNP27,11017,2.26346224421554e-08,-0.314443200826645,16410
chr2,hsa03040,Spliceosome - Homo sapiens (human),Brain_Substantia_nigra,chr2_69910642_C_T_b38,rs6736408,ENSG00000124380.11,SNRNP27,11017,2.78715843431243e-08,-0.314353823661804,16686
chr2,hsa03040,Spliceosome - Homo sapiens (human),Brain_Substantia_nigra,chr2_69910979_G_A_b38,rs6739780,ENSG00000124380.11,SNRNP27,11017,2.78715843431243e-08,-0.314353823661804,17023
chr2,hsa03040,Spliceosome - Homo sapiens (human),Brain_Substantia_nigra,chr2_69911038_T_C_b38,rs6754896,ENSG00000124380.11,SNRNP27,11017,2.78715843431243e-08,-0.314353823661804,17082
chr2,hsa03040,Spliceosome - Homo sapiens (human),Brain_Substantia_nigra,chr2_69911869_A_G_b38,rs6546556,ENSG00000124380.11,SNRNP27,11017,2.78715843431243e-08,-0.314353823661804,17913
chr2,hsa03040,Spliceosome - Homo sapiens (human),Brain_Substantia_nigra,chr2_69912002_C_T_b38,rs7592647,ENSG00000124380.11,SNRNP27,11017,2.26346224421554e-08,-0.314443200826645,18046
chr2,hsa03040,Spliceosome - Homo sapiens (human),Brain_Substantia_nigra,chr2_69913139_C_T_b38,rs897122,ENSG00000124380.11,SNRNP27,11017,2.78715843431243e-08,-0.314353823661804,19183
chr2,hsa03040,Spliceosome - Homo sapiens (human),Brain_Substantia_nigra,chr2_69918585_C_T_b38,rs6546558,ENSG00000124380.11,SNRNP27,11017,4.34143851260648e-08,-0.31002739071846,24629
chr2,hsa03040,Spliceosome - Homo sapiens (human),Brain_Substantia_nigra,chr2_69933900_C_T_b38,rs6729760,ENSG00000124380.11,SNRNP27,11017,4.34143851260648e-08,-0.31002739071846,39944
chr2,hsa03040,Spliceosome - Homo sapiens (human),Brain_Substantia_nigra,chr2_69936302_T_G_b38,rs11126251,ENSG00000124380.11,SNRNP27,11017,4.34143851260648e-08,-0.31002739071846,42346
chr2,hsa03022,Basal transcription factors - Homo sapiens (human),Brain_Substantia_nigra,chr2_48587178_C_T_b38,rs13007591,ENSG00000242441.8,GTF2A1L,11036,7.25250261928707e-15,-0.812808036804199,-30620
chr2,hsa03022,Basal transcription factors - Homo sapiens (human),Brain_Substantia_nigra,chr2_48587777_A_G_b38,rs11888325,ENSG00000242441.8,GTF2A1L,11036,1.32905228407579e-14,-0.79359358549118,-30021
chr2,hsa03022,Basal transcription factors - Homo sapiens (human),Brain_Substantia_nigra,chr2_48588411_C_T_b38,rs7423425,ENSG00000242441.8,GTF2A1L,11036,5.43001984973447e-15,-0.816319942474365,-29387
chr2,hsa03022,Basal transcription factors - Homo sapiens (human),Brain_Substantia_nigra,chr2_48592058_A_G_b38,rs2293276,ENSG00000242441.8,GTF2A1L,11036,1.56035378013052e-12,-0.744471490383148,-25740
chr2,hsa03022,Basal transcription factors - Homo sapiens (human),Brain_Substantia_nigra,chr2_48592552_C_T_b38,rs2204306,ENSG00000242441.8,GTF2A1L,11036,5.57459685718561e-16,-0.780465483665466,-25246
chr2,hsa03022,Basal transcription factors - Homo sapiens (human),Brain_Substantia_nigra,chr2_48594802_A_G_b38,rs10865231,ENSG00000242441.8,GTF2A1L,11036,1.21837805915969e-12,-0.756951928138733,-22996
chr2,hsa03022,Basal transcription factors - Homo sapiens (human),Brain_Substantia_nigra,chr2_48595242_G_A_b38,rs2140551,ENSG00000242441.8,GTF2A1L,11036,5.42497217550327e-33,0.938989818096161,-22556
chr2,hsa03022,Basal transcription factors - Homo sapiens (human),Brain_Substantia_nigra,chr2_48605365_A_G_b38,rs2882085,ENSG00000242441.8,GTF2A1L,11036,9.42220591666929e-09,0.593104004859924,-12433
chr2,hsa03022,Basal transcription factors - Homo sapiens (human),Brain_Substantia_nigra,chr2_48608400_T_G_b38,rs4953598,ENSG00000242441.8,GTF2A1L,11036,6.73701715062051e-10,0.606915295124054,-9398
chr2,hsa03022,Basal transcription factors - Homo sapiens (human),Brain_Substantia_nigra,chr2_48656517_C_T_b38,rs66530776,ENSG00000242441.8,GTF2A1L,11036,1.27670617439379e-09,0.693373799324036,38719
chr2,hsa03022,Basal transcription factors - Homo sapiens (human),Brain_Substantia_nigra,chr2_48697682_A_T_b38,rs1949778,ENSG00000242441.8,GTF2A1L,11036,9.60327206482333e-10,0.667654693126679,79884
chr2,hsa00511,Other glycan degradation - Homo sapiens (human),Brain_Substantia_nigra,chr2_241809885_C_T_b38,rs34334067,ENSG00000204099.12,NEU4,129807,4.99492007337896e-08,-0.265948891639709,78
chr2,hsa00600,Sphingolipid metabolism - Homo sapiens (human),Brain_Substantia_nigra,chr2_241809885_C_T_b38,rs34334067,ENSG00000204099.12,NEU4,129807,4.99492007337896e-08,-0.265948891639709,78
chr2,hsa04740,Olfactory transduction - Homo sapiens (human),Brain_Substantia_nigra,chr2_240057471_G_T_b38,rs113499506,ENSG00000178586.6,OR6B3,150681,2.01280192982148e-09,2.37679576873779,10444
chr2,hsa04740,Olfactory transduction - Homo sapiens (human),Brain_Substantia_nigra,chr2_240057659_C_G_b38,rs112713611,ENSG00000178586.6,OR6B3,150681,2.01280192982148e-09,2.37679576873779,10632
chr2,hsa04740,Olfactory transduction - Homo sapiens (human),Brain_Substantia_nigra,chr2_240058976_T_G_b38,rs11893745,ENSG00000178586.6,OR6B3,150681,2.01280192982148e-09,2.37679576873779,11949
chr2,hsa03420,Nucleotide excision repair - Homo sapiens (human),Brain_Substantia_nigra,chr2_127204917_T_C_b38,rs7585314,ENSG00000163161.14,ERCC3,2071,3.09009447896726e-08,0.339977949857712,-89249
chr2,hsa03420,Nucleotide excision repair - Homo sapiens (human),Brain_Substantia_nigra,chr2_127212809_T_C_b38,rs2404531,ENSG00000163161.14,ERCC3,2071,1.21795365399168e-09,0.358020633459091,-81357
chr2,hsa03420,Nucleotide excision repair - Homo sapiens (human),Brain_Substantia_nigra,chr2_127214237_A_C_b38,rs13017099,ENSG00000163161.14,ERCC3,2071,2.51593706240744e-10,0.369250684976578,-79929
chr2,hsa03420,Nucleotide excision repair - Homo sapiens (human),Brain_Substantia_nigra,chr2_127214866_C_T_b38,rs2404532,ENSG00000163161.14,ERCC3,2071,6.27736717786842e-09,0.346185773611069,-79300
chr2,hsa03420,Nucleotide excision repair - Homo sapiens (human),Brain_Substantia_nigra,chr2_127218798_A_C_b38,rs6710496,ENSG00000163161.14,ERCC3,2071,2.9012356899098e-09,0.356709033250809,-75368
chr2,hsa03420,Nucleotide excision repair - Homo sapiens (human),Brain_Substantia_nigra,chr2_127219542_T_C_b38,rs1504136,ENSG00000163161.14,ERCC3,2071,5.92579084428502e-10,0.368868440389633,-74624
chr2,hsa03420,Nucleotide excision repair - Homo sapiens (human),Brain_Substantia_nigra,chr2_127225069_A_T_b38,rs7567389,ENSG00000163161.14,ERCC3,2071,3.1623812935089e-11,0.389194875955582,-69097
chr2,hsa03420,Nucleotide excision repair - Homo sapiens (human),Brain_Substantia_nigra,chr2_127232601_T_G_b38,rs12105051,ENSG00000163161.14,ERCC3,2071,4.37535182195165e-08,0.325157701969147,-61565
chr2,hsa03420,Nucleotide excision repair - Homo sapiens (human),Brain_Substantia_nigra,chr2_127233594_T_C_b38,rs6731332,ENSG00000163161.14,ERCC3,2071,1.93618171217047e-11,0.413920938968658,-60572
chr2,hsa03420,Nucleotide excision repair - Homo sapiens (human),Brain_Substantia_nigra,chr2_127235149_T_C_b38,rs6738690,ENSG00000163161.14,ERCC3,2071,1.93618171217047e-11,0.413920938968658,-59017
chr2,hsa03420,Nucleotide excision repair - Homo sapiens (human),Brain_Substantia_nigra,chr2_127236527_C_T_b38,rs4662713,ENSG00000163161.14,ERCC3,2071,2.60328214033847e-11,0.410135298967361,-57639
chr2,hsa03420,Nucleotide excision repair - Homo sapiens (human),Brain_Substantia_nigra,chr2_127236616_T_C_b38,rs6430933,ENSG00000163161.14,ERCC3,2071,2.603298116924e-11,0.410135239362717,-57550
chr2,hsa03420,Nucleotide excision repair - Homo sapiens (human),Brain_Substantia_nigra,chr2_127237756_G_A_b38,rs6757492,ENSG00000163161.14,ERCC3,2071,4.37536212463261e-08,0.325157672166824,-56410
chr2,hsa03420,Nucleotide excision repair - Homo sapiens (human),Brain_Substantia_nigra,chr2_127238413_C_A_b38,rs6733478,ENSG00000163161.14,ERCC3,2071,2.60328214033847e-11,0.410135298967361,-55753
chr2,hsa03420,Nucleotide excision repair - Homo sapiens (human),Brain_Substantia_nigra,chr2_127243257_T_C_b38,rs6430934,ENSG00000163161.14,ERCC3,2071,1.22674148740781e-09,0.34703865647316,-50909
chr2,hsa03420,Nucleotide excision repair - Homo sapiens (human),Brain_Substantia_nigra,chr2_127245675_C_T_b38,rs1504135,ENSG00000163161.14,ERCC3,2071,1.93618171217047e-11,0.413920938968658,-48491
chr2,hsa03420,Nucleotide excision repair - Homo sapiens (human),Brain_Substantia_nigra,chr2_127246469_C_G_b38,rs6744237,ENSG00000163161.14,ERCC3,2071,1.93618171217047e-11,0.413920938968658,-47697
chr2,hsa03420,Nucleotide excision repair - Homo sapiens (human),Brain_Substantia_nigra,chr2_127250110_A_C_b38,rs6430936,ENSG00000163161.14,ERCC3,2071,2.60328214033847e-11,0.410135298967361,-44056
chr2,hsa03420,Nucleotide excision repair - Homo sapiens (human),Brain_Substantia_nigra,chr2_127252515_A_G_b38,rs7556756,ENSG00000163161.14,ERCC3,2071,1.93618171217047e-11,0.413920938968658,-41651
chr2,hsa03420,Nucleotide excision repair - Homo sapiens (human),Brain_Substantia_nigra,chr2_127253231_A_G_b38,rs4662716,ENSG00000163161.14,ERCC3,2071,4.47243223070747e-08,0.325791209936142,-40935
chr2,hsa03420,Nucleotide excision repair - Homo sapiens (human),Brain_Substantia_nigra,chr2_127257791_C_T_b38,rs4662718,ENSG00000163161.14,ERCC3,2071,1.79672195717266e-10,0.386566638946533,-36375
chr2,hsa03420,Nucleotide excision repair - Homo sapiens (human),Brain_Substantia_nigra,chr2_127268173_G_C_b38,rs2404534,ENSG00000163161.14,ERCC3,2071,1.22271333969289e-08,0.330913633108139,-25993
chr2,hsa03420,Nucleotide excision repair - Homo sapiens (human),Brain_Substantia_nigra,chr2_127269672_G_C_b38,rs62157508,ENSG00000163161.14,ERCC3,2071,1.35728274855456e-12,0.429089546203613,-24494
chr2,hsa03420,Nucleotide excision repair - Homo sapiens (human),Brain_Substantia_nigra,chr2_127271216_T_C_b38,rs4150499,ENSG00000163161.14,ERCC3,2071,2.6250912392037e-12,0.424146443605423,-22950
chr2,hsa03420,Nucleotide excision repair - Homo sapiens (human),Brain_Substantia_nigra,chr2_127275246_A_T_b38,rs4150476,ENSG00000163161.14,ERCC3,2071,1.97569688661811e-12,0.427436351776123,-18920
chr2,hsa03420,Nucleotide excision repair - Homo sapiens (human),Brain_Substantia_nigra,chr2_127275751_C_A_b38,rs4150474,ENSG00000163161.14,ERCC3,2071,5.20394906618586e-11,0.398655474185944,-18415
chr2,hsa03420,Nucleotide excision repair - Homo sapiens (human),Brain_Substantia_nigra,chr2_127276771_G_GA_b38,rs4150472,ENSG00000163161.14,ERCC3,2071,1.97569688661811e-12,0.427436351776123,-17395
chr2,hsa03420,Nucleotide excision repair - Homo sapiens (human),Brain_Substantia_nigra,chr2_127276963_A_G_b38,rs4150471,ENSG00000163161.14,ERCC3,2071,1.97569688661811e-12,0.427436351776123,-17203
chr2,hsa03420,Nucleotide excision repair - Homo sapiens (human),Brain_Substantia_nigra,chr2_127279984_A_G_b38,rs1011019,ENSG00000163161.14,ERCC3,2071,1.97569688661811e-12,0.427436351776123,-14182
chr2,hsa03420,Nucleotide excision repair - Homo sapiens (human),Brain_Substantia_nigra,chr2_127285776_T_A_b38,rs4662719,ENSG00000163161.14,ERCC3,2071,1.97569688661811e-12,0.427436351776123,-8390
chr2,hsa03420,Nucleotide excision repair - Homo sapiens (human),Brain_Substantia_nigra,chr2_127287354_A_G_b38,rs4150421,ENSG00000163161.14,ERCC3,2071,1.97569688661811e-12,0.427436351776123,-6812
chr2,hsa03420,Nucleotide excision repair - Homo sapiens (human),Brain_Substantia_nigra,chr2_127288972_C_A_b38,rs4150416,ENSG00000163161.14,ERCC3,2071,2.03058226112374e-10,0.352423459291458,-5194
chr2,hsa03420,Nucleotide excision repair - Homo sapiens (human),Brain_Substantia_nigra,chr2_127292424_A_G_b38,rs4150404,ENSG00000163161.14,ERCC3,2071,7.33558237040749e-12,0.418844640254974,-1742
chr2,hsa03420,Nucleotide excision repair - Homo sapiens (human),Brain_Substantia_nigra,chr2_127292558_T_C_b38,rs4150402,ENSG00000163161.14,ERCC3,2071,1.97569688661811e-12,0.427436351776123,-1608
chr2,hsa03420,Nucleotide excision repair - Homo sapiens (human),Brain_Substantia_nigra,chr2_127296171_C_T_b38,rs7556675,ENSG00000163161.14,ERCC3,2071,1.97569688661811e-12,0.427436351776123,2005
chr2,hsa03420,Nucleotide excision repair - Homo sapiens (human),Brain_Substantia_nigra,chr2_127298391_G_A_b38,rs7590030,ENSG00000163161.14,ERCC3,2071,1.22271333969289e-08,0.330913633108139,4225
chr2,hsa03420,Nucleotide excision repair - Homo sapiens (human),Brain_Substantia_nigra,chr2_127306369_T_C_b38,rs10850,ENSG00000163161.14,ERCC3,2071,1.23983928119702e-12,0.423844039440155,12203
chr2,hsa03420,Nucleotide excision repair - Homo sapiens (human),Brain_Substantia_nigra,chr2_127319031_T_C_b38,rs4662720,ENSG00000163161.14,ERCC3,2071,1.97569688661811e-12,0.427436351776123,24865
chr2,hsa03420,Nucleotide excision repair - Homo sapiens (human),Brain_Substantia_nigra,chr2_127322230_A_G_b38,rs3732209,ENSG00000163161.14,ERCC3,2071,1.22271333969289e-08,-0.330913633108139,28064
chr2,hsa03420,Nucleotide excision repair - Homo sapiens (human),Brain_Substantia_nigra,chr2_127328698_C_T_b38,rs72845975,ENSG00000163161.14,ERCC3,2071,2.6250912392037e-12,-0.424146443605423,34532
chr2,hsa03420,Nucleotide excision repair - Homo sapiens (human),Brain_Substantia_nigra,chr2_127328864_T_A_b38,rs72845976,ENSG00000163161.14,ERCC3,2071,2.6250912392037e-12,-0.424146443605423,34698
chr2,hsa03420,Nucleotide excision repair - Homo sapiens (human),Brain_Substantia_nigra,chr2_127329443_G_A_b38,rs2896979,ENSG00000163161.14,ERCC3,2071,1.97568376700194e-12,-0.427436470985413,35277
chr2,hsa03420,Nucleotide excision repair - Homo sapiens (human),Brain_Substantia_nigra,chr2_127329522_A_G_b38,rs3958415,ENSG00000163161.14,ERCC3,2071,1.97568376700194e-12,-0.427436470985413,35356
chr2,hsa03420,Nucleotide excision repair - Homo sapiens (human),Brain_Substantia_nigra,chr2_127330075_C_T_b38,rs61422716,ENSG00000163161.14,ERCC3,2071,1.97568376700194e-12,-0.427436470985413,35909
chr2,hsa03420,Nucleotide excision repair - Homo sapiens (human),Brain_Substantia_nigra,chr2_127332568_G_T_b38,rs10496661,ENSG00000163161.14,ERCC3,2071,1.97568376700194e-12,-0.427436470985413,38402
chr2,hsa03420,Nucleotide excision repair - Homo sapiens (human),Brain_Substantia_nigra,chr2_127332874_A_G_b38,rs11680877,ENSG00000163161.14,ERCC3,2071,1.97568376700194e-12,-0.427436470985413,38708
chr2,hsa03420,Nucleotide excision repair - Homo sapiens (human),Brain_Substantia_nigra,chr2_127338012_T_C_b38,rs56273408,ENSG00000163161.14,ERCC3,2071,7.0342730276541e-10,-0.343331068754196,43846
chr2,hsa03420,Nucleotide excision repair - Homo sapiens (human),Brain_Substantia_nigra,chr2_127338178_C_A_b38,rs72845979,ENSG00000163161.14,ERCC3,2071,1.22271333969289e-08,-0.330913633108139,44012
chr2,hsa03420,Nucleotide excision repair - Homo sapiens (human),Brain_Substantia_nigra,chr2_127340994_G_A_b38,rs72845982,ENSG00000163161.14,ERCC3,2071,1.22271333969289e-08,-0.330913633108139,46828
chr2,hsa03420,Nucleotide excision repair - Homo sapiens (human),Brain_Substantia_nigra,chr2_127342333_GAA_G_b38,rs56282236,ENSG00000163161.14,ERCC3,2071,1.97568376700194e-12,-0.427436470985413,48167
chr2,hsa03420,Nucleotide excision repair - Homo sapiens (human),Brain_Substantia_nigra,chr2_127350331_A_G_b38,rs72845991,ENSG00000163161.14,ERCC3,2071,2.92290053218678e-12,-0.423864841461182,56165
chr2,hsa03420,Nucleotide excision repair - Homo sapiens (human),Brain_Substantia_nigra,chr2_127351025_T_C_b38,rs72845993,ENSG00000163161.14,ERCC3,2071,7.0660629215923e-11,-0.395855337381363,56859
chr2,hsa03420,Nucleotide excision repair - Homo sapiens (human),Brain_Substantia_nigra,chr2_127352506_T_C_b38,rs72845997,ENSG00000163161.14,ERCC3,2071,2.52316635803612e-10,-0.383029192686081,58340
chr2,hsa03420,Nucleotide excision repair - Homo sapiens (human),Brain_Substantia_nigra,chr2_127354075_A_C_b38,rs7562428,ENSG00000163161.14,ERCC3,2071,1.44789300082531e-11,-0.406469523906708,59909
chr2,hsa03420,Nucleotide excision repair - Homo sapiens (human),Brain_Substantia_nigra,chr2_127354614_C_T_b38,rs11692990,ENSG00000163161.14,ERCC3,2071,2.92290053218678e-12,-0.423864841461182,60448
chr2,hsa03420,Nucleotide excision repair - Homo sapiens (human),Brain_Substantia_nigra,chr2_127360571_G_A_b38,rs72846002,ENSG00000163161.14,ERCC3,2071,1.97568376700194e-12,-0.427436470985413,66405
chr2,hsa03420,Nucleotide excision repair - Homo sapiens (human),Brain_Substantia_nigra,chr2_127362270_T_C_b38,rs55998444,ENSG00000163161.14,ERCC3,2071,2.07060423746055e-09,-0.333219856023788,68104
chr2,hsa03420,Nucleotide excision repair - Homo sapiens (human),Brain_Substantia_nigra,chr2_127362542_G_C_b38,rs72848604,ENSG00000163161.14,ERCC3,2071,1.97569688661811e-12,-0.427436411380768,68376
chr2,hsa03420,Nucleotide excision repair - Homo sapiens (human),Brain_Substantia_nigra,chr2_127365986_C_G_b38,rs11680949,ENSG00000163161.14,ERCC3,2071,1.97568376700194e-12,-0.427436470985413,71820
chr2,hsa03420,Nucleotide excision repair - Homo sapiens (human),Brain_Substantia_nigra,chr2_127366310_G_C_b38,rs11691916,ENSG00000163161.14,ERCC3,2071,1.97569688661811e-12,-0.427436411380768,72144
chr2,hsa03420,Nucleotide excision repair - Homo sapiens (human),Brain_Substantia_nigra,chr2_127368478_C_A_b38,rs59378658,ENSG00000163161.14,ERCC3,2071,1.97568376700194e-12,-0.427436470985413,74312
chr2,hsa03420,Nucleotide excision repair - Homo sapiens (human),Brain_Substantia_nigra,chr2_127374277_A_G_b38,rs11691088,ENSG00000163161.14,ERCC3,2071,1.22271333969289e-08,-0.330913633108139,80111
chr2,hsa03420,Nucleotide excision repair - Homo sapiens (human),Brain_Substantia_nigra,chr2_127375033_T_C_b38,rs111482043,ENSG00000163161.14,ERCC3,2071,1.79704819559737e-10,-0.387288928031921,80867
chr2,hsa03420,Nucleotide excision repair - Homo sapiens (human),Brain_Substantia_nigra,chr2_127376022_T_A_b38,rs72848615,ENSG00000163161.14,ERCC3,2071,1.97568376700194e-12,-0.427436470985413,81856
chr2,hsa03420,Nucleotide excision repair - Homo sapiens (human),Brain_Substantia_nigra,chr2_127377521_T_C_b38,rs72848616,ENSG00000163161.14,ERCC3,2071,5.20394906618586e-11,-0.398655474185944,83355
chr2,hsa03420,Nucleotide excision repair - Homo sapiens (human),Brain_Substantia_nigra,chr2_127377749_A_C_b38,rs72848618,ENSG00000163161.14,ERCC3,2071,5.20394906618586e-11,-0.398655474185944,83583
chr2,hsa03420,Nucleotide excision repair - Homo sapiens (human),Brain_Substantia_nigra,chr2_127382924_T_G_b38,rs1518760,ENSG00000163161.14,ERCC3,2071,7.0342730276541e-10,-0.343331068754196,88758
chr2,hsa03420,Nucleotide excision repair - Homo sapiens (human),Brain_Substantia_nigra,chr2_127385099_GGACT_G_b38,rs35629372,ENSG00000163161.14,ERCC3,2071,1.97568376700194e-12,-0.427436470985413,90933
chr2,hsa03420,Nucleotide excision repair - Homo sapiens (human),Brain_Substantia_nigra,chr2_127385759_AG_A_b38,rs140290098,ENSG00000163161.14,ERCC3,2071,1.97569688661811e-12,-0.427436411380768,91593
chr2,hsa03420,Nucleotide excision repair - Homo sapiens (human),Brain_Substantia_nigra,chr2_127386710_T_C_b38,rs7607907,ENSG00000163161.14,ERCC3,2071,1.79704301676248e-10,-0.387288957834244,92544
chr2,hsa03420,Nucleotide excision repair - Homo sapiens (human),Brain_Substantia_nigra,chr2_127388195_C_T_b38,rs11541137,ENSG00000163161.14,ERCC3,2071,1.97568376700194e-12,-0.427436470985413,94029
chr2,hsa03420,Nucleotide excision repair - Homo sapiens (human),Brain_Substantia_nigra,chr2_127393427_G_A_b38,rs11679414,ENSG00000163161.14,ERCC3,2071,1.22271333969289e-08,-0.330913633108139,99261
chr2,hsa03420,Nucleotide excision repair - Homo sapiens (human),Brain_Substantia_nigra,chr2_127396179_G_A_b38,rs111573315,ENSG00000163161.14,ERCC3,2071,1.22271333969289e-08,-0.330913633108139,102013
chr2,hsa03320,PPAR signaling pathway - Homo sapiens (human),Brain_Substantia_nigra,chr2_88129052_C_T_b38,rs2919872,ENSG00000163586.10,FABP1,2168,6.48965095984777e-18,-0.728999316692352,990
chr2,hsa04975,Fat digestion and absorption - Homo sapiens (human),Brain_Substantia_nigra,chr2_88129052_C_T_b38,rs2919872,ENSG00000163586.10,FABP1,2168,6.48965095984777e-18,-0.728999316692352,990
chr2,hsa03320,PPAR signaling pathway - Homo sapiens (human),Brain_Substantia_nigra,chr2_88129315_G_T_b38,rs2970901,ENSG00000163586.10,FABP1,2168,3.38295305265334e-18,-0.737407326698303,1253
chr2,hsa04975,Fat digestion and absorption - Homo sapiens (human),Brain_Substantia_nigra,chr2_88129315_G_T_b38,rs2970901,ENSG00000163586.10,FABP1,2168,3.38295305265334e-18,-0.737407326698303,1253
chr2,hsa03320,PPAR signaling pathway - Homo sapiens (human),Brain_Substantia_nigra,chr2_88129664_G_C_b38,rs2970902,ENSG00000163586.10,FABP1,2168,4.77950162728505e-11,-0.596460223197937,1602
chr2,hsa04975,Fat digestion and absorption - Homo sapiens (human),Brain_Substantia_nigra,chr2_88129664_G_C_b38,rs2970902,ENSG00000163586.10,FABP1,2168,4.77950162728505e-11,-0.596460223197937,1602
chr2,hsa03320,PPAR signaling pathway - Homo sapiens (human),Brain_Substantia_nigra,chr2_88130326_GGAGAGAGAGGAATGTGGCAGGCAGGCAGGAGAGAGGCCACCAAGAGGGCATGGGGTGATGGGTCACTGAGATACCCCCAGTGACCGCAAGGCAAGAA_G_b38,rs1558867734,ENSG00000163586.10,FABP1,2168,6.71530103269494e-11,-0.594905257225037,2264
chr2,hsa04975,Fat digestion and absorption - Homo sapiens (human),Brain_Substantia_nigra,chr2_88130326_GGAGAGAGAGGAATGTGGCAGGCAGGCAGGAGAGAGGCCACCAAGAGGGCATGGGGTGATGGGTCACTGAGATACCCCCAGTGACCGCAAGGCAAGAA_G_b38,rs1558867734,ENSG00000163586.10,FABP1,2168,6.71530103269494e-11,-0.594905257225037,2264
chr2,hsa03320,PPAR signaling pathway - Homo sapiens (human),Brain_Substantia_nigra,chr2_88132875_G_T_b38,rs12470985,ENSG00000163586.10,FABP1,2168,8.15377948697003e-11,-0.591224491596222,4813
chr2,hsa04975,Fat digestion and absorption - Homo sapiens (human),Brain_Substantia_nigra,chr2_88132875_G_T_b38,rs12470985,ENSG00000163586.10,FABP1,2168,8.15377948697003e-11,-0.591224491596222,4813
chr2,hsa03320,PPAR signaling pathway - Homo sapiens (human),Brain_Substantia_nigra,chr2_88134360_CT_C_b38,rs34798729,ENSG00000163586.10,FABP1,2168,4.60061804327278e-12,-0.624211013317108,6298
chr2,hsa04975,Fat digestion and absorption - Homo sapiens (human),Brain_Substantia_nigra,chr2_88134360_CT_C_b38,rs34798729,ENSG00000163586.10,FABP1,2168,4.60061804327278e-12,-0.624211013317108,6298
chr2,hsa03320,PPAR signaling pathway - Homo sapiens (human),Brain_Substantia_nigra,chr2_88135217_A_C_b38,rs35103143,ENSG00000163586.10,FABP1,2168,4.60058825566087e-12,-0.624211072921753,7155
chr2,hsa04975,Fat digestion and absorption - Homo sapiens (human),Brain_Substantia_nigra,chr2_88135217_A_C_b38,rs35103143,ENSG00000163586.10,FABP1,2168,4.60058825566087e-12,-0.624211072921753,7155
chr2,hsa03320,PPAR signaling pathway - Homo sapiens (human),Brain_Substantia_nigra,chr2_88136482_G_A_b38,rs6735524,ENSG00000163586.10,FABP1,2168,7.20535931004932e-19,-0.746245443820953,8420
chr2,hsa04975,Fat digestion and absorption - Homo sapiens (human),Brain_Substantia_nigra,chr2_88136482_G_A_b38,rs6735524,ENSG00000163586.10,FABP1,2168,7.20535931004932e-19,-0.746245443820953,8420
chr2,hsa03320,PPAR signaling pathway - Homo sapiens (human),Brain_Substantia_nigra,chr2_88138531_C_A_b38,rs4246598,ENSG00000163586.10,FABP1,2168,1.04969419669168e-18,-0.737770020961762,10469
chr2,hsa04975,Fat digestion and absorption - Homo sapiens (human),Brain_Substantia_nigra,chr2_88138531_C_A_b38,rs4246598,ENSG00000163586.10,FABP1,2168,1.04969419669168e-18,-0.737770020961762,10469
chr2,hsa03320,PPAR signaling pathway - Homo sapiens (human),Brain_Substantia_nigra,chr2_88138707_C_A_b38,rs4281907,ENSG00000163586.10,FABP1,2168,2.16006163696704e-18,-0.742994427680969,10645
chr2,hsa04975,Fat digestion and absorption - Homo sapiens (human),Brain_Substantia_nigra,chr2_88138707_C_A_b38,rs4281907,ENSG00000163586.10,FABP1,2168,2.16006163696704e-18,-0.742994427680969,10645
chr2,hsa03320,PPAR signaling pathway - Homo sapiens (human),Brain_Substantia_nigra,chr2_88140038_A_C_b38,rs4410295,ENSG00000163586.10,FABP1,2168,4.60061804327278e-12,-0.624211013317108,11976
chr2,hsa04975,Fat digestion and absorption - Homo sapiens (human),Brain_Substantia_nigra,chr2_88140038_A_C_b38,rs4410295,ENSG00000163586.10,FABP1,2168,4.60061804327278e-12,-0.624211013317108,11976
chr2,hsa03320,PPAR signaling pathway - Homo sapiens (human),Brain_Substantia_nigra,chr2_88144359_T_C_b38,rs17350803,ENSG00000163586.10,FABP1,2168,4.77364247654462e-13,0.867838382720947,16297
chr2,hsa04975,Fat digestion and absorption - Homo sapiens (human),Brain_Substantia_nigra,chr2_88144359_T_C_b38,rs17350803,ENSG00000163586.10,FABP1,2168,4.77364247654462e-13,0.867838382720947,16297
chr2,hsa03320,PPAR signaling pathway - Homo sapiens (human),Brain_Substantia_nigra,chr2_88144961_C_T_b38,rs4325755,ENSG00000163586.10,FABP1,2168,3.19911596082898e-12,-0.626319229602814,16899
chr2,hsa04975,Fat digestion and absorption - Homo sapiens (human),Brain_Substantia_nigra,chr2_88144961_C_T_b38,rs4325755,ENSG00000163586.10,FABP1,2168,3.19911596082898e-12,-0.626319229602814,16899
chr2,hsa03320,PPAR signaling pathway - Homo sapiens (human),Brain_Substantia_nigra,chr2_88146571_C_T_b38,rs12464660,ENSG00000163586.10,FABP1,2168,3.19911596082898e-12,-0.626319229602814,18509
chr2,hsa04975,Fat digestion and absorption - Homo sapiens (human),Brain_Substantia_nigra,chr2_88146571_C_T_b38,rs12464660,ENSG00000163586.10,FABP1,2168,3.19911596082898e-12,-0.626319229602814,18509
chr2,hsa03320,PPAR signaling pathway - Homo sapiens (human),Brain_Substantia_nigra,chr2_88147707_G_A_b38,rs55978072,ENSG00000163586.10,FABP1,2168,8.94670574133386e-13,0.849286437034607,19645
chr2,hsa04975,Fat digestion and absorption - Homo sapiens (human),Brain_Substantia_nigra,chr2_88147707_G_A_b38,rs55978072,ENSG00000163586.10,FABP1,2168,8.94670574133386e-13,0.849286437034607,19645
chr2,hsa03320,PPAR signaling pathway - Homo sapiens (human),Brain_Substantia_nigra,chr2_88150444_G_A_b38,rs6749235,ENSG00000163586.10,FABP1,2168,4.83944420069056e-11,0.966020464897156,22382
chr2,hsa04975,Fat digestion and absorption - Homo sapiens (human),Brain_Substantia_nigra,chr2_88150444_G_A_b38,rs6749235,ENSG00000163586.10,FABP1,2168,4.83944420069056e-11,0.966020464897156,22382
chr2,hsa03320,PPAR signaling pathway - Homo sapiens (human),Brain_Substantia_nigra,chr2_88151161_C_T_b38,rs56175123,ENSG00000163586.10,FABP1,2168,4.25557730191356e-08,0.711876630783081,23099
chr2,hsa04975,Fat digestion and absorption - Homo sapiens (human),Brain_Substantia_nigra,chr2_88151161_C_T_b38,rs56175123,ENSG00000163586.10,FABP1,2168,4.25557730191356e-08,0.711876630783081,23099
chr2,hsa03320,PPAR signaling pathway - Homo sapiens (human),Brain_Substantia_nigra,chr2_88152371_CA_C_b38,rs35124688,ENSG00000163586.10,FABP1,2168,3.19911596082898e-12,-0.626319229602814,24309
chr2,hsa04975,Fat digestion and absorption - Homo sapiens (human),Brain_Substantia_nigra,chr2_88152371_CA_C_b38,rs35124688,ENSG00000163586.10,FABP1,2168,3.19911596082898e-12,-0.626319229602814,24309
chr2,hsa03320,PPAR signaling pathway - Homo sapiens (human),Brain_Substantia_nigra,chr2_88155683_A_G_b38,rs56254765,ENSG00000163586.10,FABP1,2168,8.94670574133386e-13,0.849286437034607,27621
chr2,hsa04975,Fat digestion and absorption - Homo sapiens (human),Brain_Substantia_nigra,chr2_88155683_A_G_b38,rs56254765,ENSG00000163586.10,FABP1,2168,8.94670574133386e-13,0.849286437034607,27621
chr2,hsa03320,PPAR signaling pathway - Homo sapiens (human),Brain_Substantia_nigra,chr2_88158162_T_A_b38,rs12994824,ENSG00000163586.10,FABP1,2168,4.60061804327278e-12,-0.624211013317108,30100
chr2,hsa04975,Fat digestion and absorption - Homo sapiens (human),Brain_Substantia_nigra,chr2_88158162_T_A_b38,rs12994824,ENSG00000163586.10,FABP1,2168,4.60061804327278e-12,-0.624211013317108,30100
chr2,hsa03320,PPAR signaling pathway - Homo sapiens (human),Brain_Substantia_nigra,chr2_88159924_T_C_b38,rs62157011,ENSG00000163586.10,FABP1,2168,8.94670574133386e-13,0.849286437034607,31862
chr2,hsa04975,Fat digestion and absorption - Homo sapiens (human),Brain_Substantia_nigra,chr2_88159924_T_C_b38,rs62157011,ENSG00000163586.10,FABP1,2168,8.94670574133386e-13,0.849286437034607,31862
chr2,hsa03320,PPAR signaling pathway - Homo sapiens (human),Brain_Substantia_nigra,chr2_88160880_T_C_b38,rs13010480,ENSG00000163586.10,FABP1,2168,3.19913690194431e-12,-0.626319169998169,32818
chr2,hsa04975,Fat digestion and absorption - Homo sapiens (human),Brain_Substantia_nigra,chr2_88160880_T_C_b38,rs13010480,ENSG00000163586.10,FABP1,2168,3.19913690194431e-12,-0.626319169998169,32818
chr2,hsa03320,PPAR signaling pathway - Homo sapiens (human),Brain_Substantia_nigra,chr2_88161470_C_T_b38,rs7425197,ENSG00000163586.10,FABP1,2168,3.19911596082898e-12,-0.626319229602814,33408
chr2,hsa04975,Fat digestion and absorption - Homo sapiens (human),Brain_Substantia_nigra,chr2_88161470_C_T_b38,rs7425197,ENSG00000163586.10,FABP1,2168,3.19911596082898e-12,-0.626319229602814,33408
chr2,hsa03320,PPAR signaling pathway - Homo sapiens (human),Brain_Substantia_nigra,chr2_88162680_G_A_b38,rs56272858,ENSG00000163586.10,FABP1,2168,8.94670574133386e-13,0.849286437034607,34618
chr2,hsa04975,Fat digestion and absorption - Homo sapiens (human),Brain_Substantia_nigra,chr2_88162680_G_A_b38,rs56272858,ENSG00000163586.10,FABP1,2168,8.94670574133386e-13,0.849286437034607,34618
chr2,hsa03320,PPAR signaling pathway - Homo sapiens (human),Brain_Substantia_nigra,chr2_88162833_A_G_b38,rs56041946,ENSG00000163586.10,FABP1,2168,8.94664493365272e-13,0.849286556243897,34771
chr2,hsa04975,Fat digestion and absorption - Homo sapiens (human),Brain_Substantia_nigra,chr2_88162833_A_G_b38,rs56041946,ENSG00000163586.10,FABP1,2168,8.94664493365272e-13,0.849286556243897,34771
chr2,hsa03320,PPAR signaling pathway - Homo sapiens (human),Brain_Substantia_nigra,chr2_88167556_G_A_b38,rs62157016,ENSG00000163586.10,FABP1,2168,8.94664493365272e-13,0.849286556243897,39494
chr2,hsa04975,Fat digestion and absorption - Homo sapiens (human),Brain_Substantia_nigra,chr2_88167556_G_A_b38,rs62157016,ENSG00000163586.10,FABP1,2168,8.94664493365272e-13,0.849286556243897,39494
chr2,hsa03320,PPAR signaling pathway - Homo sapiens (human),Brain_Substantia_nigra,chr2_88170168_G_A_b38,rs11293189,ENSG00000163586.10,FABP1,2168,4.92340283101492e-08,0.502115607261658,42106
chr2,hsa04975,Fat digestion and absorption - Homo sapiens (human),Brain_Substantia_nigra,chr2_88170168_G_A_b38,rs11293189,ENSG00000163586.10,FABP1,2168,4.92340283101492e-08,0.502115607261658,42106
chr2,hsa03320,PPAR signaling pathway - Homo sapiens (human),Brain_Substantia_nigra,chr2_88170372_G_T_b38,rs116594156,ENSG00000163586.10,FABP1,2168,4.83944420069056e-11,0.966020464897156,42310
chr2,hsa04975,Fat digestion and absorption - Homo sapiens (human),Brain_Substantia_nigra,chr2_88170372_G_T_b38,rs116594156,ENSG00000163586.10,FABP1,2168,4.83944420069056e-11,0.966020464897156,42310
chr2,hsa03320,PPAR signaling pathway - Homo sapiens (human),Brain_Substantia_nigra,chr2_88170851_TG_T_b38,rs34799993,ENSG00000163586.10,FABP1,2168,4.22394561624911e-12,-0.629481554031372,42789
chr2,hsa04975,Fat digestion and absorption - Homo sapiens (human),Brain_Substantia_nigra,chr2_88170851_TG_T_b38,rs34799993,ENSG00000163586.10,FABP1,2168,4.22394561624911e-12,-0.629481554031372,42789
chr2,hsa03320,PPAR signaling pathway - Homo sapiens (human),Brain_Substantia_nigra,chr2_88172375_G_T_b38,rs56052430,ENSG00000163586.10,FABP1,2168,7.83384181322343e-12,0.810927033424377,44313
chr2,hsa04975,Fat digestion and absorption - Homo sapiens (human),Brain_Substantia_nigra,chr2_88172375_G_T_b38,rs56052430,ENSG00000163586.10,FABP1,2168,7.83384181322343e-12,0.810927033424377,44313
chr2,hsa03320,PPAR signaling pathway - Homo sapiens (human),Brain_Substantia_nigra,chr2_88172622_G_A_b38,rs56033561,ENSG00000163586.10,FABP1,2168,1.72090003430582e-11,0.816012680530548,44560
chr2,hsa04975,Fat digestion and absorption - Homo sapiens (human),Brain_Substantia_nigra,chr2_88172622_G_A_b38,rs56033561,ENSG00000163586.10,FABP1,2168,1.72090003430582e-11,0.816012680530548,44560
chr2,hsa03320,PPAR signaling pathway - Homo sapiens (human),Brain_Substantia_nigra,chr2_88172730_G_C_b38,rs35701411,ENSG00000163586.10,FABP1,2168,5.6866521651003e-11,-0.584604024887085,44668
chr2,hsa04975,Fat digestion and absorption - Homo sapiens (human),Brain_Substantia_nigra,chr2_88172730_G_C_b38,rs35701411,ENSG00000163586.10,FABP1,2168,5.6866521651003e-11,-0.584604024887085,44668
chr2,hsa03320,PPAR signaling pathway - Homo sapiens (human),Brain_Substantia_nigra,chr2_88173406_A_G_b38,rs4129189,ENSG00000163586.10,FABP1,2168,7.83384181322343e-12,0.810927033424377,45344
chr2,hsa04975,Fat digestion and absorption - Homo sapiens (human),Brain_Substantia_nigra,chr2_88173406_A_G_b38,rs4129189,ENSG00000163586.10,FABP1,2168,7.83384181322343e-12,0.810927033424377,45344
chr2,hsa03320,PPAR signaling pathway - Homo sapiens (human),Brain_Substantia_nigra,chr2_88174203_A_G_b38,rs62157021,ENSG00000163586.10,FABP1,2168,2.65722027070782e-08,0.730736315250397,46141
chr2,hsa04975,Fat digestion and absorption - Homo sapiens (human),Brain_Substantia_nigra,chr2_88174203_A_G_b38,rs62157021,ENSG00000163586.10,FABP1,2168,2.65722027070782e-08,0.730736315250397,46141
chr2,hsa03320,PPAR signaling pathway - Homo sapiens (human),Brain_Substantia_nigra,chr2_88175683_C_A_b38,rs62157023,ENSG00000163586.10,FABP1,2168,2.65722027070782e-08,0.730736315250397,47621
chr2,hsa04975,Fat digestion and absorption - Homo sapiens (human),Brain_Substantia_nigra,chr2_88175683_C_A_b38,rs62157023,ENSG00000163586.10,FABP1,2168,2.65722027070782e-08,0.730736315250397,47621
chr2,hsa03320,PPAR signaling pathway - Homo sapiens (human),Brain_Substantia_nigra,chr2_88176769_A_G_b38,rs2176569,ENSG00000163586.10,FABP1,2168,1.20646307220569e-08,0.730837166309357,48707
chr2,hsa04975,Fat digestion and absorption - Homo sapiens (human),Brain_Substantia_nigra,chr2_88176769_A_G_b38,rs2176569,ENSG00000163586.10,FABP1,2168,1.20646307220569e-08,0.730837166309357,48707
chr2,hsa03320,PPAR signaling pathway - Homo sapiens (human),Brain_Substantia_nigra,chr2_88177097_A_G_b38,rs1136562,ENSG00000163586.10,FABP1,2168,1.20646307220569e-08,0.730837166309357,49035
chr2,hsa04975,Fat digestion and absorption - Homo sapiens (human),Brain_Substantia_nigra,chr2_88177097_A_G_b38,rs1136562,ENSG00000163586.10,FABP1,2168,1.20646307220569e-08,0.730837166309357,49035
chr2,hsa00380,Tryptophan metabolism - Homo sapiens (human),Brain_Substantia_nigra,chr2_42542470_A_G_b38,rs6544560,ENSG00000162882.15,HAAO,23498,2.66703101549612e-08,0.542931139469147,-250113
chr2,hsa01100,Metabolic pathways - Homo sapiens (human),Brain_Substantia_nigra,chr2_42542470_A_G_b38,rs6544560,ENSG00000162882.15,HAAO,23498,2.66703101549612e-08,0.542931139469147,-250113
chr2,hsa00380,Tryptophan metabolism - Homo sapiens (human),Brain_Substantia_nigra,chr2_42553240_G_A_b38,rs4287811,ENSG00000162882.15,HAAO,23498,2.11871193955635e-09,0.544842779636383,-239343
chr2,hsa01100,Metabolic pathways - Homo sapiens (human),Brain_Substantia_nigra,chr2_42553240_G_A_b38,rs4287811,ENSG00000162882.15,HAAO,23498,2.11871193955635e-09,0.544842779636383,-239343
chr2,hsa00380,Tryptophan metabolism - Homo sapiens (human),Brain_Substantia_nigra,chr2_42557258_A_G_b38,rs4953436,ENSG00000162882.15,HAAO,23498,7.72359675270733e-09,0.523666679859161,-235325
chr2,hsa01100,Metabolic pathways - Homo sapiens (human),Brain_Substantia_nigra,chr2_42557258_A_G_b38,rs4953436,ENSG00000162882.15,HAAO,23498,7.72359675270733e-09,0.523666679859161,-235325
chr2,hsa00380,Tryptophan metabolism - Homo sapiens (human),Brain_Substantia_nigra,chr2_42557399_C_T_b38,rs7607881,ENSG00000162882.15,HAAO,23498,7.72359675270733e-09,0.523666679859161,-235184
chr2,hsa01100,Metabolic pathways - Homo sapiens (human),Brain_Substantia_nigra,chr2_42557399_C_T_b38,rs7607881,ENSG00000162882.15,HAAO,23498,7.72359675270733e-09,0.523666679859161,-235184
chr2,hsa00380,Tryptophan metabolism - Homo sapiens (human),Brain_Substantia_nigra,chr2_42561703_A_AG_b38,rs373695071,ENSG00000162882.15,HAAO,23498,4.438456854782e-10,0.55528712272644,-230880
chr2,hsa01100,Metabolic pathways - Homo sapiens (human),Brain_Substantia_nigra,chr2_42561703_A_AG_b38,rs373695071,ENSG00000162882.15,HAAO,23498,4.438456854782e-10,0.55528712272644,-230880
chr2,hsa00380,Tryptophan metabolism - Homo sapiens (human),Brain_Substantia_nigra,chr2_42563424_T_A_b38,rs11692987,ENSG00000162882.15,HAAO,23498,4.438456854782e-10,0.55528712272644,-229159
chr2,hsa01100,Metabolic pathways - Homo sapiens (human),Brain_Substantia_nigra,chr2_42563424_T_A_b38,rs11692987,ENSG00000162882.15,HAAO,23498,4.438456854782e-10,0.55528712272644,-229159
chr2,hsa00380,Tryptophan metabolism - Homo sapiens (human),Brain_Substantia_nigra,chr2_42572265_T_C_b38,rs12998822,ENSG00000162882.15,HAAO,23498,1.33587771841544e-10,0.553822159767151,-220318
chr2,hsa01100,Metabolic pathways - Homo sapiens (human),Brain_Substantia_nigra,chr2_42572265_T_C_b38,rs12998822,ENSG00000162882.15,HAAO,23498,1.33587771841544e-10,0.553822159767151,-220318
chr2,hsa00380,Tryptophan metabolism - Homo sapiens (human),Brain_Substantia_nigra,chr2_42576225_T_C_b38,rs2132534,ENSG00000162882.15,HAAO,23498,1.13823112229234e-09,0.518841087818146,-216358
chr2,hsa01100,Metabolic pathways - Homo sapiens (human),Brain_Substantia_nigra,chr2_42576225_T_C_b38,rs2132534,ENSG00000162882.15,HAAO,23498,1.13823112229234e-09,0.518841087818146,-216358
chr2,hsa00380,Tryptophan metabolism - Homo sapiens (human),Brain_Substantia_nigra,chr2_42576291_C_T_b38,rs752009,ENSG00000162882.15,HAAO,23498,1.13823112229234e-09,0.518841087818146,-216292
chr2,hsa01100,Metabolic pathways - Homo sapiens (human),Brain_Substantia_nigra,chr2_42576291_C_T_b38,rs752009,ENSG00000162882.15,HAAO,23498,1.13823112229234e-09,0.518841087818146,-216292
chr2,hsa00380,Tryptophan metabolism - Homo sapiens (human),Brain_Substantia_nigra,chr2_42577479_T_A_b38,rs2374420,ENSG00000162882.15,HAAO,23498,9.20046427252188e-10,0.524790346622467,-215104
chr2,hsa01100,Metabolic pathways - Homo sapiens (human),Brain_Substantia_nigra,chr2_42577479_T_A_b38,rs2374420,ENSG00000162882.15,HAAO,23498,9.20046427252188e-10,0.524790346622467,-215104
chr2,hsa00380,Tryptophan metabolism - Homo sapiens (human),Brain_Substantia_nigra,chr2_42578536_G_C_b38,rs6544565,ENSG00000162882.15,HAAO,23498,2.92953919455548e-10,0.556727409362793,-214047
chr2,hsa01100,Metabolic pathways - Homo sapiens (human),Brain_Substantia_nigra,chr2_42578536_G_C_b38,rs6544565,ENSG00000162882.15,HAAO,23498,2.92953919455548e-10,0.556727409362793,-214047
chr2,hsa00380,Tryptophan metabolism - Homo sapiens (human),Brain_Substantia_nigra,chr2_42579598_A_G_b38,rs10187433,ENSG00000162882.15,HAAO,23498,9.48439614249308e-10,0.530211806297302,-212985
chr2,hsa01100,Metabolic pathways - Homo sapiens (human),Brain_Substantia_nigra,chr2_42579598_A_G_b38,rs10187433,ENSG00000162882.15,HAAO,23498,9.48439614249308e-10,0.530211806297302,-212985
chr2,hsa00380,Tryptophan metabolism - Homo sapiens (human),Brain_Substantia_nigra,chr2_42580477_C_T_b38,rs10167004,ENSG00000162882.15,HAAO,23498,2.05248641517874e-10,0.546543180942535,-212106
chr2,hsa01100,Metabolic pathways - Homo sapiens (human),Brain_Substantia_nigra,chr2_42580477_C_T_b38,rs10167004,ENSG00000162882.15,HAAO,23498,2.05248641517874e-10,0.546543180942535,-212106
chr2,hsa00380,Tryptophan metabolism - Homo sapiens (human),Brain_Substantia_nigra,chr2_42580838_C_T_b38,rs6544567,ENSG00000162882.15,HAAO,23498,1.98005938089693e-10,0.545749962329865,-211745
chr2,hsa01100,Metabolic pathways - Homo sapiens (human),Brain_Substantia_nigra,chr2_42580838_C_T_b38,rs6544567,ENSG00000162882.15,HAAO,23498,1.98005938089693e-10,0.545749962329865,-211745
chr2,hsa00380,Tryptophan metabolism - Homo sapiens (human),Brain_Substantia_nigra,chr2_42581393_A_G_b38,rs10193864,ENSG00000162882.15,HAAO,23498,6.47544136207153e-10,0.537891447544098,-211190
chr2,hsa01100,Metabolic pathways - Homo sapiens (human),Brain_Substantia_nigra,chr2_42581393_A_G_b38,rs10193864,ENSG00000162882.15,HAAO,23498,6.47544136207153e-10,0.537891447544098,-211190
chr2,hsa00380,Tryptophan metabolism - Homo sapiens (human),Brain_Substantia_nigra,chr2_42581890_T_C_b38,rs6715736,ENSG00000162882.15,HAAO,23498,5.79266481369084e-10,0.539147317409515,-210693
chr2,hsa01100,Metabolic pathways - Homo sapiens (human),Brain_Substantia_nigra,chr2_42581890_T_C_b38,rs6715736,ENSG00000162882.15,HAAO,23498,5.79266481369084e-10,0.539147317409515,-210693
chr2,hsa00380,Tryptophan metabolism - Homo sapiens (human),Brain_Substantia_nigra,chr2_42583570_A_G_b38,rs6736719,ENSG00000162882.15,HAAO,23498,1.39598867847687e-10,0.539615511894226,-209013
chr2,hsa01100,Metabolic pathways - Homo sapiens (human),Brain_Substantia_nigra,chr2_42583570_A_G_b38,rs6736719,ENSG00000162882.15,HAAO,23498,1.39598867847687e-10,0.539615511894226,-209013
chr2,hsa00380,Tryptophan metabolism - Homo sapiens (human),Brain_Substantia_nigra,chr2_42583946_C_T_b38,rs7562852,ENSG00000162882.15,HAAO,23498,2.19924343344277e-10,0.531394362449646,-208637
chr2,hsa01100,Metabolic pathways - Homo sapiens (human),Brain_Substantia_nigra,chr2_42583946_C_T_b38,rs7562852,ENSG00000162882.15,HAAO,23498,2.19924343344277e-10,0.531394362449646,-208637
chr2,hsa00380,Tryptophan metabolism - Homo sapiens (human),Brain_Substantia_nigra,chr2_42583979_G_A_b38,rs2047309,ENSG00000162882.15,HAAO,23498,1.16617593700372e-09,0.530303955078125,-208604
chr2,hsa01100,Metabolic pathways - Homo sapiens (human),Brain_Substantia_nigra,chr2_42583979_G_A_b38,rs2047309,ENSG00000162882.15,HAAO,23498,1.16617593700372e-09,0.530303955078125,-208604
chr2,hsa00380,Tryptophan metabolism - Homo sapiens (human),Brain_Substantia_nigra,chr2_42584017_A_G_b38,rs2047308,ENSG00000162882.15,HAAO,23498,3.77630013309795e-10,0.549359798431397,-208566
chr2,hsa01100,Metabolic pathways - Homo sapiens (human),Brain_Substantia_nigra,chr2_42584017_A_G_b38,rs2047308,ENSG00000162882.15,HAAO,23498,3.77630013309795e-10,0.549359798431397,-208566
chr2,hsa00380,Tryptophan metabolism - Homo sapiens (human),Brain_Substantia_nigra,chr2_42584266_C_T_b38,rs6544568,ENSG00000162882.15,HAAO,23498,4.4115178868251e-10,0.530562996864319,-208317
chr2,hsa01100,Metabolic pathways - Homo sapiens (human),Brain_Substantia_nigra,chr2_42584266_C_T_b38,rs6544568,ENSG00000162882.15,HAAO,23498,4.4115178868251e-10,0.530562996864319,-208317
chr2,hsa00380,Tryptophan metabolism - Homo sapiens (human),Brain_Substantia_nigra,chr2_42584523_G_A_b38,rs7563640,ENSG00000162882.15,HAAO,23498,1.03846738860771e-09,0.524516403675079,-208060
chr2,hsa01100,Metabolic pathways - Homo sapiens (human),Brain_Substantia_nigra,chr2_42584523_G_A_b38,rs7563640,ENSG00000162882.15,HAAO,23498,1.03846738860771e-09,0.524516403675079,-208060
chr2,hsa00380,Tryptophan metabolism - Homo sapiens (human),Brain_Substantia_nigra,chr2_42585561_G_A_b38,rs6716590,ENSG00000162882.15,HAAO,23498,1.03846738860771e-09,0.524516403675079,-207022
chr2,hsa01100,Metabolic pathways - Homo sapiens (human),Brain_Substantia_nigra,chr2_42585561_G_A_b38,rs6716590,ENSG00000162882.15,HAAO,23498,1.03846738860771e-09,0.524516403675079,-207022
chr2,hsa00380,Tryptophan metabolism - Homo sapiens (human),Brain_Substantia_nigra,chr2_42586057_A_G_b38,rs11124885,ENSG00000162882.15,HAAO,23498,1.39598867847687e-10,0.539615511894226,-206526
chr2,hsa01100,Metabolic pathways - Homo sapiens (human),Brain_Substantia_nigra,chr2_42586057_A_G_b38,rs11124885,ENSG00000162882.15,HAAO,23498,1.39598867847687e-10,0.539615511894226,-206526
chr2,hsa00380,Tryptophan metabolism - Homo sapiens (human),Brain_Substantia_nigra,chr2_42586107_T_G_b38,rs6734957,ENSG00000162882.15,HAAO,23498,9.74815523839356e-10,0.574560165405273,-206476
chr2,hsa01100,Metabolic pathways - Homo sapiens (human),Brain_Substantia_nigra,chr2_42586107_T_G_b38,rs6734957,ENSG00000162882.15,HAAO,23498,9.74815523839356e-10,0.574560165405273,-206476
chr2,hsa00380,Tryptophan metabolism - Homo sapiens (human),Brain_Substantia_nigra,chr2_42586745_C_T_b38,rs6720652,ENSG00000162882.15,HAAO,23498,4.4115178868251e-10,0.530562996864319,-205838
chr2,hsa01100,Metabolic pathways - Homo sapiens (human),Brain_Substantia_nigra,chr2_42586745_C_T_b38,rs6720652,ENSG00000162882.15,HAAO,23498,4.4115178868251e-10,0.530562996864319,-205838
chr2,hsa00380,Tryptophan metabolism - Homo sapiens (human),Brain_Substantia_nigra,chr2_42587053_T_C_b38,rs6717652,ENSG00000162882.15,HAAO,23498,2.87786013155299e-11,0.575592577457428,-205530
chr2,hsa01100,Metabolic pathways - Homo sapiens (human),Brain_Substantia_nigra,chr2_42587053_T_C_b38,rs6717652,ENSG00000162882.15,HAAO,23498,2.87786013155299e-11,0.575592577457428,-205530
chr2,hsa00380,Tryptophan metabolism - Homo sapiens (human),Brain_Substantia_nigra,chr2_42587926_A_G_b38,rs6732008,ENSG00000162882.15,HAAO,23498,7.94793173678009e-10,0.523803949356079,-204657
chr2,hsa01100,Metabolic pathways - Homo sapiens (human),Brain_Substantia_nigra,chr2_42587926_A_G_b38,rs6732008,ENSG00000162882.15,HAAO,23498,7.94793173678009e-10,0.523803949356079,-204657
chr2,hsa00380,Tryptophan metabolism - Homo sapiens (human),Brain_Substantia_nigra,chr2_42589789_C_T_b38,rs6544569,ENSG00000162882.15,HAAO,23498,2.9006689974722e-10,0.53662633895874,-202794
chr2,hsa01100,Metabolic pathways - Homo sapiens (human),Brain_Substantia_nigra,chr2_42589789_C_T_b38,rs6544569,ENSG00000162882.15,HAAO,23498,2.9006689974722e-10,0.53662633895874,-202794
chr2,hsa00380,Tryptophan metabolism - Homo sapiens (human),Brain_Substantia_nigra,chr2_42590798_C_T_b38,rs10183074,ENSG00000162882.15,HAAO,23498,1.03846738860771e-09,0.524516403675079,-201785
chr2,hsa01100,Metabolic pathways - Homo sapiens (human),Brain_Substantia_nigra,chr2_42590798_C_T_b38,rs10183074,ENSG00000162882.15,HAAO,23498,1.03846738860771e-09,0.524516403675079,-201785
chr2,hsa00380,Tryptophan metabolism - Homo sapiens (human),Brain_Substantia_nigra,chr2_42591116_GT_G_b38,rs35542994,ENSG00000162882.15,HAAO,23498,2.90066077180456e-10,0.536626398563385,-201467
chr2,hsa01100,Metabolic pathways - Homo sapiens (human),Brain_Substantia_nigra,chr2_42591116_GT_G_b38,rs35542994,ENSG00000162882.15,HAAO,23498,2.90066077180456e-10,0.536626398563385,-201467
chr2,hsa00380,Tryptophan metabolism - Homo sapiens (human),Brain_Substantia_nigra,chr2_42591237_T_G_b38,rs4297935,ENSG00000162882.15,HAAO,23498,1.07670327039978e-10,0.553367853164673,-201346
chr2,hsa01100,Metabolic pathways - Homo sapiens (human),Brain_Substantia_nigra,chr2_42591237_T_G_b38,rs4297935,ENSG00000162882.15,HAAO,23498,1.07670327039978e-10,0.553367853164673,-201346
chr2,hsa00380,Tryptophan metabolism - Homo sapiens (human),Brain_Substantia_nigra,chr2_42591577_T_C_b38,rs2374421,ENSG00000162882.15,HAAO,23498,4.73688766701621e-10,0.530488967895508,-201006
chr2,hsa01100,Metabolic pathways - Homo sapiens (human),Brain_Substantia_nigra,chr2_42591577_T_C_b38,rs2374421,ENSG00000162882.15,HAAO,23498,4.73688766701621e-10,0.530488967895508,-201006
chr2,hsa00380,Tryptophan metabolism - Homo sapiens (human),Brain_Substantia_nigra,chr2_42592136_C_T_b38,rs6544570,ENSG00000162882.15,HAAO,23498,4.73692729579481e-10,0.530488908290863,-200447
chr2,hsa01100,Metabolic pathways - Homo sapiens (human),Brain_Substantia_nigra,chr2_42592136_C_T_b38,rs6544570,ENSG00000162882.15,HAAO,23498,4.73692729579481e-10,0.530488908290863,-200447
chr2,hsa00380,Tryptophan metabolism - Homo sapiens (human),Brain_Substantia_nigra,chr2_42592854_T_C_b38,rs2141548,ENSG00000162882.15,HAAO,23498,4.73692729579481e-10,0.530488908290863,-199729
chr2,hsa01100,Metabolic pathways - Homo sapiens (human),Brain_Substantia_nigra,chr2_42592854_T_C_b38,rs2141548,ENSG00000162882.15,HAAO,23498,4.73692729579481e-10,0.530488908290863,-199729
chr2,hsa00380,Tryptophan metabolism - Homo sapiens (human),Brain_Substantia_nigra,chr2_42592961_A_G_b38,rs2141549,ENSG00000162882.15,HAAO,23498,4.73692729579481e-10,0.530488908290863,-199622
chr2,hsa01100,Metabolic pathways - Homo sapiens (human),Brain_Substantia_nigra,chr2_42592961_A_G_b38,rs2141549,ENSG00000162882.15,HAAO,23498,4.73692729579481e-10,0.530488908290863,-199622
chr2,hsa00380,Tryptophan metabolism - Homo sapiens (human),Brain_Substantia_nigra,chr2_42592966_T_C_b38,rs2141550,ENSG00000162882.15,HAAO,23498,4.73692729579481e-10,0.530488908290863,-199617
chr2,hsa01100,Metabolic pathways - Homo sapiens (human),Brain_Substantia_nigra,chr2_42592966_T_C_b38,rs2141550,ENSG00000162882.15,HAAO,23498,4.73692729579481e-10,0.530488908290863,-199617
chr2,hsa00380,Tryptophan metabolism - Homo sapiens (human),Brain_Substantia_nigra,chr2_42593178_AAAC_A_b38,rs70963333,ENSG00000162882.15,HAAO,23498,7.94799704455246e-10,0.523803889751434,-199405
chr2,hsa01100,Metabolic pathways - Homo sapiens (human),Brain_Substantia_nigra,chr2_42593178_AAAC_A_b38,rs70963333,ENSG00000162882.15,HAAO,23498,7.94799704455246e-10,0.523803889751434,-199405
chr2,hsa00380,Tryptophan metabolism - Homo sapiens (human),Brain_Substantia_nigra,chr2_42593276_T_C_b38,rs2374422,ENSG00000162882.15,HAAO,23498,4.73688766701621e-10,0.530488967895508,-199307
chr2,hsa01100,Metabolic pathways - Homo sapiens (human),Brain_Substantia_nigra,chr2_42593276_T_C_b38,rs2374422,ENSG00000162882.15,HAAO,23498,4.73688766701621e-10,0.530488967895508,-199307
chr2,hsa00380,Tryptophan metabolism - Homo sapiens (human),Brain_Substantia_nigra,chr2_42593282_A_G_b38,rs2374423,ENSG00000162882.15,HAAO,23498,2.87786013155299e-11,0.575592577457428,-199301
chr2,hsa01100,Metabolic pathways - Homo sapiens (human),Brain_Substantia_nigra,chr2_42593282_A_G_b38,rs2374423,ENSG00000162882.15,HAAO,23498,2.87786013155299e-11,0.575592577457428,-199301
chr2,hsa00380,Tryptophan metabolism - Homo sapiens (human),Brain_Substantia_nigra,chr2_42593344_CTG_C_b38,rs143180656,ENSG00000162882.15,HAAO,23498,4.02013909158207e-10,0.52262407541275,-199239
chr2,hsa01100,Metabolic pathways - Homo sapiens (human),Brain_Substantia_nigra,chr2_42593344_CTG_C_b38,rs143180656,ENSG00000162882.15,HAAO,23498,4.02013909158207e-10,0.52262407541275,-199239
chr2,hsa00380,Tryptophan metabolism - Homo sapiens (human),Brain_Substantia_nigra,chr2_42593708_C_CTTTA_b38,.,ENSG00000162882.15,HAAO,23498,4.73692729579481e-10,0.530488908290863,-198875
chr2,hsa01100,Metabolic pathways - Homo sapiens (human),Brain_Substantia_nigra,chr2_42593708_C_CTTTA_b38,.,ENSG00000162882.15,HAAO,23498,4.73692729579481e-10,0.530488908290863,-198875
chr2,hsa00380,Tryptophan metabolism - Homo sapiens (human),Brain_Substantia_nigra,chr2_42593882_C_G_b38,rs4953488,ENSG00000162882.15,HAAO,23498,1.39598867847687e-10,0.539615511894226,-198701
chr2,hsa01100,Metabolic pathways - Homo sapiens (human),Brain_Substantia_nigra,chr2_42593882_C_G_b38,rs4953488,ENSG00000162882.15,HAAO,23498,1.39598867847687e-10,0.539615511894226,-198701
chr2,hsa00380,Tryptophan metabolism - Homo sapiens (human),Brain_Substantia_nigra,chr2_42593942_T_C_b38,rs4953489,ENSG00000162882.15,HAAO,23498,4.73692729579481e-10,0.530488908290863,-198641
chr2,hsa01100,Metabolic pathways - Homo sapiens (human),Brain_Substantia_nigra,chr2_42593942_T_C_b38,rs4953489,ENSG00000162882.15,HAAO,23498,4.73692729579481e-10,0.530488908290863,-198641
chr2,hsa00380,Tryptophan metabolism - Homo sapiens (human),Brain_Substantia_nigra,chr2_42596705_A_T_b38,rs13017863,ENSG00000162882.15,HAAO,23498,1.34357733409602e-09,0.516014814376831,-195878
chr2,hsa01100,Metabolic pathways - Homo sapiens (human),Brain_Substantia_nigra,chr2_42596705_A_T_b38,rs13017863,ENSG00000162882.15,HAAO,23498,1.34357733409602e-09,0.516014814376831,-195878
chr2,hsa00380,Tryptophan metabolism - Homo sapiens (human),Brain_Substantia_nigra,chr2_42597170_C_G_b38,rs10188263,ENSG00000162882.15,HAAO,23498,2.14431852312743e-09,0.510103046894074,-195413
chr2,hsa01100,Metabolic pathways - Homo sapiens (human),Brain_Substantia_nigra,chr2_42597170_C_G_b38,rs10188263,ENSG00000162882.15,HAAO,23498,2.14431852312743e-09,0.510103046894074,-195413
chr2,hsa00380,Tryptophan metabolism - Homo sapiens (human),Brain_Substantia_nigra,chr2_42598730_A_G_b38,rs12994751,ENSG00000162882.15,HAAO,23498,3.36920494775549e-09,0.508592367172241,-193853
chr2,hsa01100,Metabolic pathways - Homo sapiens (human),Brain_Substantia_nigra,chr2_42598730_A_G_b38,rs12994751,ENSG00000162882.15,HAAO,23498,3.36920494775549e-09,0.508592367172241,-193853
chr2,hsa00380,Tryptophan metabolism - Homo sapiens (human),Brain_Substantia_nigra,chr2_42599267_A_T_b38,rs6758365,ENSG00000162882.15,HAAO,23498,5.41454167365512e-09,0.500666856765747,-193316
chr2,hsa01100,Metabolic pathways - Homo sapiens (human),Brain_Substantia_nigra,chr2_42599267_A_T_b38,rs6758365,ENSG00000162882.15,HAAO,23498,5.41454167365512e-09,0.500666856765747,-193316
chr2,hsa00380,Tryptophan metabolism - Homo sapiens (human),Brain_Substantia_nigra,chr2_42599507_G_A_b38,rs13001612,ENSG00000162882.15,HAAO,23498,2.03399276571952e-09,0.509548008441925,-193076
chr2,hsa01100,Metabolic pathways - Homo sapiens (human),Brain_Substantia_nigra,chr2_42599507_G_A_b38,rs13001612,ENSG00000162882.15,HAAO,23498,2.03399276571952e-09,0.509548008441925,-193076
chr2,hsa00380,Tryptophan metabolism - Homo sapiens (human),Brain_Substantia_nigra,chr2_42600040_C_CA_b38,rs34734466,ENSG00000162882.15,HAAO,23498,1.34357733409602e-09,0.516014814376831,-192543
chr2,hsa01100,Metabolic pathways - Homo sapiens (human),Brain_Substantia_nigra,chr2_42600040_C_CA_b38,rs34734466,ENSG00000162882.15,HAAO,23498,1.34357733409602e-09,0.516014814376831,-192543
chr2,hsa00380,Tryptophan metabolism - Homo sapiens (human),Brain_Substantia_nigra,chr2_42600150_G_A_b38,rs12474864,ENSG00000162882.15,HAAO,23498,1.04320587869345e-09,0.521012246608734,-192433
chr2,hsa01100,Metabolic pathways - Homo sapiens (human),Brain_Substantia_nigra,chr2_42600150_G_A_b38,rs12474864,ENSG00000162882.15,HAAO,23498,1.04320587869345e-09,0.521012246608734,-192433
chr2,hsa00380,Tryptophan metabolism - Homo sapiens (human),Brain_Substantia_nigra,chr2_42600565_C_T_b38,rs7583828,ENSG00000162882.15,HAAO,23498,1.45766847050383e-09,0.519856095314026,-192018
chr2,hsa01100,Metabolic pathways - Homo sapiens (human),Brain_Substantia_nigra,chr2_42600565_C_T_b38,rs7583828,ENSG00000162882.15,HAAO,23498,1.45766847050383e-09,0.519856095314026,-192018
chr2,hsa00380,Tryptophan metabolism - Homo sapiens (human),Brain_Substantia_nigra,chr2_42602745_G_A_b38,rs6544571,ENSG00000162882.15,HAAO,23498,1.46790999303201e-09,0.51431679725647,-189838
chr2,hsa01100,Metabolic pathways - Homo sapiens (human),Brain_Substantia_nigra,chr2_42602745_G_A_b38,rs6544571,ENSG00000162882.15,HAAO,23498,1.46790999303201e-09,0.51431679725647,-189838
chr2,hsa00380,Tryptophan metabolism - Homo sapiens (human),Brain_Substantia_nigra,chr2_42602948_T_C_b38,rs6544572,ENSG00000162882.15,HAAO,23498,3.22123188420404e-10,0.537190914154053,-189635
chr2,hsa01100,Metabolic pathways - Homo sapiens (human),Brain_Substantia_nigra,chr2_42602948_T_C_b38,rs6544572,ENSG00000162882.15,HAAO,23498,3.22123188420404e-10,0.537190914154053,-189635
chr2,hsa00380,Tryptophan metabolism - Homo sapiens (human),Brain_Substantia_nigra,chr2_42602969_T_C_b38,rs6544573,ENSG00000162882.15,HAAO,23498,4.63175997607291e-10,0.536083161830902,-189614
chr2,hsa01100,Metabolic pathways - Homo sapiens (human),Brain_Substantia_nigra,chr2_42602969_T_C_b38,rs6544573,ENSG00000162882.15,HAAO,23498,4.63175997607291e-10,0.536083161830902,-189614
chr2,hsa00380,Tryptophan metabolism - Homo sapiens (human),Brain_Substantia_nigra,chr2_42603025_A_G_b38,rs6544574,ENSG00000162882.15,HAAO,23498,1.46791392723703e-09,0.51431679725647,-189558
chr2,hsa01100,Metabolic pathways - Homo sapiens (human),Brain_Substantia_nigra,chr2_42603025_A_G_b38,rs6544574,ENSG00000162882.15,HAAO,23498,1.46791392723703e-09,0.51431679725647,-189558
chr2,hsa00380,Tryptophan metabolism - Homo sapiens (human),Brain_Substantia_nigra,chr2_42606501_C_T_b38,rs9653490,ENSG00000162882.15,HAAO,23498,1.06981917946525e-10,0.55765026807785,-186082
chr2,hsa01100,Metabolic pathways - Homo sapiens (human),Brain_Substantia_nigra,chr2_42606501_C_T_b38,rs9653490,ENSG00000162882.15,HAAO,23498,1.06981917946525e-10,0.55765026807785,-186082
chr2,hsa00380,Tryptophan metabolism - Homo sapiens (human),Brain_Substantia_nigra,chr2_42606807_C_T_b38,rs7606545,ENSG00000162882.15,HAAO,23498,1.81263959110608e-09,0.513344645500183,-185776
chr2,hsa01100,Metabolic pathways - Homo sapiens (human),Brain_Substantia_nigra,chr2_42606807_C_T_b38,rs7606545,ENSG00000162882.15,HAAO,23498,1.81263959110608e-09,0.513344645500183,-185776
chr2,hsa00380,Tryptophan metabolism - Homo sapiens (human),Brain_Substantia_nigra,chr2_42607170_G_A_b38,rs7589931,ENSG00000162882.15,HAAO,23498,1.17446360613718e-09,0.518610775470734,-185413
chr2,hsa01100,Metabolic pathways - Homo sapiens (human),Brain_Substantia_nigra,chr2_42607170_G_A_b38,rs7589931,ENSG00000162882.15,HAAO,23498,1.17446360613718e-09,0.518610775470734,-185413
chr2,hsa00380,Tryptophan metabolism - Homo sapiens (human),Brain_Substantia_nigra,chr2_42607283_G_C_b38,rs7590047,ENSG00000162882.15,HAAO,23498,3.20973738086792e-10,0.525715947151184,-185300
chr2,hsa01100,Metabolic pathways - Homo sapiens (human),Brain_Substantia_nigra,chr2_42607283_G_C_b38,rs7590047,ENSG00000162882.15,HAAO,23498,3.20973738086792e-10,0.525715947151184,-185300
chr2,hsa00380,Tryptophan metabolism - Homo sapiens (human),Brain_Substantia_nigra,chr2_42607806_C_T_b38,rs1808001,ENSG00000162882.15,HAAO,23498,4.19955847952132e-10,0.524838864803314,-184777
chr2,hsa01100,Metabolic pathways - Homo sapiens (human),Brain_Substantia_nigra,chr2_42607806_C_T_b38,rs1808001,ENSG00000162882.15,HAAO,23498,4.19955847952132e-10,0.524838864803314,-184777
chr2,hsa00380,Tryptophan metabolism - Homo sapiens (human),Brain_Substantia_nigra,chr2_42608300_C_T_b38,rs6544575,ENSG00000162882.15,HAAO,23498,4.19955847952132e-10,0.524838864803314,-184283
chr2,hsa01100,Metabolic pathways - Homo sapiens (human),Brain_Substantia_nigra,chr2_42608300_C_T_b38,rs6544575,ENSG00000162882.15,HAAO,23498,4.19955847952132e-10,0.524838864803314,-184283
chr2,hsa00380,Tryptophan metabolism - Homo sapiens (human),Brain_Substantia_nigra,chr2_42608792_A_G_b38,rs6716721,ENSG00000162882.15,HAAO,23498,9.5833341041587e-11,0.559676170349121,-183791
chr2,hsa01100,Metabolic pathways - Homo sapiens (human),Brain_Substantia_nigra,chr2_42608792_A_G_b38,rs6716721,ENSG00000162882.15,HAAO,23498,9.5833341041587e-11,0.559676170349121,-183791
chr2,hsa00380,Tryptophan metabolism - Homo sapiens (human),Brain_Substantia_nigra,chr2_42608878_A_G_b38,rs6716848,ENSG00000162882.15,HAAO,23498,4.19955847952132e-10,0.524838864803314,-183705
chr2,hsa01100,Metabolic pathways - Homo sapiens (human),Brain_Substantia_nigra,chr2_42608878_A_G_b38,rs6716848,ENSG00000162882.15,HAAO,23498,4.19955847952132e-10,0.524838864803314,-183705
chr2,hsa00380,Tryptophan metabolism - Homo sapiens (human),Brain_Substantia_nigra,chr2_42609073_T_C_b38,rs6706285,ENSG00000162882.15,HAAO,23498,1.04320870879389e-09,0.521012187004089,-183510
chr2,hsa01100,Metabolic pathways - Homo sapiens (human),Brain_Substantia_nigra,chr2_42609073_T_C_b38,rs6706285,ENSG00000162882.15,HAAO,23498,1.04320870879389e-09,0.521012187004089,-183510
chr2,hsa00380,Tryptophan metabolism - Homo sapiens (human),Brain_Substantia_nigra,chr2_42609376_A_G_b38,rs6720277,ENSG00000162882.15,HAAO,23498,9.5833341041587e-11,0.559676170349121,-183207
chr2,hsa01100,Metabolic pathways - Homo sapiens (human),Brain_Substantia_nigra,chr2_42609376_A_G_b38,rs6720277,ENSG00000162882.15,HAAO,23498,9.5833341041587e-11,0.559676170349121,-183207
chr2,hsa00380,Tryptophan metabolism - Homo sapiens (human),Brain_Substantia_nigra,chr2_42609878_C_T_b38,rs7597994,ENSG00000162882.15,HAAO,23498,4.19955847952132e-10,0.524838864803314,-182705
chr2,hsa01100,Metabolic pathways - Homo sapiens (human),Brain_Substantia_nigra,chr2_42609878_C_T_b38,rs7597994,ENSG00000162882.15,HAAO,23498,4.19955847952132e-10,0.524838864803314,-182705
chr2,hsa00380,Tryptophan metabolism - Homo sapiens (human),Brain_Substantia_nigra,chr2_42610351_A_G_b38,rs7574668,ENSG00000162882.15,HAAO,23498,4.56772075598419e-08,0.462023347616196,-182232
chr2,hsa01100,Metabolic pathways - Homo sapiens (human),Brain_Substantia_nigra,chr2_42610351_A_G_b38,rs7574668,ENSG00000162882.15,HAAO,23498,4.56772075598419e-08,0.462023347616196,-182232
chr2,hsa00380,Tryptophan metabolism - Homo sapiens (human),Brain_Substantia_nigra,chr2_42611258_T_C_b38,rs1534760,ENSG00000162882.15,HAAO,23498,4.19955847952132e-10,0.524838864803314,-181325
chr2,hsa01100,Metabolic pathways - Homo sapiens (human),Brain_Substantia_nigra,chr2_42611258_T_C_b38,rs1534760,ENSG00000162882.15,HAAO,23498,4.19955847952132e-10,0.524838864803314,-181325
chr2,hsa00380,Tryptophan metabolism - Homo sapiens (human),Brain_Substantia_nigra,chr2_42611661_T_C_b38,rs1534758,ENSG00000162882.15,HAAO,23498,2.14431852312743e-09,0.510103046894074,-180922
chr2,hsa01100,Metabolic pathways - Homo sapiens (human),Brain_Substantia_nigra,chr2_42611661_T_C_b38,rs1534758,ENSG00000162882.15,HAAO,23498,2.14431852312743e-09,0.510103046894074,-180922
chr2,hsa00380,Tryptophan metabolism - Homo sapiens (human),Brain_Substantia_nigra,chr2_42611692_T_C_b38,rs4953499,ENSG00000162882.15,HAAO,23498,2.14431852312743e-09,0.510103046894074,-180891
chr2,hsa01100,Metabolic pathways - Homo sapiens (human),Brain_Substantia_nigra,chr2_42611692_T_C_b38,rs4953499,ENSG00000162882.15,HAAO,23498,2.14431852312743e-09,0.510103046894074,-180891
chr2,hsa00380,Tryptophan metabolism - Homo sapiens (human),Brain_Substantia_nigra,chr2_42612013_A_T_b38,rs4953500,ENSG00000162882.15,HAAO,23498,1.34357733409602e-09,0.516014814376831,-180570
chr2,hsa01100,Metabolic pathways - Homo sapiens (human),Brain_Substantia_nigra,chr2_42612013_A_T_b38,rs4953500,ENSG00000162882.15,HAAO,23498,1.34357733409602e-09,0.516014814376831,-180570
chr2,hsa00380,Tryptophan metabolism - Homo sapiens (human),Brain_Substantia_nigra,chr2_42614160_C_T_b38,rs7562984,ENSG00000162882.15,HAAO,23498,3.83725407107929e-09,0.507902383804321,-178423
chr2,hsa01100,Metabolic pathways - Homo sapiens (human),Brain_Substantia_nigra,chr2_42614160_C_T_b38,rs7562984,ENSG00000162882.15,HAAO,23498,3.83725407107929e-09,0.507902383804321,-178423
chr2,hsa00380,Tryptophan metabolism - Homo sapiens (human),Brain_Substantia_nigra,chr2_42614316_G_C_b38,rs10180317,ENSG00000162882.15,HAAO,23498,1.34357733409602e-09,0.516014814376831,-178267
chr2,hsa01100,Metabolic pathways - Homo sapiens (human),Brain_Substantia_nigra,chr2_42614316_G_C_b38,rs10180317,ENSG00000162882.15,HAAO,23498,1.34357733409602e-09,0.516014814376831,-178267
chr2,hsa00380,Tryptophan metabolism - Homo sapiens (human),Brain_Substantia_nigra,chr2_42614727_G_C_b38,rs10180810,ENSG00000162882.15,HAAO,23498,4.19955847952132e-10,0.524838864803314,-177856
chr2,hsa01100,Metabolic pathways - Homo sapiens (human),Brain_Substantia_nigra,chr2_42614727_G_C_b38,rs10180810,ENSG00000162882.15,HAAO,23498,4.19955847952132e-10,0.524838864803314,-177856
chr2,hsa00380,Tryptophan metabolism - Homo sapiens (human),Brain_Substantia_nigra,chr2_42614840_C_T_b38,rs12468877,ENSG00000162882.15,HAAO,23498,4.19955847952132e-10,0.524838864803314,-177743
chr2,hsa01100,Metabolic pathways - Homo sapiens (human),Brain_Substantia_nigra,chr2_42614840_C_T_b38,rs12468877,ENSG00000162882.15,HAAO,23498,4.19955847952132e-10,0.524838864803314,-177743
chr2,hsa00380,Tryptophan metabolism - Homo sapiens (human),Brain_Substantia_nigra,chr2_42614847_T_C_b38,rs12473172,ENSG00000162882.15,HAAO,23498,9.58339050153557e-11,0.559676110744476,-177736
chr2,hsa01100,Metabolic pathways - Homo sapiens (human),Brain_Substantia_nigra,chr2_42614847_T_C_b38,rs12473172,ENSG00000162882.15,HAAO,23498,9.58339050153557e-11,0.559676110744476,-177736
chr2,hsa00380,Tryptophan metabolism - Homo sapiens (human),Brain_Substantia_nigra,chr2_42615511_G_A_b38,rs4953502,ENSG00000162882.15,HAAO,23498,9.5833341041587e-11,0.559676170349121,-177072
chr2,hsa01100,Metabolic pathways - Homo sapiens (human),Brain_Substantia_nigra,chr2_42615511_G_A_b38,rs4953502,ENSG00000162882.15,HAAO,23498,9.5833341041587e-11,0.559676170349121,-177072
chr2,hsa00380,Tryptophan metabolism - Homo sapiens (human),Brain_Substantia_nigra,chr2_42616093_T_C_b38,rs10199169,ENSG00000162882.15,HAAO,23498,2.14431852312743e-09,0.510103046894074,-176490
chr2,hsa01100,Metabolic pathways - Homo sapiens (human),Brain_Substantia_nigra,chr2_42616093_T_C_b38,rs10199169,ENSG00000162882.15,HAAO,23498,2.14431852312743e-09,0.510103046894074,-176490
chr2,hsa00380,Tryptophan metabolism - Homo sapiens (human),Brain_Substantia_nigra,chr2_42616677_G_C_b38,rs7571176,ENSG00000162882.15,HAAO,23498,9.58339050153557e-11,0.559676110744476,-175906
chr2,hsa01100,Metabolic pathways - Homo sapiens (human),Brain_Substantia_nigra,chr2_42616677_G_C_b38,rs7571176,ENSG00000162882.15,HAAO,23498,9.58339050153557e-11,0.559676110744476,-175906
chr2,hsa00380,Tryptophan metabolism - Homo sapiens (human),Brain_Substantia_nigra,chr2_42616705_C_A_b38,rs7570996,ENSG00000162882.15,HAAO,23498,9.5833341041587e-11,0.559676170349121,-175878
chr2,hsa01100,Metabolic pathways - Homo sapiens (human),Brain_Substantia_nigra,chr2_42616705_C_A_b38,rs7570996,ENSG00000162882.15,HAAO,23498,9.5833341041587e-11,0.559676170349121,-175878
chr2,hsa00380,Tryptophan metabolism - Homo sapiens (human),Brain_Substantia_nigra,chr2_42616959_A_G_b38,rs6730799,ENSG00000162882.15,HAAO,23498,2.14431852312743e-09,0.510103046894074,-175624
chr2,hsa01100,Metabolic pathways - Homo sapiens (human),Brain_Substantia_nigra,chr2_42616959_A_G_b38,rs6730799,ENSG00000162882.15,HAAO,23498,2.14431852312743e-09,0.510103046894074,-175624
chr2,hsa00380,Tryptophan metabolism - Homo sapiens (human),Brain_Substantia_nigra,chr2_42622467_C_T_b38,rs7573457,ENSG00000162882.15,HAAO,23498,5.21197922901507e-09,0.490699082612991,-170116
chr2,hsa01100,Metabolic pathways - Homo sapiens (human),Brain_Substantia_nigra,chr2_42622467_C_T_b38,rs7573457,ENSG00000162882.15,HAAO,23498,5.21197922901507e-09,0.490699082612991,-170116
chr2,hsa00380,Tryptophan metabolism - Homo sapiens (human),Brain_Substantia_nigra,chr2_42623445_C_T_b38,rs2103338,ENSG00000162882.15,HAAO,23498,5.37837036806967e-09,0.491312593221664,-169138
chr2,hsa01100,Metabolic pathways - Homo sapiens (human),Brain_Substantia_nigra,chr2_42623445_C_T_b38,rs2103338,ENSG00000162882.15,HAAO,23498,5.37837036806967e-09,0.491312593221664,-169138
chr2,hsa00380,Tryptophan metabolism - Homo sapiens (human),Brain_Substantia_nigra,chr2_42623800_C_A_b38,rs2103339,ENSG00000162882.15,HAAO,23498,2.46312634180314e-09,0.497334659099579,-168783
chr2,hsa01100,Metabolic pathways - Homo sapiens (human),Brain_Substantia_nigra,chr2_42623800_C_A_b38,rs2103339,ENSG00000162882.15,HAAO,23498,2.46312634180314e-09,0.497334659099579,-168783
chr2,hsa00380,Tryptophan metabolism - Homo sapiens (human),Brain_Substantia_nigra,chr2_42624088_A_G_b38,rs6544576,ENSG00000162882.15,HAAO,23498,9.08147862169866e-11,0.547345817089081,-168495
chr2,hsa01100,Metabolic pathways - Homo sapiens (human),Brain_Substantia_nigra,chr2_42624088_A_G_b38,rs6544576,ENSG00000162882.15,HAAO,23498,9.08147862169866e-11,0.547345817089081,-168495
chr2,hsa00380,Tryptophan metabolism - Homo sapiens (human),Brain_Substantia_nigra,chr2_42625225_T_A_b38,rs13036059,ENSG00000162882.15,HAAO,23498,2.46312634180314e-09,0.497334659099579,-167358
chr2,hsa01100,Metabolic pathways - Homo sapiens (human),Brain_Substantia_nigra,chr2_42625225_T_A_b38,rs13036059,ENSG00000162882.15,HAAO,23498,2.46312634180314e-09,0.497334659099579,-167358
chr2,hsa00380,Tryptophan metabolism - Homo sapiens (human),Brain_Substantia_nigra,chr2_42625290_T_C_b38,rs13036232,ENSG00000162882.15,HAAO,23498,6.69034857936662e-10,0.517449259757996,-167293
chr2,hsa01100,Metabolic pathways - Homo sapiens (human),Brain_Substantia_nigra,chr2_42625290_T_C_b38,rs13036232,ENSG00000162882.15,HAAO,23498,6.69034857936662e-10,0.517449259757996,-167293
chr2,hsa00380,Tryptophan metabolism - Homo sapiens (human),Brain_Substantia_nigra,chr2_42627625_G_A_b38,rs6544577,ENSG00000162882.15,HAAO,23498,5.37839785936529e-09,0.49131253361702,-164958
chr2,hsa01100,Metabolic pathways - Homo sapiens (human),Brain_Substantia_nigra,chr2_42627625_G_A_b38,rs6544577,ENSG00000162882.15,HAAO,23498,5.37839785936529e-09,0.49131253361702,-164958
chr2,hsa00380,Tryptophan metabolism - Homo sapiens (human),Brain_Substantia_nigra,chr2_42629184_A_C_b38,rs6544578,ENSG00000162882.15,HAAO,23498,2.46313930051291e-09,0.497334599494934,-163399
chr2,hsa01100,Metabolic pathways - Homo sapiens (human),Brain_Substantia_nigra,chr2_42629184_A_C_b38,rs6544578,ENSG00000162882.15,HAAO,23498,2.46313930051291e-09,0.497334599494934,-163399
chr2,hsa00380,Tryptophan metabolism - Homo sapiens (human),Brain_Substantia_nigra,chr2_42629561_T_C_b38,rs6544579,ENSG00000162882.15,HAAO,23498,6.19188074758752e-09,0.499387741088867,-163022
chr2,hsa01100,Metabolic pathways - Homo sapiens (human),Brain_Substantia_nigra,chr2_42629561_T_C_b38,rs6544579,ENSG00000162882.15,HAAO,23498,6.19188074758752e-09,0.499387741088867,-163022
chr2,hsa00380,Tryptophan metabolism - Homo sapiens (human),Brain_Substantia_nigra,chr2_42629640_A_G_b38,rs6758688,ENSG00000162882.15,HAAO,23498,6.19188074758752e-09,0.499387741088867,-162943
chr2,hsa01100,Metabolic pathways - Homo sapiens (human),Brain_Substantia_nigra,chr2_42629640_A_G_b38,rs6758688,ENSG00000162882.15,HAAO,23498,6.19188074758752e-09,0.499387741088867,-162943
chr2,hsa00380,Tryptophan metabolism - Homo sapiens (human),Brain_Substantia_nigra,chr2_42631616_A_C_b38,rs2374435,ENSG00000162882.15,HAAO,23498,3.36920494775549e-09,0.508592367172241,-160967
chr2,hsa01100,Metabolic pathways - Homo sapiens (human),Brain_Substantia_nigra,chr2_42631616_A_C_b38,rs2374435,ENSG00000162882.15,HAAO,23498,3.36920494775549e-09,0.508592367172241,-160967
chr2,hsa00380,Tryptophan metabolism - Homo sapiens (human),Brain_Substantia_nigra,chr2_42631722_C_G_b38,rs4355164,ENSG00000162882.15,HAAO,23498,2.99361368299329e-09,0.505466043949127,-160861
chr2,hsa01100,Metabolic pathways - Homo sapiens (human),Brain_Substantia_nigra,chr2_42631722_C_G_b38,rs4355164,ENSG00000162882.15,HAAO,23498,2.99361368299329e-09,0.505466043949127,-160861
chr2,hsa00380,Tryptophan metabolism - Homo sapiens (human),Brain_Substantia_nigra,chr2_42631784_A_G_b38,rs2374436,ENSG00000162882.15,HAAO,23498,6.19188074758752e-09,0.499387741088867,-160799
chr2,hsa01100,Metabolic pathways - Homo sapiens (human),Brain_Substantia_nigra,chr2_42631784_A_G_b38,rs2374436,ENSG00000162882.15,HAAO,23498,6.19188074758752e-09,0.499387741088867,-160799
chr2,hsa00380,Tryptophan metabolism - Homo sapiens (human),Brain_Substantia_nigra,chr2_42632397_G_A_b38,rs11901849,ENSG00000162882.15,HAAO,23498,2.99361368299329e-09,0.505466043949127,-160186
chr2,hsa01100,Metabolic pathways - Homo sapiens (human),Brain_Substantia_nigra,chr2_42632397_G_A_b38,rs11901849,ENSG00000162882.15,HAAO,23498,2.99361368299329e-09,0.505466043949127,-160186
chr2,hsa00380,Tryptophan metabolism - Homo sapiens (human),Brain_Substantia_nigra,chr2_42632720_G_A_b38,rs6742450,ENSG00000162882.15,HAAO,23498,6.19188074758752e-09,0.499387741088867,-159863
chr2,hsa01100,Metabolic pathways - Homo sapiens (human),Brain_Substantia_nigra,chr2_42632720_G_A_b38,rs6742450,ENSG00000162882.15,HAAO,23498,6.19188074758752e-09,0.499387741088867,-159863
chr2,hsa00380,Tryptophan metabolism - Homo sapiens (human),Brain_Substantia_nigra,chr2_42633458_G_A_b38,rs7594977,ENSG00000162882.15,HAAO,23498,6.19188074758752e-09,0.499387741088867,-159125
chr2,hsa01100,Metabolic pathways - Homo sapiens (human),Brain_Substantia_nigra,chr2_42633458_G_A_b38,rs7594977,ENSG00000162882.15,HAAO,23498,6.19188074758752e-09,0.499387741088867,-159125
chr2,hsa00380,Tryptophan metabolism - Homo sapiens (human),Brain_Substantia_nigra,chr2_42634027_C_A_b38,rs10211285,ENSG00000162882.15,HAAO,23498,2.90238143859047e-09,0.513948440551758,-158556
chr2,hsa01100,Metabolic pathways - Homo sapiens (human),Brain_Substantia_nigra,chr2_42634027_C_A_b38,rs10211285,ENSG00000162882.15,HAAO,23498,2.90238143859047e-09,0.513948440551758,-158556
chr2,hsa00380,Tryptophan metabolism - Homo sapiens (human),Brain_Substantia_nigra,chr2_42634253_G_C_b38,rs12712854,ENSG00000162882.15,HAAO,23498,1.62945770126651e-09,0.524612963199616,-158330
chr2,hsa01100,Metabolic pathways - Homo sapiens (human),Brain_Substantia_nigra,chr2_42634253_G_C_b38,rs12712854,ENSG00000162882.15,HAAO,23498,1.62945770126651e-09,0.524612963199616,-158330
chr2,hsa00380,Tryptophan metabolism - Homo sapiens (human),Brain_Substantia_nigra,chr2_42634458_G_A_b38,rs12712855,ENSG00000162882.15,HAAO,23498,1.02518012035415e-09,0.520148575305939,-158125
chr2,hsa01100,Metabolic pathways - Homo sapiens (human),Brain_Substantia_nigra,chr2_42634458_G_A_b38,rs12712855,ENSG00000162882.15,HAAO,23498,1.02518012035415e-09,0.520148575305939,-158125
chr2,hsa00380,Tryptophan metabolism - Homo sapiens (human),Brain_Substantia_nigra,chr2_42636502_G_A_b38,rs13000904,ENSG00000162882.15,HAAO,23498,1.01084665680256e-08,0.472806811332703,-156081
chr2,hsa01100,Metabolic pathways - Homo sapiens (human),Brain_Substantia_nigra,chr2_42636502_G_A_b38,rs13000904,ENSG00000162882.15,HAAO,23498,1.01084665680256e-08,0.472806811332703,-156081
chr2,hsa00380,Tryptophan metabolism - Homo sapiens (human),Brain_Substantia_nigra,chr2_42637830_G_A_b38,rs2374437,ENSG00000162882.15,HAAO,23498,1.81249977357068e-09,0.501252174377441,-154753
chr2,hsa01100,Metabolic pathways - Homo sapiens (human),Brain_Substantia_nigra,chr2_42637830_G_A_b38,rs2374437,ENSG00000162882.15,HAAO,23498,1.81249977357068e-09,0.501252174377441,-154753
chr2,hsa00380,Tryptophan metabolism - Homo sapiens (human),Brain_Substantia_nigra,chr2_42638301_G_A_b38,rs13027020,ENSG00000162882.15,HAAO,23498,3.33521805025459e-09,0.498245745897293,-154282
chr2,hsa01100,Metabolic pathways - Homo sapiens (human),Brain_Substantia_nigra,chr2_42638301_G_A_b38,rs13027020,ENSG00000162882.15,HAAO,23498,3.33521805025459e-09,0.498245745897293,-154282
chr2,hsa00380,Tryptophan metabolism - Homo sapiens (human),Brain_Substantia_nigra,chr2_42641533_C_A_b38,rs12712856,ENSG00000162882.15,HAAO,23498,1.81249977357068e-09,0.501252174377441,-151050
chr2,hsa01100,Metabolic pathways - Homo sapiens (human),Brain_Substantia_nigra,chr2_42641533_C_A_b38,rs12712856,ENSG00000162882.15,HAAO,23498,1.81249977357068e-09,0.501252174377441,-151050
chr2,hsa00380,Tryptophan metabolism - Homo sapiens (human),Brain_Substantia_nigra,chr2_42641622_C_T_b38,rs12712857,ENSG00000162882.15,HAAO,23498,1.81249977357068e-09,0.501252174377441,-150961
chr2,hsa01100,Metabolic pathways - Homo sapiens (human),Brain_Substantia_nigra,chr2_42641622_C_T_b38,rs12712857,ENSG00000162882.15,HAAO,23498,1.81249977357068e-09,0.501252174377441,-150961
chr2,hsa00380,Tryptophan metabolism - Homo sapiens (human),Brain_Substantia_nigra,chr2_42642783_TACAGGTGCCTGCCACC_T_b38,rs6146737,ENSG00000162882.15,HAAO,23498,1.81249977357068e-09,0.501252174377441,-149800
chr2,hsa01100,Metabolic pathways - Homo sapiens (human),Brain_Substantia_nigra,chr2_42642783_TACAGGTGCCTGCCACC_T_b38,rs6146737,ENSG00000162882.15,HAAO,23498,1.81249977357068e-09,0.501252174377441,-149800
chr2,hsa00380,Tryptophan metabolism - Homo sapiens (human),Brain_Substantia_nigra,chr2_42643016_C_T_b38,rs4953528,ENSG00000162882.15,HAAO,23498,1.44356524920194e-09,0.514119267463684,-149567
chr2,hsa01100,Metabolic pathways - Homo sapiens (human),Brain_Substantia_nigra,chr2_42643016_C_T_b38,rs4953528,ENSG00000162882.15,HAAO,23498,1.44356524920194e-09,0.514119267463684,-149567
chr2,hsa00380,Tryptophan metabolism - Homo sapiens (human),Brain_Substantia_nigra,chr2_42643300_C_T_b38,rs4953529,ENSG00000162882.15,HAAO,23498,1.17583504306578e-09,0.506272256374359,-149283
chr2,hsa01100,Metabolic pathways - Homo sapiens (human),Brain_Substantia_nigra,chr2_42643300_C_T_b38,rs4953529,ENSG00000162882.15,HAAO,23498,1.17583504306578e-09,0.506272256374359,-149283
chr2,hsa00380,Tryptophan metabolism - Homo sapiens (human),Brain_Substantia_nigra,chr2_42643835_C_T_b38,rs2272447,ENSG00000162882.15,HAAO,23498,9.08153215996643e-11,0.547345757484436,-148748
chr2,hsa01100,Metabolic pathways - Homo sapiens (human),Brain_Substantia_nigra,chr2_42643835_C_T_b38,rs2272447,ENSG00000162882.15,HAAO,23498,9.08153215996643e-11,0.547345757484436,-148748
chr2,hsa00380,Tryptophan metabolism - Homo sapiens (human),Brain_Substantia_nigra,chr2_42646231_C_T_b38,rs4953530,ENSG00000162882.15,HAAO,23498,3.33521805025459e-09,0.498245745897293,-146352
chr2,hsa01100,Metabolic pathways - Homo sapiens (human),Brain_Substantia_nigra,chr2_42646231_C_T_b38,rs4953530,ENSG00000162882.15,HAAO,23498,3.33521805025459e-09,0.498245745897293,-146352
chr2,hsa00380,Tryptophan metabolism - Homo sapiens (human),Brain_Substantia_nigra,chr2_42646513_G_C_b38,rs6544582,ENSG00000162882.15,HAAO,23498,9.08147862169866e-11,0.547345817089081,-146070
chr2,hsa01100,Metabolic pathways - Homo sapiens (human),Brain_Substantia_nigra,chr2_42646513_G_C_b38,rs6544582,ENSG00000162882.15,HAAO,23498,9.08147862169866e-11,0.547345817089081,-146070
chr2,hsa00380,Tryptophan metabolism - Homo sapiens (human),Brain_Substantia_nigra,chr2_42646948_C_A_b38,rs4953531,ENSG00000162882.15,HAAO,23498,1.17583504306578e-09,0.506272256374359,-145635
chr2,hsa01100,Metabolic pathways - Homo sapiens (human),Brain_Substantia_nigra,chr2_42646948_C_A_b38,rs4953531,ENSG00000162882.15,HAAO,23498,1.17583504306578e-09,0.506272256374359,-145635
chr2,hsa00380,Tryptophan metabolism - Homo sapiens (human),Brain_Substantia_nigra,chr2_42647929_C_T_b38,rs11678863,ENSG00000162882.15,HAAO,23498,1.17583504306578e-09,0.506272256374359,-144654
chr2,hsa01100,Metabolic pathways - Homo sapiens (human),Brain_Substantia_nigra,chr2_42647929_C_T_b38,rs11678863,ENSG00000162882.15,HAAO,23498,1.17583504306578e-09,0.506272256374359,-144654
chr2,hsa00380,Tryptophan metabolism - Homo sapiens (human),Brain_Substantia_nigra,chr2_42649736_T_A_b38,rs6544583,ENSG00000162882.15,HAAO,23498,2.84898716098999e-11,0.562165260314941,-142847
chr2,hsa01100,Metabolic pathways - Homo sapiens (human),Brain_Substantia_nigra,chr2_42649736_T_A_b38,rs6544583,ENSG00000162882.15,HAAO,23498,2.84898716098999e-11,0.562165260314941,-142847
chr2,hsa00380,Tryptophan metabolism - Homo sapiens (human),Brain_Substantia_nigra,chr2_42651032_T_C_b38,rs2037884,ENSG00000162882.15,HAAO,23498,1.67376311502263e-11,0.581068456172943,-141551
chr2,hsa01100,Metabolic pathways - Homo sapiens (human),Brain_Substantia_nigra,chr2_42651032_T_C_b38,rs2037884,ENSG00000162882.15,HAAO,23498,1.67376311502263e-11,0.581068456172943,-141551
chr2,hsa00380,Tryptophan metabolism - Homo sapiens (human),Brain_Substantia_nigra,chr2_42653631_G_A_b38,rs12996750,ENSG00000162882.15,HAAO,23498,5.79264877189986e-10,0.53914737701416,-138952
chr2,hsa01100,Metabolic pathways - Homo sapiens (human),Brain_Substantia_nigra,chr2_42653631_G_A_b38,rs12996750,ENSG00000162882.15,HAAO,23498,5.79264877189986e-10,0.53914737701416,-138952
chr2,hsa00380,Tryptophan metabolism - Homo sapiens (human),Brain_Substantia_nigra,chr2_42654352_T_C_b38,rs10208367,ENSG00000162882.15,HAAO,23498,9.33367131384991e-12,0.588703393936157,-138231
chr2,hsa01100,Metabolic pathways - Homo sapiens (human),Brain_Substantia_nigra,chr2_42654352_T_C_b38,rs10208367,ENSG00000162882.15,HAAO,23498,9.33367131384991e-12,0.588703393936157,-138231
chr2,hsa00380,Tryptophan metabolism - Homo sapiens (human),Brain_Substantia_nigra,chr2_42654394_C_T_b38,rs10195899,ENSG00000162882.15,HAAO,23498,4.84094393904875e-10,0.529538631439209,-138189
chr2,hsa01100,Metabolic pathways - Homo sapiens (human),Brain_Substantia_nigra,chr2_42654394_C_T_b38,rs10195899,ENSG00000162882.15,HAAO,23498,4.84094393904875e-10,0.529538631439209,-138189
chr2,hsa00380,Tryptophan metabolism - Homo sapiens (human),Brain_Substantia_nigra,chr2_42654585_A_G_b38,rs10172447,ENSG00000162882.15,HAAO,23498,1.67376311502263e-11,0.581068456172943,-137998
chr2,hsa01100,Metabolic pathways - Homo sapiens (human),Brain_Substantia_nigra,chr2_42654585_A_G_b38,rs10172447,ENSG00000162882.15,HAAO,23498,1.67376311502263e-11,0.581068456172943,-137998
chr2,hsa00380,Tryptophan metabolism - Homo sapiens (human),Brain_Substantia_nigra,chr2_42655070_A_G_b38,rs10865183,ENSG00000162882.15,HAAO,23498,2.87786013155299e-11,0.575592577457428,-137513
chr2,hsa01100,Metabolic pathways - Homo sapiens (human),Brain_Substantia_nigra,chr2_42655070_A_G_b38,rs10865183,ENSG00000162882.15,HAAO,23498,2.87786013155299e-11,0.575592577457428,-137513
chr2,hsa00380,Tryptophan metabolism - Homo sapiens (human),Brain_Substantia_nigra,chr2_42655664_G_A_b38,rs6544584,ENSG00000162882.15,HAAO,23498,7.94793173678009e-10,0.523803949356079,-136919
chr2,hsa01100,Metabolic pathways - Homo sapiens (human),Brain_Substantia_nigra,chr2_42655664_G_A_b38,rs6544584,ENSG00000162882.15,HAAO,23498,7.94793173678009e-10,0.523803949356079,-136919
chr2,hsa00380,Tryptophan metabolism - Homo sapiens (human),Brain_Substantia_nigra,chr2_42655885_A_G_b38,rs7558422,ENSG00000162882.15,HAAO,23498,2.87786013155299e-11,0.575592577457428,-136698
chr2,hsa01100,Metabolic pathways - Homo sapiens (human),Brain_Substantia_nigra,chr2_42655885_A_G_b38,rs7558422,ENSG00000162882.15,HAAO,23498,2.87786013155299e-11,0.575592577457428,-136698
chr2,hsa00380,Tryptophan metabolism - Homo sapiens (human),Brain_Substantia_nigra,chr2_42658471_G_A_b38,rs9973454,ENSG00000162882.15,HAAO,23498,2.84898716098999e-11,0.562165260314941,-134112
chr2,hsa01100,Metabolic pathways - Homo sapiens (human),Brain_Substantia_nigra,chr2_42658471_G_A_b38,rs9973454,ENSG00000162882.15,HAAO,23498,2.84898716098999e-11,0.562165260314941,-134112
chr2,hsa00380,Tryptophan metabolism - Homo sapiens (human),Brain_Substantia_nigra,chr2_42662093_G_A_b38,rs7572190,ENSG00000162882.15,HAAO,23498,4.28012018388917e-10,0.519812285900116,-130490
chr2,hsa01100,Metabolic pathways - Homo sapiens (human),Brain_Substantia_nigra,chr2_42662093_G_A_b38,rs7572190,ENSG00000162882.15,HAAO,23498,4.28012018388917e-10,0.519812285900116,-130490
chr2,hsa00380,Tryptophan metabolism - Homo sapiens (human),Brain_Substantia_nigra,chr2_42662947_T_C_b38,rs10203855,ENSG00000162882.15,HAAO,23498,6.9081757337794e-10,0.514092147350311,-129636
chr2,hsa01100,Metabolic pathways - Homo sapiens (human),Brain_Substantia_nigra,chr2_42662947_T_C_b38,rs10203855,ENSG00000162882.15,HAAO,23498,6.9081757337794e-10,0.514092147350311,-129636
chr2,hsa00380,Tryptophan metabolism - Homo sapiens (human),Brain_Substantia_nigra,chr2_42662992_GT_G_b38,rs35014874,ENSG00000162882.15,HAAO,23498,6.9081757337794e-10,0.514092147350311,-129591
chr2,hsa01100,Metabolic pathways - Homo sapiens (human),Brain_Substantia_nigra,chr2_42662992_GT_G_b38,rs35014874,ENSG00000162882.15,HAAO,23498,6.9081757337794e-10,0.514092147350311,-129591
chr2,hsa00380,Tryptophan metabolism - Homo sapiens (human),Brain_Substantia_nigra,chr2_42665450_T_C_b38,rs6749160,ENSG00000162882.15,HAAO,23498,8.50729392889617e-11,0.551423072814941,-127133
chr2,hsa01100,Metabolic pathways - Homo sapiens (human),Brain_Substantia_nigra,chr2_42665450_T_C_b38,rs6749160,ENSG00000162882.15,HAAO,23498,8.50729392889617e-11,0.551423072814941,-127133
chr2,hsa00380,Tryptophan metabolism - Homo sapiens (human),Brain_Substantia_nigra,chr2_42665999_C_T_b38,rs7586943,ENSG00000162882.15,HAAO,23498,1.27287399944513e-09,0.51158344745636,-126584
chr2,hsa01100,Metabolic pathways - Homo sapiens (human),Brain_Substantia_nigra,chr2_42665999_C_T_b38,rs7586943,ENSG00000162882.15,HAAO,23498,1.27287399944513e-09,0.51158344745636,-126584
chr2,hsa00380,Tryptophan metabolism - Homo sapiens (human),Brain_Substantia_nigra,chr2_42666167_C_T_b38,rs11900308,ENSG00000162882.15,HAAO,23498,1.27287399944513e-09,0.51158344745636,-126416
chr2,hsa01100,Metabolic pathways - Homo sapiens (human),Brain_Substantia_nigra,chr2_42666167_C_T_b38,rs11900308,ENSG00000162882.15,HAAO,23498,1.27287399944513e-09,0.51158344745636,-126416
chr2,hsa00380,Tryptophan metabolism - Homo sapiens (human),Brain_Substantia_nigra,chr2_42668347_C_T_b38,rs6724638,ENSG00000162882.15,HAAO,23498,4.24714970626967e-10,0.519560813903809,-124236
chr2,hsa01100,Metabolic pathways - Homo sapiens (human),Brain_Substantia_nigra,chr2_42668347_C_T_b38,rs6724638,ENSG00000162882.15,HAAO,23498,4.24714970626967e-10,0.519560813903809,-124236
chr2,hsa00380,Tryptophan metabolism - Homo sapiens (human),Brain_Substantia_nigra,chr2_42669065_G_C_b38,rs7578653,ENSG00000162882.15,HAAO,23498,8.50729392889617e-11,0.551423072814941,-123518
chr2,hsa01100,Metabolic pathways - Homo sapiens (human),Brain_Substantia_nigra,chr2_42669065_G_C_b38,rs7578653,ENSG00000162882.15,HAAO,23498,8.50729392889617e-11,0.551423072814941,-123518
chr2,hsa00380,Tryptophan metabolism - Homo sapiens (human),Brain_Substantia_nigra,chr2_42669115_C_G_b38,rs7578494,ENSG00000162882.15,HAAO,23498,2.63368475038047e-10,0.525080740451813,-123468
chr2,hsa01100,Metabolic pathways - Homo sapiens (human),Brain_Substantia_nigra,chr2_42669115_C_G_b38,rs7578494,ENSG00000162882.15,HAAO,23498,2.63368475038047e-10,0.525080740451813,-123468
chr2,hsa00380,Tryptophan metabolism - Homo sapiens (human),Brain_Substantia_nigra,chr2_42671775_A_G_b38,rs6708408,ENSG00000162882.15,HAAO,23498,7.6767483958743e-10,0.516938984394074,-120808
chr2,hsa01100,Metabolic pathways - Homo sapiens (human),Brain_Substantia_nigra,chr2_42671775_A_G_b38,rs6708408,ENSG00000162882.15,HAAO,23498,7.6767483958743e-10,0.516938984394074,-120808
chr2,hsa00380,Tryptophan metabolism - Homo sapiens (human),Brain_Substantia_nigra,chr2_42672619_C_T_b38,rs4444592,ENSG00000162882.15,HAAO,23498,7.99567876720826e-10,0.516790807247162,-119964
chr2,hsa01100,Metabolic pathways - Homo sapiens (human),Brain_Substantia_nigra,chr2_42672619_C_T_b38,rs4444592,ENSG00000162882.15,HAAO,23498,7.99567876720826e-10,0.516790807247162,-119964
chr2,hsa00380,Tryptophan metabolism - Homo sapiens (human),Brain_Substantia_nigra,chr2_42672878_C_G_b38,rs62142750,ENSG00000162882.15,HAAO,23498,8.50729392889617e-11,0.551423072814941,-119705
chr2,hsa01100,Metabolic pathways - Homo sapiens (human),Brain_Substantia_nigra,chr2_42672878_C_G_b38,rs62142750,ENSG00000162882.15,HAAO,23498,8.50729392889617e-11,0.551423072814941,-119705
chr2,hsa00380,Tryptophan metabolism - Homo sapiens (human),Brain_Substantia_nigra,chr2_42672947_C_A_b38,rs62142751,ENSG00000162882.15,HAAO,23498,8.50729392889617e-11,0.551423072814941,-119636
chr2,hsa01100,Metabolic pathways - Homo sapiens (human),Brain_Substantia_nigra,chr2_42672947_C_A_b38,rs62142751,ENSG00000162882.15,HAAO,23498,8.50729392889617e-11,0.551423072814941,-119636
chr2,hsa00380,Tryptophan metabolism - Homo sapiens (human),Brain_Substantia_nigra,chr2_42677427_C_T_b38,rs6739714,ENSG00000162882.15,HAAO,23498,1.27287399944513e-09,0.51158344745636,-115156
chr2,hsa01100,Metabolic pathways - Homo sapiens (human),Brain_Substantia_nigra,chr2_42677427_C_T_b38,rs6739714,ENSG00000162882.15,HAAO,23498,1.27287399944513e-09,0.51158344745636,-115156
chr2,hsa00380,Tryptophan metabolism - Homo sapiens (human),Brain_Substantia_nigra,chr2_42680915_G_GT_b38,rs5830736,ENSG00000162882.15,HAAO,23498,2.63368475038047e-10,0.525080740451813,-111668
chr2,hsa01100,Metabolic pathways - Homo sapiens (human),Brain_Substantia_nigra,chr2_42680915_G_GT_b38,rs5830736,ENSG00000162882.15,HAAO,23498,2.63368475038047e-10,0.525080740451813,-111668
chr2,hsa00380,Tryptophan metabolism - Homo sapiens (human),Brain_Substantia_nigra,chr2_42681811_T_C_b38,rs13023683,ENSG00000162882.15,HAAO,23498,9.77350489889105e-12,0.570403456687927,-110772
chr2,hsa01100,Metabolic pathways - Homo sapiens (human),Brain_Substantia_nigra,chr2_42681811_T_C_b38,rs13023683,ENSG00000162882.15,HAAO,23498,9.77350489889105e-12,0.570403456687927,-110772
chr2,hsa00380,Tryptophan metabolism - Homo sapiens (human),Brain_Substantia_nigra,chr2_42681870_A_G_b38,rs2374438,ENSG00000162882.15,HAAO,23498,1.78007738670572e-10,0.542255103588104,-110713
chr2,hsa01100,Metabolic pathways - Homo sapiens (human),Brain_Substantia_nigra,chr2_42681870_A_G_b38,rs2374438,ENSG00000162882.15,HAAO,23498,1.78007738670572e-10,0.542255103588104,-110713
chr2,hsa00380,Tryptophan metabolism - Homo sapiens (human),Brain_Substantia_nigra,chr2_42683779_G_A_b38,rs11679371,ENSG00000162882.15,HAAO,23498,3.91365423515633e-10,0.522716760635376,-108804
chr2,hsa01100,Metabolic pathways - Homo sapiens (human),Brain_Substantia_nigra,chr2_42683779_G_A_b38,rs11679371,ENSG00000162882.15,HAAO,23498,3.91365423515633e-10,0.522716760635376,-108804
chr2,hsa00380,Tryptophan metabolism - Homo sapiens (human),Brain_Substantia_nigra,chr2_42683800_G_C_b38,rs11679377,ENSG00000162882.15,HAAO,23498,2.38349322761773e-10,0.528610050678253,-108783
chr2,hsa01100,Metabolic pathways - Homo sapiens (human),Brain_Substantia_nigra,chr2_42683800_G_C_b38,rs11679377,ENSG00000162882.15,HAAO,23498,2.38349322761773e-10,0.528610050678253,-108783
chr2,hsa00380,Tryptophan metabolism - Homo sapiens (human),Brain_Substantia_nigra,chr2_42683843_A_T_b38,rs11690432,ENSG00000162882.15,HAAO,23498,1.45336063438349e-11,0.571751594543457,-108740
chr2,hsa01100,Metabolic pathways - Homo sapiens (human),Brain_Substantia_nigra,chr2_42683843_A_T_b38,rs11690432,ENSG00000162882.15,HAAO,23498,1.45336063438349e-11,0.571751594543457,-108740
chr2,hsa00380,Tryptophan metabolism - Homo sapiens (human),Brain_Substantia_nigra,chr2_42684895_T_C_b38,rs4953562,ENSG00000162882.15,HAAO,23498,2.38349322761773e-10,0.528610050678253,-107688
chr2,hsa01100,Metabolic pathways - Homo sapiens (human),Brain_Substantia_nigra,chr2_42684895_T_C_b38,rs4953562,ENSG00000162882.15,HAAO,23498,2.38349322761773e-10,0.528610050678253,-107688
chr2,hsa00380,Tryptophan metabolism - Homo sapiens (human),Brain_Substantia_nigra,chr2_42685125_G_C_b38,rs4952908,ENSG00000162882.15,HAAO,23498,3.91365423515633e-10,0.522716760635376,-107458
chr2,hsa01100,Metabolic pathways - Homo sapiens (human),Brain_Substantia_nigra,chr2_42685125_G_C_b38,rs4952908,ENSG00000162882.15,HAAO,23498,3.91365423515633e-10,0.522716760635376,-107458
chr2,hsa00380,Tryptophan metabolism - Homo sapiens (human),Brain_Substantia_nigra,chr2_42685241_T_C_b38,rs4952909,ENSG00000162882.15,HAAO,23498,7.02280803057158e-10,0.521146893501282,-107342
chr2,hsa01100,Metabolic pathways - Homo sapiens (human),Brain_Substantia_nigra,chr2_42685241_T_C_b38,rs4952909,ENSG00000162882.15,HAAO,23498,7.02280803057158e-10,0.521146893501282,-107342
chr2,hsa00380,Tryptophan metabolism - Homo sapiens (human),Brain_Substantia_nigra,chr2_42685353_A_G_b38,rs4953564,ENSG00000162882.15,HAAO,23498,3.91365423515633e-10,0.522716760635376,-107230
chr2,hsa01100,Metabolic pathways - Homo sapiens (human),Brain_Substantia_nigra,chr2_42685353_A_G_b38,rs4953564,ENSG00000162882.15,HAAO,23498,3.91365423515633e-10,0.522716760635376,-107230
chr2,hsa00380,Tryptophan metabolism - Homo sapiens (human),Brain_Substantia_nigra,chr2_42685377_C_T_b38,rs4952910,ENSG00000162882.15,HAAO,23498,7.02280803057158e-10,0.521146893501282,-107206
chr2,hsa01100,Metabolic pathways - Homo sapiens (human),Brain_Substantia_nigra,chr2_42685377_C_T_b38,rs4952910,ENSG00000162882.15,HAAO,23498,7.02280803057158e-10,0.521146893501282,-107206
chr2,hsa00380,Tryptophan metabolism - Homo sapiens (human),Brain_Substantia_nigra,chr2_42691160_T_C_b38,rs4953569,ENSG00000162882.15,HAAO,23498,8.52852812414618e-12,0.576814889907837,-101423
chr2,hsa01100,Metabolic pathways - Homo sapiens (human),Brain_Substantia_nigra,chr2_42691160_T_C_b38,rs4953569,ENSG00000162882.15,HAAO,23498,8.52852812414618e-12,0.576814889907837,-101423
chr2,hsa00380,Tryptophan metabolism - Homo sapiens (human),Brain_Substantia_nigra,chr2_42698025_G_A_b38,rs4411758,ENSG00000162882.15,HAAO,23498,5.72565337868821e-11,0.557525217533112,-94558
chr2,hsa01100,Metabolic pathways - Homo sapiens (human),Brain_Substantia_nigra,chr2_42698025_G_A_b38,rs4411758,ENSG00000162882.15,HAAO,23498,5.72565337868821e-11,0.557525217533112,-94558
chr2,hsa00380,Tryptophan metabolism - Homo sapiens (human),Brain_Substantia_nigra,chr2_42708516_A_G_b38,rs4953576,ENSG00000162882.15,HAAO,23498,7.27612336166432e-11,0.549588561058044,-84067
chr2,hsa01100,Metabolic pathways - Homo sapiens (human),Brain_Substantia_nigra,chr2_42708516_A_G_b38,rs4953576,ENSG00000162882.15,HAAO,23498,7.27612336166432e-11,0.549588561058044,-84067
chr2,hsa00380,Tryptophan metabolism - Homo sapiens (human),Brain_Substantia_nigra,chr2_42711041_C_T_b38,rs4953580,ENSG00000162882.15,HAAO,23498,1.67895786682601e-11,0.567376136779785,-81542
chr2,hsa01100,Metabolic pathways - Homo sapiens (human),Brain_Substantia_nigra,chr2_42711041_C_T_b38,rs4953580,ENSG00000162882.15,HAAO,23498,1.67895786682601e-11,0.567376136779785,-81542
chr2,hsa00380,Tryptophan metabolism - Homo sapiens (human),Brain_Substantia_nigra,chr2_42713719_G_T_b38,rs4953583,ENSG00000162882.15,HAAO,23498,1.86347058467879e-12,0.594667613506317,-78864
chr2,hsa01100,Metabolic pathways - Homo sapiens (human),Brain_Substantia_nigra,chr2_42713719_G_T_b38,rs4953583,ENSG00000162882.15,HAAO,23498,1.86347058467879e-12,0.594667613506317,-78864
chr2,hsa00380,Tryptophan metabolism - Homo sapiens (human),Brain_Substantia_nigra,chr2_42741615_G_GA_b38,rs34087140,ENSG00000162882.15,HAAO,23498,1.13878648973199e-08,0.414061307907105,-50968
chr2,hsa01100,Metabolic pathways - Homo sapiens (human),Brain_Substantia_nigra,chr2_42741615_G_GA_b38,rs34087140,ENSG00000162882.15,HAAO,23498,1.13878648973199e-08,0.414061307907105,-50968
chr2,hsa00380,Tryptophan metabolism - Homo sapiens (human),Brain_Substantia_nigra,chr2_42750140_C_A_b38,rs6713059,ENSG00000162882.15,HAAO,23498,2.49797237337546e-08,0.404341965913773,-42443
chr2,hsa01100,Metabolic pathways - Homo sapiens (human),Brain_Substantia_nigra,chr2_42750140_C_A_b38,rs6713059,ENSG00000162882.15,HAAO,23498,2.49797237337546e-08,0.404341965913773,-42443
chr2,hsa00380,Tryptophan metabolism - Homo sapiens (human),Brain_Substantia_nigra,chr2_42755864_T_C_b38,rs4953641,ENSG00000162882.15,HAAO,23498,2.10617774996295e-08,0.393562585115433,-36719
chr2,hsa01100,Metabolic pathways - Homo sapiens (human),Brain_Substantia_nigra,chr2_42755864_T_C_b38,rs4953641,ENSG00000162882.15,HAAO,23498,2.10617774996295e-08,0.393562585115433,-36719
chr2,hsa00380,Tryptophan metabolism - Homo sapiens (human),Brain_Substantia_nigra,chr2_42757350_A_G_b38,rs7578904,ENSG00000162882.15,HAAO,23498,1.84290557793634e-08,0.403004169464111,-35233
chr2,hsa01100,Metabolic pathways - Homo sapiens (human),Brain_Substantia_nigra,chr2_42757350_A_G_b38,rs7578904,ENSG00000162882.15,HAAO,23498,1.84290557793634e-08,0.403004169464111,-35233
chr2,hsa00380,Tryptophan metabolism - Homo sapiens (human),Brain_Substantia_nigra,chr2_42757567_T_A_b38,rs7566714,ENSG00000162882.15,HAAO,23498,6.10350850277454e-09,0.407458961009979,-35016
chr2,hsa01100,Metabolic pathways - Homo sapiens (human),Brain_Substantia_nigra,chr2_42757567_T_A_b38,rs7566714,ENSG00000162882.15,HAAO,23498,6.10350850277454e-09,0.407458961009979,-35016
chr2,hsa00380,Tryptophan metabolism - Homo sapiens (human),Brain_Substantia_nigra,chr2_42757874_A_G_b38,rs11124887,ENSG00000162882.15,HAAO,23498,3.19047505006915e-08,0.384096026420593,-34709
chr2,hsa01100,Metabolic pathways - Homo sapiens (human),Brain_Substantia_nigra,chr2_42757874_A_G_b38,rs11124887,ENSG00000162882.15,HAAO,23498,3.19047505006915e-08,0.384096026420593,-34709
chr2,hsa00380,Tryptophan metabolism - Homo sapiens (human),Brain_Substantia_nigra,chr2_42758663_T_C_b38,rs6719977,ENSG00000162882.15,HAAO,23498,4.33994575415826e-08,0.378684282302856,-33920
chr2,hsa01100,Metabolic pathways - Homo sapiens (human),Brain_Substantia_nigra,chr2_42758663_T_C_b38,rs6719977,ENSG00000162882.15,HAAO,23498,4.33994575415826e-08,0.378684282302856,-33920
chr2,hsa00380,Tryptophan metabolism - Homo sapiens (human),Brain_Substantia_nigra,chr2_42762304_A_G_b38,rs2278582,ENSG00000162882.15,HAAO,23498,1.34502554760549e-08,0.403055906295776,-30279
chr2,hsa01100,Metabolic pathways - Homo sapiens (human),Brain_Substantia_nigra,chr2_42762304_A_G_b38,rs2278582,ENSG00000162882.15,HAAO,23498,1.34502554760549e-08,0.403055906295776,-30279
chr2,hsa00380,Tryptophan metabolism - Homo sapiens (human),Brain_Substantia_nigra,chr2_42762604_G_C_b38,rs2278584,ENSG00000162882.15,HAAO,23498,7.1429450133569e-09,0.401856392621994,-29979
chr2,hsa01100,Metabolic pathways - Homo sapiens (human),Brain_Substantia_nigra,chr2_42762604_G_C_b38,rs2278584,ENSG00000162882.15,HAAO,23498,7.1429450133569e-09,0.401856392621994,-29979
chr2,hsa00380,Tryptophan metabolism - Homo sapiens (human),Brain_Substantia_nigra,chr2_42763196_T_G_b38,rs1992286,ENSG00000162882.15,HAAO,23498,7.1429450133569e-09,0.401856392621994,-29387
chr2,hsa01100,Metabolic pathways - Homo sapiens (human),Brain_Substantia_nigra,chr2_42763196_T_G_b38,rs1992286,ENSG00000162882.15,HAAO,23498,7.1429450133569e-09,0.401856392621994,-29387
chr2,hsa00380,Tryptophan metabolism - Homo sapiens (human),Brain_Substantia_nigra,chr2_42764883_T_C_b38,rs893735,ENSG00000162882.15,HAAO,23498,4.80634672262801e-12,0.507652401924133,-27700
chr2,hsa01100,Metabolic pathways - Homo sapiens (human),Brain_Substantia_nigra,chr2_42764883_T_C_b38,rs893735,ENSG00000162882.15,HAAO,23498,4.80634672262801e-12,0.507652401924133,-27700
chr2,hsa00380,Tryptophan metabolism - Homo sapiens (human),Brain_Substantia_nigra,chr2_42766026_T_G_b38,rs965374,ENSG00000162882.15,HAAO,23498,1.44026457978993e-11,0.483824640512466,-26557
chr2,hsa01100,Metabolic pathways - Homo sapiens (human),Brain_Substantia_nigra,chr2_42766026_T_G_b38,rs965374,ENSG00000162882.15,HAAO,23498,1.44026457978993e-11,0.483824640512466,-26557
chr2,hsa00380,Tryptophan metabolism - Homo sapiens (human),Brain_Substantia_nigra,chr2_42766642_T_C_b38,rs4953657,ENSG00000162882.15,HAAO,23498,1.92344907444328e-11,0.493570744991303,-25941
chr2,hsa01100,Metabolic pathways - Homo sapiens (human),Brain_Substantia_nigra,chr2_42766642_T_C_b38,rs4953657,ENSG00000162882.15,HAAO,23498,1.92344907444328e-11,0.493570744991303,-25941
chr2,hsa00380,Tryptophan metabolism - Homo sapiens (human),Brain_Substantia_nigra,chr2_42770810_T_C_b38,rs55802110,ENSG00000162882.15,HAAO,23498,6.88443920111754e-09,0.420249879360199,-21773
chr2,hsa01100,Metabolic pathways - Homo sapiens (human),Brain_Substantia_nigra,chr2_42770810_T_C_b38,rs55802110,ENSG00000162882.15,HAAO,23498,6.88443920111754e-09,0.420249879360199,-21773
chr2,hsa00380,Tryptophan metabolism - Homo sapiens (human),Brain_Substantia_nigra,chr2_42770948_A_G_b38,rs55727995,ENSG00000162882.15,HAAO,23498,6.88443920111754e-09,0.420249879360199,-21635
chr2,hsa01100,Metabolic pathways - Homo sapiens (human),Brain_Substantia_nigra,chr2_42770948_A_G_b38,rs55727995,ENSG00000162882.15,HAAO,23498,6.88443920111754e-09,0.420249879360199,-21635
chr2,hsa00380,Tryptophan metabolism - Homo sapiens (human),Brain_Substantia_nigra,chr2_42771376_A_G_b38,rs12467275,ENSG00000162882.15,HAAO,23498,8.445175461856e-09,0.418192356824875,-21207
chr2,hsa01100,Metabolic pathways - Homo sapiens (human),Brain_Substantia_nigra,chr2_42771376_A_G_b38,rs12467275,ENSG00000162882.15,HAAO,23498,8.445175461856e-09,0.418192356824875,-21207
chr2,hsa00380,Tryptophan metabolism - Homo sapiens (human),Brain_Substantia_nigra,chr2_42773759_T_C_b38,rs10172104,ENSG00000162882.15,HAAO,23498,1.49830117845846e-12,0.632694840431213,-18824
chr2,hsa01100,Metabolic pathways - Homo sapiens (human),Brain_Substantia_nigra,chr2_42773759_T_C_b38,rs10172104,ENSG00000162882.15,HAAO,23498,1.49830117845846e-12,0.632694840431213,-18824
chr2,hsa00380,Tryptophan metabolism - Homo sapiens (human),Brain_Substantia_nigra,chr2_42774915_A_G_b38,rs2119015,ENSG00000162882.15,HAAO,23498,2.96916110626179e-12,0.62358158826828,-17668
chr2,hsa01100,Metabolic pathways - Homo sapiens (human),Brain_Substantia_nigra,chr2_42774915_A_G_b38,rs2119015,ENSG00000162882.15,HAAO,23498,2.96916110626179e-12,0.62358158826828,-17668
chr2,hsa00380,Tryptophan metabolism - Homo sapiens (human),Brain_Substantia_nigra,chr2_42775790_G_A_b38,rs2374442,ENSG00000162882.15,HAAO,23498,1.90112159048798e-12,0.629123628139496,-16793
chr2,hsa01100,Metabolic pathways - Homo sapiens (human),Brain_Substantia_nigra,chr2_42775790_G_A_b38,rs2374442,ENSG00000162882.15,HAAO,23498,1.90112159048798e-12,0.629123628139496,-16793
chr2,hsa00380,Tryptophan metabolism - Homo sapiens (human),Brain_Substantia_nigra,chr2_42780834_A_G_b38,rs12988049,ENSG00000162882.15,HAAO,23498,2.96916110626179e-12,0.62358158826828,-11749
chr2,hsa01100,Metabolic pathways - Homo sapiens (human),Brain_Substantia_nigra,chr2_42780834_A_G_b38,rs12988049,ENSG00000162882.15,HAAO,23498,2.96916110626179e-12,0.62358158826828,-11749
chr2,hsa00380,Tryptophan metabolism - Homo sapiens (human),Brain_Substantia_nigra,chr2_42781206_A_G_b38,rs4952935,ENSG00000162882.15,HAAO,23498,8.88905853565337e-13,0.610021352767944,-11377
chr2,hsa01100,Metabolic pathways - Homo sapiens (human),Brain_Substantia_nigra,chr2_42781206_A_G_b38,rs4952935,ENSG00000162882.15,HAAO,23498,8.88905853565337e-13,0.610021352767944,-11377
chr2,hsa00380,Tryptophan metabolism - Homo sapiens (human),Brain_Substantia_nigra,chr2_42784302_A_C_b38,rs6737859,ENSG00000162882.15,HAAO,23498,4.9525878440974e-13,0.616589903831482,-8281
chr2,hsa01100,Metabolic pathways - Homo sapiens (human),Brain_Substantia_nigra,chr2_42784302_A_C_b38,rs6737859,ENSG00000162882.15,HAAO,23498,4.9525878440974e-13,0.616589903831482,-8281
chr2,hsa00380,Tryptophan metabolism - Homo sapiens (human),Brain_Substantia_nigra,chr2_42786197_G_T_b38,rs6717616,ENSG00000162882.15,HAAO,23498,4.76892021932075e-13,0.609657943248749,-6386
chr2,hsa01100,Metabolic pathways - Homo sapiens (human),Brain_Substantia_nigra,chr2_42786197_G_T_b38,rs6717616,ENSG00000162882.15,HAAO,23498,4.76892021932075e-13,0.609657943248749,-6386
chr2,hsa00380,Tryptophan metabolism - Homo sapiens (human),Brain_Substantia_nigra,chr2_42786453_T_G_b38,rs6544597,ENSG00000162882.15,HAAO,23498,4.76885420595058e-13,0.609658062458038,-6130
chr2,hsa01100,Metabolic pathways - Homo sapiens (human),Brain_Substantia_nigra,chr2_42786453_T_G_b38,rs6544597,ENSG00000162882.15,HAAO,23498,4.76885420595058e-13,0.609658062458038,-6130
chr2,hsa00380,Tryptophan metabolism - Homo sapiens (human),Brain_Substantia_nigra,chr2_42786632_C_T_b38,rs12617051,ENSG00000162882.15,HAAO,23498,2.13281159688771e-09,0.445307672023773,-5951
chr2,hsa01100,Metabolic pathways - Homo sapiens (human),Brain_Substantia_nigra,chr2_42786632_C_T_b38,rs12617051,ENSG00000162882.15,HAAO,23498,2.13281159688771e-09,0.445307672023773,-5951
chr2,hsa00380,Tryptophan metabolism - Homo sapiens (human),Brain_Substantia_nigra,chr2_42787164_C_A_b38,rs11124892,ENSG00000162882.15,HAAO,23498,4.76885420595058e-13,0.609658062458038,-5419
chr2,hsa01100,Metabolic pathways - Homo sapiens (human),Brain_Substantia_nigra,chr2_42787164_C_A_b38,rs11124892,ENSG00000162882.15,HAAO,23498,4.76885420595058e-13,0.609658062458038,-5419
chr2,hsa00380,Tryptophan metabolism - Homo sapiens (human),Brain_Substantia_nigra,chr2_42788084_A_G_b38,rs893729,ENSG00000162882.15,HAAO,23498,2.4585252550875e-13,0.61745685338974,-4499
chr2,hsa01100,Metabolic pathways - Homo sapiens (human),Brain_Substantia_nigra,chr2_42788084_A_G_b38,rs893729,ENSG00000162882.15,HAAO,23498,2.4585252550875e-13,0.61745685338974,-4499
chr2,hsa00380,Tryptophan metabolism - Homo sapiens (human),Brain_Substantia_nigra,chr2_42788226_T_A_b38,rs893730,ENSG00000162882.15,HAAO,23498,1.24840680043454e-12,0.603688538074493,-4357
chr2,hsa01100,Metabolic pathways - Homo sapiens (human),Brain_Substantia_nigra,chr2_42788226_T_A_b38,rs893730,ENSG00000162882.15,HAAO,23498,1.24840680043454e-12,0.603688538074493,-4357
chr2,hsa00380,Tryptophan metabolism - Homo sapiens (human),Brain_Substantia_nigra,chr2_42788261_T_C_b38,rs3816179,ENSG00000162882.15,HAAO,23498,1.24840680043454e-12,0.603688538074493,-4322
chr2,hsa01100,Metabolic pathways - Homo sapiens (human),Brain_Substantia_nigra,chr2_42788261_T_C_b38,rs3816179,ENSG00000162882.15,HAAO,23498,1.24840680043454e-12,0.603688538074493,-4322
chr2,hsa00380,Tryptophan metabolism - Homo sapiens (human),Brain_Substantia_nigra,chr2_42788292_T_C_b38,rs893731,ENSG00000162882.15,HAAO,23498,2.4585252550875e-13,0.61745685338974,-4291
chr2,hsa01100,Metabolic pathways - Homo sapiens (human),Brain_Substantia_nigra,chr2_42788292_T_C_b38,rs893731,ENSG00000162882.15,HAAO,23498,2.4585252550875e-13,0.61745685338974,-4291
chr2,hsa00380,Tryptophan metabolism - Homo sapiens (human),Brain_Substantia_nigra,chr2_42788472_G_T_b38,rs3816181,ENSG00000162882.15,HAAO,23498,2.4585252550875e-13,0.61745685338974,-4111
chr2,hsa01100,Metabolic pathways - Homo sapiens (human),Brain_Substantia_nigra,chr2_42788472_G_T_b38,rs3816181,ENSG00000162882.15,HAAO,23498,2.4585252550875e-13,0.61745685338974,-4111
chr2,hsa00380,Tryptophan metabolism - Homo sapiens (human),Brain_Substantia_nigra,chr2_42788579_T_C_b38,rs3816183,ENSG00000162882.15,HAAO,23498,1.24840680043454e-12,0.603688538074493,-4004
chr2,hsa01100,Metabolic pathways - Homo sapiens (human),Brain_Substantia_nigra,chr2_42788579_T_C_b38,rs3816183,ENSG00000162882.15,HAAO,23498,1.24840680043454e-12,0.603688538074493,-4004
chr2,hsa00380,Tryptophan metabolism - Homo sapiens (human),Brain_Substantia_nigra,chr2_42788617_G_A_b38,rs3816184,ENSG00000162882.15,HAAO,23498,1.24840680043454e-12,0.603688538074493,-3966
chr2,hsa01100,Metabolic pathways - Homo sapiens (human),Brain_Substantia_nigra,chr2_42788617_G_A_b38,rs3816184,ENSG00000162882.15,HAAO,23498,1.24840680043454e-12,0.603688538074493,-3966
chr2,hsa00380,Tryptophan metabolism - Homo sapiens (human),Brain_Substantia_nigra,chr2_42788762_G_A_b38,rs3816185,ENSG00000162882.15,HAAO,23498,1.24840680043454e-12,0.603688538074493,-3821
chr2,hsa01100,Metabolic pathways - Homo sapiens (human),Brain_Substantia_nigra,chr2_42788762_G_A_b38,rs3816185,ENSG00000162882.15,HAAO,23498,1.24840680043454e-12,0.603688538074493,-3821
chr2,hsa00380,Tryptophan metabolism - Homo sapiens (human),Brain_Substantia_nigra,chr2_42788867_A_G_b38,rs7422835,ENSG00000162882.15,HAAO,23498,1.24840680043454e-12,0.603688538074493,-3716
chr2,hsa01100,Metabolic pathways - Homo sapiens (human),Brain_Substantia_nigra,chr2_42788867_A_G_b38,rs7422835,ENSG00000162882.15,HAAO,23498,1.24840680043454e-12,0.603688538074493,-3716
chr2,hsa00380,Tryptophan metabolism - Homo sapiens (human),Brain_Substantia_nigra,chr2_42788925_G_A_b38,rs10174617,ENSG00000162882.15,HAAO,23498,1.24840680043454e-12,0.603688538074493,-3658
chr2,hsa01100,Metabolic pathways - Homo sapiens (human),Brain_Substantia_nigra,chr2_42788925_G_A_b38,rs10174617,ENSG00000162882.15,HAAO,23498,1.24840680043454e-12,0.603688538074493,-3658
chr2,hsa00380,Tryptophan metabolism - Homo sapiens (human),Brain_Substantia_nigra,chr2_42789455_A_C_b38,rs2011388,ENSG00000162882.15,HAAO,23498,2.4585252550875e-13,0.61745685338974,-3128
chr2,hsa01100,Metabolic pathways - Homo sapiens (human),Brain_Substantia_nigra,chr2_42789455_A_C_b38,rs2011388,ENSG00000162882.15,HAAO,23498,2.4585252550875e-13,0.61745685338974,-3128
chr2,hsa00380,Tryptophan metabolism - Homo sapiens (human),Brain_Substantia_nigra,chr2_42789567_TTAAA_T_b38,.,ENSG00000162882.15,HAAO,23498,2.4585252550875e-13,0.61745685338974,-3016
chr2,hsa01100,Metabolic pathways - Homo sapiens (human),Brain_Substantia_nigra,chr2_42789567_TTAAA_T_b38,.,ENSG00000162882.15,HAAO,23498,2.4585252550875e-13,0.61745685338974,-3016
chr2,hsa00380,Tryptophan metabolism - Homo sapiens (human),Brain_Substantia_nigra,chr2_42789698_C_T_b38,rs893733,ENSG00000162882.15,HAAO,23498,5.13077217673355e-13,0.604620039463043,-2885
chr2,hsa01100,Metabolic pathways - Homo sapiens (human),Brain_Substantia_nigra,chr2_42789698_C_T_b38,rs893733,ENSG00000162882.15,HAAO,23498,5.13077217673355e-13,0.604620039463043,-2885
chr2,hsa00380,Tryptophan metabolism - Homo sapiens (human),Brain_Substantia_nigra,chr2_42789801_A_G_b38,rs3772061,ENSG00000162882.15,HAAO,23498,2.4585252550875e-13,0.61745685338974,-2782
chr2,hsa01100,Metabolic pathways - Homo sapiens (human),Brain_Substantia_nigra,chr2_42789801_A_G_b38,rs3772061,ENSG00000162882.15,HAAO,23498,2.4585252550875e-13,0.61745685338974,-2782
chr2,hsa00380,Tryptophan metabolism - Homo sapiens (human),Brain_Substantia_nigra,chr2_42789905_T_C_b38,rs3772062,ENSG00000162882.15,HAAO,23498,2.4585252550875e-13,0.61745685338974,-2678
chr2,hsa01100,Metabolic pathways - Homo sapiens (human),Brain_Substantia_nigra,chr2_42789905_T_C_b38,rs3772062,ENSG00000162882.15,HAAO,23498,2.4585252550875e-13,0.61745685338974,-2678
chr2,hsa00380,Tryptophan metabolism - Homo sapiens (human),Brain_Substantia_nigra,chr2_42789955_A_G_b38,rs3772063,ENSG00000162882.15,HAAO,23498,2.4585252550875e-13,0.61745685338974,-2628
chr2,hsa01100,Metabolic pathways - Homo sapiens (human),Brain_Substantia_nigra,chr2_42789955_A_G_b38,rs3772063,ENSG00000162882.15,HAAO,23498,2.4585252550875e-13,0.61745685338974,-2628
chr2,hsa00380,Tryptophan metabolism - Homo sapiens (human),Brain_Substantia_nigra,chr2_42790276_T_C_b38,rs10193013,ENSG00000162882.15,HAAO,23498,1.27575089329818e-14,0.641812086105347,-2307
chr2,hsa01100,Metabolic pathways - Homo sapiens (human),Brain_Substantia_nigra,chr2_42790276_T_C_b38,rs10193013,ENSG00000162882.15,HAAO,23498,1.27575089329818e-14,0.641812086105347,-2307
chr2,hsa00380,Tryptophan metabolism - Homo sapiens (human),Brain_Substantia_nigra,chr2_42790362_A_G_b38,rs10204098,ENSG00000162882.15,HAAO,23498,1.27575089329818e-14,0.641812086105347,-2221
chr2,hsa01100,Metabolic pathways - Homo sapiens (human),Brain_Substantia_nigra,chr2_42790362_A_G_b38,rs10204098,ENSG00000162882.15,HAAO,23498,1.27575089329818e-14,0.641812086105347,-2221
chr2,hsa00380,Tryptophan metabolism - Homo sapiens (human),Brain_Substantia_nigra,chr2_42790380_A_G_b38,rs10204105,ENSG00000162882.15,HAAO,23498,1.27575089329818e-14,0.641812086105347,-2203
chr2,hsa01100,Metabolic pathways - Homo sapiens (human),Brain_Substantia_nigra,chr2_42790380_A_G_b38,rs10204105,ENSG00000162882.15,HAAO,23498,1.27575089329818e-14,0.641812086105347,-2203
chr2,hsa00380,Tryptophan metabolism - Homo sapiens (human),Brain_Substantia_nigra,chr2_42790528_GT_G_b38,rs60966394,ENSG00000162882.15,HAAO,23498,1.27575089329818e-14,0.641812086105347,-2055
chr2,hsa01100,Metabolic pathways - Homo sapiens (human),Brain_Substantia_nigra,chr2_42790528_GT_G_b38,rs60966394,ENSG00000162882.15,HAAO,23498,1.27575089329818e-14,0.641812086105347,-2055
chr2,hsa00380,Tryptophan metabolism - Homo sapiens (human),Brain_Substantia_nigra,chr2_42790607_G_C_b38,rs10180962,ENSG00000162882.15,HAAO,23498,1.27575089329818e-14,0.641812086105347,-1976
chr2,hsa01100,Metabolic pathways - Homo sapiens (human),Brain_Substantia_nigra,chr2_42790607_G_C_b38,rs10180962,ENSG00000162882.15,HAAO,23498,1.27575089329818e-14,0.641812086105347,-1976
chr2,hsa00380,Tryptophan metabolism - Homo sapiens (human),Brain_Substantia_nigra,chr2_42790714_C_T_b38,rs10180893,ENSG00000162882.15,HAAO,23498,1.27575089329818e-14,0.641812086105347,-1869
chr2,hsa01100,Metabolic pathways - Homo sapiens (human),Brain_Substantia_nigra,chr2_42790714_C_T_b38,rs10180893,ENSG00000162882.15,HAAO,23498,1.27575089329818e-14,0.641812086105347,-1869
chr2,hsa00380,Tryptophan metabolism - Homo sapiens (human),Brain_Substantia_nigra,chr2_42790914_T_C_b38,rs12998043,ENSG00000162882.15,HAAO,23498,1.27575089329818e-14,0.641812086105347,-1669
chr2,hsa01100,Metabolic pathways - Homo sapiens (human),Brain_Substantia_nigra,chr2_42790914_T_C_b38,rs12998043,ENSG00000162882.15,HAAO,23498,1.27575089329818e-14,0.641812086105347,-1669
chr2,hsa00380,Tryptophan metabolism - Homo sapiens (human),Brain_Substantia_nigra,chr2_42790947_A_C_b38,rs13026205,ENSG00000162882.15,HAAO,23498,1.27575089329818e-14,0.641812086105347,-1636
chr2,hsa01100,Metabolic pathways - Homo sapiens (human),Brain_Substantia_nigra,chr2_42790947_A_C_b38,rs13026205,ENSG00000162882.15,HAAO,23498,1.27575089329818e-14,0.641812086105347,-1636
chr2,hsa00380,Tryptophan metabolism - Homo sapiens (human),Brain_Substantia_nigra,chr2_42791394_T_G_b38,rs10196492,ENSG00000162882.15,HAAO,23498,1.27575089329818e-14,0.641812086105347,-1189
chr2,hsa01100,Metabolic pathways - Homo sapiens (human),Brain_Substantia_nigra,chr2_42791394_T_G_b38,rs10196492,ENSG00000162882.15,HAAO,23498,1.27575089329818e-14,0.641812086105347,-1189
chr2,hsa00380,Tryptophan metabolism - Homo sapiens (human),Brain_Substantia_nigra,chr2_42791504_A_G_b38,rs2374444,ENSG00000162882.15,HAAO,23498,1.27575089329818e-14,0.641812086105347,-1079
chr2,hsa01100,Metabolic pathways - Homo sapiens (human),Brain_Substantia_nigra,chr2_42791504_A_G_b38,rs2374444,ENSG00000162882.15,HAAO,23498,1.27575089329818e-14,0.641812086105347,-1079
chr2,hsa00380,Tryptophan metabolism - Homo sapiens (human),Brain_Substantia_nigra,chr2_42791776_A_G_b38,rs1821981,ENSG00000162882.15,HAAO,23498,1.00102660403192e-14,0.641732215881348,-807
chr2,hsa01100,Metabolic pathways - Homo sapiens (human),Brain_Substantia_nigra,chr2_42791776_A_G_b38,rs1821981,ENSG00000162882.15,HAAO,23498,1.00102660403192e-14,0.641732215881348,-807
chr2,hsa00380,Tryptophan metabolism - Homo sapiens (human),Brain_Substantia_nigra,chr2_42792004_C_T_b38,rs920390,ENSG00000162882.15,HAAO,23498,1.00102660403192e-14,0.641732215881348,-579
chr2,hsa01100,Metabolic pathways - Homo sapiens (human),Brain_Substantia_nigra,chr2_42792004_C_T_b38,rs920390,ENSG00000162882.15,HAAO,23498,1.00102660403192e-14,0.641732215881348,-579
chr2,hsa00380,Tryptophan metabolism - Homo sapiens (human),Brain_Substantia_nigra,chr2_42792207_G_C_b38,rs920391,ENSG00000162882.15,HAAO,23498,1.00102660403192e-14,0.641732215881348,-376
chr2,hsa01100,Metabolic pathways - Homo sapiens (human),Brain_Substantia_nigra,chr2_42792207_G_C_b38,rs920391,ENSG00000162882.15,HAAO,23498,1.00102660403192e-14,0.641732215881348,-376
chr2,hsa00380,Tryptophan metabolism - Homo sapiens (human),Brain_Substantia_nigra,chr2_42792224_G_C_b38,rs920392,ENSG00000162882.15,HAAO,23498,1.00102660403192e-14,0.641732215881348,-359
chr2,hsa01100,Metabolic pathways - Homo sapiens (human),Brain_Substantia_nigra,chr2_42792224_G_C_b38,rs920392,ENSG00000162882.15,HAAO,23498,1.00102660403192e-14,0.641732215881348,-359
chr2,hsa00380,Tryptophan metabolism - Homo sapiens (human),Brain_Substantia_nigra,chr2_42792590_A_G_b38,rs2304656,ENSG00000162882.15,HAAO,23498,1.00102660403192e-14,0.641732215881348,7
chr2,hsa01100,Metabolic pathways - Homo sapiens (human),Brain_Substantia_nigra,chr2_42792590_A_G_b38,rs2304656,ENSG00000162882.15,HAAO,23498,1.00102660403192e-14,0.641732215881348,7
chr2,hsa00380,Tryptophan metabolism - Homo sapiens (human),Brain_Substantia_nigra,chr2_42792787_T_C_b38,rs2304657,ENSG00000162882.15,HAAO,23498,1.27575089329818e-14,0.641812086105347,204
chr2,hsa01100,Metabolic pathways - Homo sapiens (human),Brain_Substantia_nigra,chr2_42792787_T_C_b38,rs2304657,ENSG00000162882.15,HAAO,23498,1.27575089329818e-14,0.641812086105347,204
chr2,hsa00380,Tryptophan metabolism - Homo sapiens (human),Brain_Substantia_nigra,chr2_42793096_G_C_b38,rs6724265,ENSG00000162882.15,HAAO,23498,1.27575089329818e-14,0.641812086105347,513
chr2,hsa01100,Metabolic pathways - Homo sapiens (human),Brain_Substantia_nigra,chr2_42793096_G_C_b38,rs6724265,ENSG00000162882.15,HAAO,23498,1.27575089329818e-14,0.641812086105347,513
chr2,hsa00380,Tryptophan metabolism - Homo sapiens (human),Brain_Substantia_nigra,chr2_42793695_C_T_b38,rs2278579,ENSG00000162882.15,HAAO,23498,2.30840642345971e-14,0.631394147872925,1112
chr2,hsa01100,Metabolic pathways - Homo sapiens (human),Brain_Substantia_nigra,chr2_42793695_C_T_b38,rs2278579,ENSG00000162882.15,HAAO,23498,2.30840642345971e-14,0.631394147872925,1112
chr2,hsa00380,Tryptophan metabolism - Homo sapiens (human),Brain_Substantia_nigra,chr2_42793701_T_C_b38,rs2278580,ENSG00000162882.15,HAAO,23498,2.30840642345971e-14,0.631394147872925,1118
chr2,hsa01100,Metabolic pathways - Homo sapiens (human),Brain_Substantia_nigra,chr2_42793701_T_C_b38,rs2278580,ENSG00000162882.15,HAAO,23498,2.30840642345971e-14,0.631394147872925,1118
chr2,hsa00380,Tryptophan metabolism - Homo sapiens (human),Brain_Substantia_nigra,chr2_42793774_A_G_b38,rs2278581,ENSG00000162882.15,HAAO,23498,2.30840642345971e-14,0.631394147872925,1191
chr2,hsa01100,Metabolic pathways - Homo sapiens (human),Brain_Substantia_nigra,chr2_42793774_A_G_b38,rs2278581,ENSG00000162882.15,HAAO,23498,2.30840642345971e-14,0.631394147872925,1191
chr2,hsa00380,Tryptophan metabolism - Homo sapiens (human),Brain_Substantia_nigra,chr2_42794196_T_A_b38,rs3806583,ENSG00000162882.15,HAAO,23498,1.0833317167739e-10,0.478583335876465,1613
chr2,hsa01100,Metabolic pathways - Homo sapiens (human),Brain_Substantia_nigra,chr2_42794196_T_A_b38,rs3806583,ENSG00000162882.15,HAAO,23498,1.0833317167739e-10,0.478583335876465,1613
chr2,hsa00380,Tryptophan metabolism - Homo sapiens (human),Brain_Substantia_nigra,chr2_42794609_C_T_b38,rs1439644,ENSG00000162882.15,HAAO,23498,2.30840642345971e-14,0.631394147872925,2026
chr2,hsa01100,Metabolic pathways - Homo sapiens (human),Brain_Substantia_nigra,chr2_42794609_C_T_b38,rs1439644,ENSG00000162882.15,HAAO,23498,2.30840642345971e-14,0.631394147872925,2026
chr2,hsa00380,Tryptophan metabolism - Homo sapiens (human),Brain_Substantia_nigra,chr2_42794943_G_GTTCT_b38,rs10634383,ENSG00000162882.15,HAAO,23498,2.30840642345971e-14,0.631394147872925,2360
chr2,hsa01100,Metabolic pathways - Homo sapiens (human),Brain_Substantia_nigra,chr2_42794943_G_GTTCT_b38,rs10634383,ENSG00000162882.15,HAAO,23498,2.30840642345971e-14,0.631394147872925,2360
chr2,hsa00380,Tryptophan metabolism - Homo sapiens (human),Brain_Substantia_nigra,chr2_42795268_T_G_b38,rs920393,ENSG00000162882.15,HAAO,23498,2.30840642345971e-14,0.631394147872925,2685
chr2,hsa01100,Metabolic pathways - Homo sapiens (human),Brain_Substantia_nigra,chr2_42795268_T_G_b38,rs920393,ENSG00000162882.15,HAAO,23498,2.30840642345971e-14,0.631394147872925,2685
chr2,hsa00380,Tryptophan metabolism - Homo sapiens (human),Brain_Substantia_nigra,chr2_42795580_A_G_b38,rs13006059,ENSG00000162882.15,HAAO,23498,1.08332536709145e-10,0.47858339548111,2997
chr2,hsa01100,Metabolic pathways - Homo sapiens (human),Brain_Substantia_nigra,chr2_42795580_A_G_b38,rs13006059,ENSG00000162882.15,HAAO,23498,1.08332536709145e-10,0.47858339548111,2997
chr2,hsa00380,Tryptophan metabolism - Homo sapiens (human),Brain_Substantia_nigra,chr2_42795828_G_A_b38,rs7583085,ENSG00000162882.15,HAAO,23498,3.59306692738209e-14,0.626136124134064,3245
chr2,hsa01100,Metabolic pathways - Homo sapiens (human),Brain_Substantia_nigra,chr2_42795828_G_A_b38,rs7583085,ENSG00000162882.15,HAAO,23498,3.59306692738209e-14,0.626136124134064,3245
chr2,hsa00380,Tryptophan metabolism - Homo sapiens (human),Brain_Substantia_nigra,chr2_42795864_C_T_b38,rs7582883,ENSG00000162882.15,HAAO,23498,2.30840642345971e-14,0.631394147872925,3281
chr2,hsa01100,Metabolic pathways - Homo sapiens (human),Brain_Substantia_nigra,chr2_42795864_C_T_b38,rs7582883,ENSG00000162882.15,HAAO,23498,2.30840642345971e-14,0.631394147872925,3281
chr2,hsa00380,Tryptophan metabolism - Homo sapiens (human),Brain_Substantia_nigra,chr2_42796518_C_T_b38,rs4953663,ENSG00000162882.15,HAAO,23498,2.30840642345971e-14,0.631394147872925,3935
chr2,hsa01100,Metabolic pathways - Homo sapiens (human),Brain_Substantia_nigra,chr2_42796518_C_T_b38,rs4953663,ENSG00000162882.15,HAAO,23498,2.30840642345971e-14,0.631394147872925,3935
chr2,hsa00380,Tryptophan metabolism - Homo sapiens (human),Brain_Substantia_nigra,chr2_42797536_C_A_b38,rs4953664,ENSG00000162882.15,HAAO,23498,7.25909317237258e-14,0.615912139415741,4953
chr2,hsa01100,Metabolic pathways - Homo sapiens (human),Brain_Substantia_nigra,chr2_42797536_C_A_b38,rs4953664,ENSG00000162882.15,HAAO,23498,7.25909317237258e-14,0.615912139415741,4953
chr2,hsa00380,Tryptophan metabolism - Homo sapiens (human),Brain_Substantia_nigra,chr2_42797963_G_A_b38,rs4952938,ENSG00000162882.15,HAAO,23498,2.30840642345971e-14,0.631394147872925,5380
chr2,hsa01100,Metabolic pathways - Homo sapiens (human),Brain_Substantia_nigra,chr2_42797963_G_A_b38,rs4952938,ENSG00000162882.15,HAAO,23498,2.30840642345971e-14,0.631394147872925,5380
chr2,hsa00380,Tryptophan metabolism - Homo sapiens (human),Brain_Substantia_nigra,chr2_42798067_T_C_b38,rs4952939,ENSG00000162882.15,HAAO,23498,2.30840642345971e-14,0.631394147872925,5484
chr2,hsa01100,Metabolic pathways - Homo sapiens (human),Brain_Substantia_nigra,chr2_42798067_T_C_b38,rs4952939,ENSG00000162882.15,HAAO,23498,2.30840642345971e-14,0.631394147872925,5484
chr2,hsa00380,Tryptophan metabolism - Homo sapiens (human),Brain_Substantia_nigra,chr2_42798282_T_C_b38,rs11691418,ENSG00000162882.15,HAAO,23498,2.30840642345971e-14,0.631394147872925,5699
chr2,hsa01100,Metabolic pathways - Homo sapiens (human),Brain_Substantia_nigra,chr2_42798282_T_C_b38,rs11691418,ENSG00000162882.15,HAAO,23498,2.30840642345971e-14,0.631394147872925,5699
chr2,hsa00380,Tryptophan metabolism - Homo sapiens (human),Brain_Substantia_nigra,chr2_42798601_A_G_b38,rs4328684,ENSG00000162882.15,HAAO,23498,2.30840642345971e-14,0.631394147872925,6018
chr2,hsa01100,Metabolic pathways - Homo sapiens (human),Brain_Substantia_nigra,chr2_42798601_A_G_b38,rs4328684,ENSG00000162882.15,HAAO,23498,2.30840642345971e-14,0.631394147872925,6018
chr2,hsa00380,Tryptophan metabolism - Homo sapiens (human),Brain_Substantia_nigra,chr2_42798901_A_T_b38,rs4953665,ENSG00000162882.15,HAAO,23498,7.25909317237258e-14,0.615912139415741,6318
chr2,hsa01100,Metabolic pathways - Homo sapiens (human),Brain_Substantia_nigra,chr2_42798901_A_T_b38,rs4953665,ENSG00000162882.15,HAAO,23498,7.25909317237258e-14,0.615912139415741,6318
chr2,hsa00380,Tryptophan metabolism - Homo sapiens (human),Brain_Substantia_nigra,chr2_42803547_T_C_b38,rs4953666,ENSG00000162882.15,HAAO,23498,8.67443861846393e-13,0.609768271446228,10964
chr2,hsa01100,Metabolic pathways - Homo sapiens (human),Brain_Substantia_nigra,chr2_42803547_T_C_b38,rs4953666,ENSG00000162882.15,HAAO,23498,8.67443861846393e-13,0.609768271446228,10964
chr2,hsa00380,Tryptophan metabolism - Homo sapiens (human),Brain_Substantia_nigra,chr2_42804179_C_A_b38,rs6544599,ENSG00000162882.15,HAAO,23498,1.09871373153477e-10,0.55989807844162,11596
chr2,hsa01100,Metabolic pathways - Homo sapiens (human),Brain_Substantia_nigra,chr2_42804179_C_A_b38,rs6544599,ENSG00000162882.15,HAAO,23498,1.09871373153477e-10,0.55989807844162,11596
chr2,hsa00380,Tryptophan metabolism - Homo sapiens (human),Brain_Substantia_nigra,chr2_42805101_C_T_b38,rs11124894,ENSG00000162882.15,HAAO,23498,1.10705408416761e-09,0.53484046459198,12518
chr2,hsa01100,Metabolic pathways - Homo sapiens (human),Brain_Substantia_nigra,chr2_42805101_C_T_b38,rs11124894,ENSG00000162882.15,HAAO,23498,1.10705408416761e-09,0.53484046459198,12518
chr2,hsa00380,Tryptophan metabolism - Homo sapiens (human),Brain_Substantia_nigra,chr2_42806026_A_G_b38,rs6726482,ENSG00000162882.15,HAAO,23498,4.20121691135636e-10,0.546440660953522,13443
chr2,hsa01100,Metabolic pathways - Homo sapiens (human),Brain_Substantia_nigra,chr2_42806026_A_G_b38,rs6726482,ENSG00000162882.15,HAAO,23498,4.20121691135636e-10,0.546440660953522,13443
chr2,hsa00380,Tryptophan metabolism - Homo sapiens (human),Brain_Substantia_nigra,chr2_42806205_T_C_b38,rs6544600,ENSG00000162882.15,HAAO,23498,4.20122867554259e-10,0.546440660953522,13622
chr2,hsa01100,Metabolic pathways - Homo sapiens (human),Brain_Substantia_nigra,chr2_42806205_T_C_b38,rs6544600,ENSG00000162882.15,HAAO,23498,4.20122867554259e-10,0.546440660953522,13622
chr2,hsa00380,Tryptophan metabolism - Homo sapiens (human),Brain_Substantia_nigra,chr2_42821101_T_G_b38,rs10196084,ENSG00000162882.15,HAAO,23498,1.76262514407455e-08,0.492980599403381,28518
chr2,hsa01100,Metabolic pathways - Homo sapiens (human),Brain_Substantia_nigra,chr2_42821101_T_G_b38,rs10196084,ENSG00000162882.15,HAAO,23498,1.76262514407455e-08,0.492980599403381,28518
chr2,hsa00380,Tryptophan metabolism - Homo sapiens (human),Brain_Substantia_nigra,chr2_42823328_A_G_b38,rs1347930,ENSG00000162882.15,HAAO,23498,4.05014572547911e-10,0.542309403419495,30745
chr2,hsa01100,Metabolic pathways - Homo sapiens (human),Brain_Substantia_nigra,chr2_42823328_A_G_b38,rs1347930,ENSG00000162882.15,HAAO,23498,4.05014572547911e-10,0.542309403419495,30745
chr2,hsa00380,Tryptophan metabolism - Homo sapiens (human),Brain_Substantia_nigra,chr2_42828665_A_G_b38,rs4953667,ENSG00000162882.15,HAAO,23498,7.69042286902541e-10,0.528794407844544,36082
chr2,hsa01100,Metabolic pathways - Homo sapiens (human),Brain_Substantia_nigra,chr2_42828665_A_G_b38,rs4953667,ENSG00000162882.15,HAAO,23498,7.69042286902541e-10,0.528794407844544,36082
chr2,hsa00380,Tryptophan metabolism - Homo sapiens (human),Brain_Substantia_nigra,chr2_42828999_T_G_b38,rs893727,ENSG00000162882.15,HAAO,23498,3.07655952384249e-08,0.470620602369309,36416
chr2,hsa01100,Metabolic pathways - Homo sapiens (human),Brain_Substantia_nigra,chr2_42828999_T_G_b38,rs893727,ENSG00000162882.15,HAAO,23498,3.07655952384249e-08,0.470620602369309,36416
chr2,hsa00380,Tryptophan metabolism - Homo sapiens (human),Brain_Substantia_nigra,chr2_42829000_T_G_b38,rs893728,ENSG00000162882.15,HAAO,23498,3.07655952384249e-08,0.470620602369309,36417
chr2,hsa01100,Metabolic pathways - Homo sapiens (human),Brain_Substantia_nigra,chr2_42829000_T_G_b38,rs893728,ENSG00000162882.15,HAAO,23498,3.07655952384249e-08,0.470620602369309,36417
chr2,hsa00380,Tryptophan metabolism - Homo sapiens (human),Brain_Substantia_nigra,chr2_42834506_C_G_b38,rs6544603,ENSG00000162882.15,HAAO,23498,1.16038480409346e-08,0.509468615055084,41923
chr2,hsa01100,Metabolic pathways - Homo sapiens (human),Brain_Substantia_nigra,chr2_42834506_C_G_b38,rs6544603,ENSG00000162882.15,HAAO,23498,1.16038480409346e-08,0.509468615055084,41923
chr2,hsa00380,Tryptophan metabolism - Homo sapiens (human),Brain_Substantia_nigra,chr2_42837194_T_A_b38,rs2119020,ENSG00000162882.15,HAAO,23498,3.76056914430296e-08,0.493407994508743,44611
chr2,hsa01100,Metabolic pathways - Homo sapiens (human),Brain_Substantia_nigra,chr2_42837194_T_A_b38,rs2119020,ENSG00000162882.15,HAAO,23498,3.76056914430296e-08,0.493407994508743,44611
chr2,hsa00380,Tryptophan metabolism - Homo sapiens (human),Brain_Substantia_nigra,chr2_42838415_T_C_b38,rs1992284,ENSG00000162882.15,HAAO,23498,2.19460894383447e-08,0.501536428928375,45832
chr2,hsa01100,Metabolic pathways - Homo sapiens (human),Brain_Substantia_nigra,chr2_42838415_T_C_b38,rs1992284,ENSG00000162882.15,HAAO,23498,2.19460894383447e-08,0.501536428928375,45832
chr2,hsa00380,Tryptophan metabolism - Homo sapiens (human),Brain_Substantia_nigra,chr2_42839446_T_C_b38,rs4953668,ENSG00000162882.15,HAAO,23498,3.008000301422e-08,0.498290002346039,46863
chr2,hsa01100,Metabolic pathways - Homo sapiens (human),Brain_Substantia_nigra,chr2_42839446_T_C_b38,rs4953668,ENSG00000162882.15,HAAO,23498,3.008000301422e-08,0.498290002346039,46863
chr2,hsa00380,Tryptophan metabolism - Homo sapiens (human),Brain_Substantia_nigra,chr2_42839966_A_G_b38,rs1371405,ENSG00000162882.15,HAAO,23498,2.19460894383447e-08,0.501536428928375,47383
chr2,hsa01100,Metabolic pathways - Homo sapiens (human),Brain_Substantia_nigra,chr2_42839966_A_G_b38,rs1371405,ENSG00000162882.15,HAAO,23498,2.19460894383447e-08,0.501536428928375,47383
chr2,hsa00380,Tryptophan metabolism - Homo sapiens (human),Brain_Substantia_nigra,chr2_42842836_C_A_b38,rs4953669,ENSG00000162882.15,HAAO,23498,3.76056914430296e-08,0.493407994508743,50253
chr2,hsa01100,Metabolic pathways - Homo sapiens (human),Brain_Substantia_nigra,chr2_42842836_C_A_b38,rs4953669,ENSG00000162882.15,HAAO,23498,3.76056914430296e-08,0.493407994508743,50253
chr2,hsa00380,Tryptophan metabolism - Homo sapiens (human),Brain_Substantia_nigra,chr2_42849897_G_T_b38,rs4528815,ENSG00000162882.15,HAAO,23498,9.8864089119827e-09,0.523949563503265,57314
chr2,hsa01100,Metabolic pathways - Homo sapiens (human),Brain_Substantia_nigra,chr2_42849897_G_T_b38,rs4528815,ENSG00000162882.15,HAAO,23498,9.8864089119827e-09,0.523949563503265,57314
chr2,hsa00380,Tryptophan metabolism - Homo sapiens (human),Brain_Substantia_nigra,chr2_42850052_T_C_b38,rs4284880,ENSG00000162882.15,HAAO,23498,9.8864089119827e-09,0.523949563503265,57469
chr2,hsa01100,Metabolic pathways - Homo sapiens (human),Brain_Substantia_nigra,chr2_42850052_T_C_b38,rs4284880,ENSG00000162882.15,HAAO,23498,9.8864089119827e-09,0.523949563503265,57469
chr2,hsa00380,Tryptophan metabolism - Homo sapiens (human),Brain_Substantia_nigra,chr2_42850603_G_C_b38,rs11890952,ENSG00000162882.15,HAAO,23498,9.8864089119827e-09,0.523949563503265,58020
chr2,hsa01100,Metabolic pathways - Homo sapiens (human),Brain_Substantia_nigra,chr2_42850603_G_C_b38,rs11890952,ENSG00000162882.15,HAAO,23498,9.8864089119827e-09,0.523949563503265,58020
chr2,hsa00380,Tryptophan metabolism - Homo sapiens (human),Brain_Substantia_nigra,chr2_42851315_A_G_b38,rs12712866,ENSG00000162882.15,HAAO,23498,9.8864089119827e-09,0.523949563503265,58732
chr2,hsa01100,Metabolic pathways - Homo sapiens (human),Brain_Substantia_nigra,chr2_42851315_A_G_b38,rs12712866,ENSG00000162882.15,HAAO,23498,9.8864089119827e-09,0.523949563503265,58732
chr2,hsa00380,Tryptophan metabolism - Homo sapiens (human),Brain_Substantia_nigra,chr2_42852698_C_T_b38,rs6720606,ENSG00000162882.15,HAAO,23498,4.22854355712172e-08,0.492140144109726,60115
chr2,hsa01100,Metabolic pathways - Homo sapiens (human),Brain_Substantia_nigra,chr2_42852698_C_T_b38,rs6720606,ENSG00000162882.15,HAAO,23498,4.22854355712172e-08,0.492140144109726,60115
chr2,hsa00380,Tryptophan metabolism - Homo sapiens (human),Brain_Substantia_nigra,chr2_42852704_G_C_b38,rs6720801,ENSG00000162882.15,HAAO,23498,1.22918999200395e-08,0.512779116630554,60121
chr2,hsa01100,Metabolic pathways - Homo sapiens (human),Brain_Substantia_nigra,chr2_42852704_G_C_b38,rs6720801,ENSG00000162882.15,HAAO,23498,1.22918999200395e-08,0.512779116630554,60121
chr2,hsa00380,Tryptophan metabolism - Homo sapiens (human),Brain_Substantia_nigra,chr2_42852899_A_G_b38,rs6749246,ENSG00000162882.15,HAAO,23498,9.8864089119827e-09,0.523949563503265,60316
chr2,hsa01100,Metabolic pathways - Homo sapiens (human),Brain_Substantia_nigra,chr2_42852899_A_G_b38,rs6749246,ENSG00000162882.15,HAAO,23498,9.8864089119827e-09,0.523949563503265,60316
chr2,hsa00380,Tryptophan metabolism - Homo sapiens (human),Brain_Substantia_nigra,chr2_42854299_A_G_b38,rs10169957,ENSG00000162882.15,HAAO,23498,3.19224851542336e-08,0.476648598909378,61716
chr2,hsa01100,Metabolic pathways - Homo sapiens (human),Brain_Substantia_nigra,chr2_42854299_A_G_b38,rs10169957,ENSG00000162882.15,HAAO,23498,3.19224851542336e-08,0.476648598909378,61716
chr2,hsa00380,Tryptophan metabolism - Homo sapiens (human),Brain_Substantia_nigra,chr2_42854788_A_G_b38,rs6544605,ENSG00000162882.15,HAAO,23498,1.72358499546444e-08,0.508935809135437,62205
chr2,hsa01100,Metabolic pathways - Homo sapiens (human),Brain_Substantia_nigra,chr2_42854788_A_G_b38,rs6544605,ENSG00000162882.15,HAAO,23498,1.72358499546444e-08,0.508935809135437,62205
chr2,hsa00380,Tryptophan metabolism - Homo sapiens (human),Brain_Substantia_nigra,chr2_42854922_G_A_b38,rs4952943,ENSG00000162882.15,HAAO,23498,2.01048015077263e-08,0.499625205993652,62339
chr2,hsa01100,Metabolic pathways - Homo sapiens (human),Brain_Substantia_nigra,chr2_42854922_G_A_b38,rs4952943,ENSG00000162882.15,HAAO,23498,2.01048015077263e-08,0.499625205993652,62339
chr2,hsa00380,Tryptophan metabolism - Homo sapiens (human),Brain_Substantia_nigra,chr2_42855759_G_A_b38,rs7582737,ENSG00000162882.15,HAAO,23498,2.01048015077263e-08,0.499625205993652,63176
chr2,hsa01100,Metabolic pathways - Homo sapiens (human),Brain_Substantia_nigra,chr2_42855759_G_A_b38,rs7582737,ENSG00000162882.15,HAAO,23498,2.01048015077263e-08,0.499625205993652,63176
chr2,hsa00380,Tryptophan metabolism - Homo sapiens (human),Brain_Substantia_nigra,chr2_42855930_C_T_b38,rs7585445,ENSG00000162882.15,HAAO,23498,4.31692171325543e-08,0.468769580125809,63347
chr2,hsa01100,Metabolic pathways - Homo sapiens (human),Brain_Substantia_nigra,chr2_42855930_C_T_b38,rs7585445,ENSG00000162882.15,HAAO,23498,4.31692171325543e-08,0.468769580125809,63347
chr2,hsa00380,Tryptophan metabolism - Homo sapiens (human),Brain_Substantia_nigra,chr2_42856139_A_G_b38,rs10176547,ENSG00000162882.15,HAAO,23498,9.8864089119827e-09,0.523949563503265,63556
chr2,hsa01100,Metabolic pathways - Homo sapiens (human),Brain_Substantia_nigra,chr2_42856139_A_G_b38,rs10176547,ENSG00000162882.15,HAAO,23498,9.8864089119827e-09,0.523949563503265,63556
chr2,hsa00380,Tryptophan metabolism - Homo sapiens (human),Brain_Substantia_nigra,chr2_42856378_C_G_b38,rs10200363,ENSG00000162882.15,HAAO,23498,3.19224851542336e-08,0.476648598909378,63795
chr2,hsa01100,Metabolic pathways - Homo sapiens (human),Brain_Substantia_nigra,chr2_42856378_C_G_b38,rs10200363,ENSG00000162882.15,HAAO,23498,3.19224851542336e-08,0.476648598909378,63795
chr2,hsa00380,Tryptophan metabolism - Homo sapiens (human),Brain_Substantia_nigra,chr2_42856691_T_G_b38,rs4332966,ENSG00000162882.15,HAAO,23498,5.36639703936352e-09,0.538843154907227,64108
chr2,hsa01100,Metabolic pathways - Homo sapiens (human),Brain_Substantia_nigra,chr2_42856691_T_G_b38,rs4332966,ENSG00000162882.15,HAAO,23498,5.36639703936352e-09,0.538843154907227,64108
chr2,hsa00380,Tryptophan metabolism - Homo sapiens (human),Brain_Substantia_nigra,chr2_42861164_G_A_b38,rs6715170,ENSG00000162882.15,HAAO,23498,1.59795482490013e-08,0.50250917673111,68581
chr2,hsa01100,Metabolic pathways - Homo sapiens (human),Brain_Substantia_nigra,chr2_42861164_G_A_b38,rs6715170,ENSG00000162882.15,HAAO,23498,1.59795482490013e-08,0.50250917673111,68581
chr2,hsa00380,Tryptophan metabolism - Homo sapiens (human),Brain_Substantia_nigra,chr2_42861330_C_A_b38,rs6715204,ENSG00000162882.15,HAAO,23498,3.76667706946521e-08,0.500273883342743,68747
chr2,hsa01100,Metabolic pathways - Homo sapiens (human),Brain_Substantia_nigra,chr2_42861330_C_A_b38,rs6715204,ENSG00000162882.15,HAAO,23498,3.76667706946521e-08,0.500273883342743,68747
chr2,hsa00380,Tryptophan metabolism - Homo sapiens (human),Brain_Substantia_nigra,chr2_42869350_T_G_b38,rs7590408,ENSG00000162882.15,HAAO,23498,3.76667706946521e-08,0.500273883342743,76767
chr2,hsa01100,Metabolic pathways - Homo sapiens (human),Brain_Substantia_nigra,chr2_42869350_T_G_b38,rs7590408,ENSG00000162882.15,HAAO,23498,3.76667706946521e-08,0.500273883342743,76767
chr2,hsa00380,Tryptophan metabolism - Homo sapiens (human),Brain_Substantia_nigra,chr2_42870788_C_G_b38,rs7580643,ENSG00000162882.15,HAAO,23498,3.76667706946521e-08,0.500273883342743,78205
chr2,hsa01100,Metabolic pathways - Homo sapiens (human),Brain_Substantia_nigra,chr2_42870788_C_G_b38,rs7580643,ENSG00000162882.15,HAAO,23498,3.76667706946521e-08,0.500273883342743,78205
chr2,hsa00380,Tryptophan metabolism - Homo sapiens (human),Brain_Substantia_nigra,chr2_42874317_T_A_b38,rs4597584,ENSG00000162882.15,HAAO,23498,1.9354036644562e-08,0.514166951179504,81734
chr2,hsa01100,Metabolic pathways - Homo sapiens (human),Brain_Substantia_nigra,chr2_42874317_T_A_b38,rs4597584,ENSG00000162882.15,HAAO,23498,1.9354036644562e-08,0.514166951179504,81734
chr2,hsa00380,Tryptophan metabolism - Homo sapiens (human),Brain_Substantia_nigra,chr2_42893110_A_G_b38,rs6544610,ENSG00000162882.15,HAAO,23498,4.50759129128339e-08,0.508968770503998,100527
chr2,hsa01100,Metabolic pathways - Homo sapiens (human),Brain_Substantia_nigra,chr2_42893110_A_G_b38,rs6544610,ENSG00000162882.15,HAAO,23498,4.50759129128339e-08,0.508968770503998,100527
chr2,hsa00380,Tryptophan metabolism - Homo sapiens (human),Brain_Substantia_nigra,chr2_42920992_T_C_b38,rs11124902,ENSG00000162882.15,HAAO,23498,4.24321508921484e-08,0.509849727153778,128409
chr2,hsa01100,Metabolic pathways - Homo sapiens (human),Brain_Substantia_nigra,chr2_42920992_T_C_b38,rs11124902,ENSG00000162882.15,HAAO,23498,4.24321508921484e-08,0.509849727153778,128409
chr2,hsa00380,Tryptophan metabolism - Homo sapiens (human),Brain_Substantia_nigra,chr2_42922546_T_C_b38,rs13008981,ENSG00000162882.15,HAAO,23498,4.71070112372833e-08,0.519048511981964,129963
chr2,hsa01100,Metabolic pathways - Homo sapiens (human),Brain_Substantia_nigra,chr2_42922546_T_C_b38,rs13008981,ENSG00000162882.15,HAAO,23498,4.71070112372833e-08,0.519048511981964,129963
chr2,hsa04144,Endocytosis - Homo sapiens (human),Brain_Substantia_nigra,chr2_113185893_A_G_b38,rs2241976,ENSG00000125637.16,PSD4,23550,3.61994029808726e-08,0.346948117017746,28568
chr2,hsa00230,Purine metabolism - Homo sapiens (human),Brain_Substantia_nigra,chr2_86061396_A_G_b38,rs311586,ENSG00000068654.17,POLR1A,25885,3.1273769160094e-09,0.606692910194397,-44759
chr2,hsa00240,Pyrimidine metabolism - Homo sapiens (human),Brain_Substantia_nigra,chr2_86061396_A_G_b38,rs311586,ENSG00000068654.17,POLR1A,25885,3.1273769160094e-09,0.606692910194397,-44759
chr2,hsa01100,Metabolic pathways - Homo sapiens (human),Brain_Substantia_nigra,chr2_86061396_A_G_b38,rs311586,ENSG00000068654.17,POLR1A,25885,3.1273769160094e-09,0.606692910194397,-44759
chr2,hsa03020,RNA polymerase - Homo sapiens (human),Brain_Substantia_nigra,chr2_86061396_A_G_b38,rs311586,ENSG00000068654.17,POLR1A,25885,3.1273769160094e-09,0.606692910194397,-44759
chr2,hsa00230,Purine metabolism - Homo sapiens (human),Brain_Substantia_nigra,chr2_86061827_GA_G_b38,rs35117798,ENSG00000068654.17,POLR1A,25885,1.2745970629647e-10,0.590670108795166,-44328
chr2,hsa00240,Pyrimidine metabolism - Homo sapiens (human),Brain_Substantia_nigra,chr2_86061827_GA_G_b38,rs35117798,ENSG00000068654.17,POLR1A,25885,1.2745970629647e-10,0.590670108795166,-44328
chr2,hsa01100,Metabolic pathways - Homo sapiens (human),Brain_Substantia_nigra,chr2_86061827_GA_G_b38,rs35117798,ENSG00000068654.17,POLR1A,25885,1.2745970629647e-10,0.590670108795166,-44328
chr2,hsa03020,RNA polymerase - Homo sapiens (human),Brain_Substantia_nigra,chr2_86061827_GA_G_b38,rs35117798,ENSG00000068654.17,POLR1A,25885,1.2745970629647e-10,0.590670108795166,-44328
chr2,hsa00230,Purine metabolism - Homo sapiens (human),Brain_Substantia_nigra,chr2_86061858_G_T_b38,rs311587,ENSG00000068654.17,POLR1A,25885,1.2745970629647e-10,0.590670108795166,-44297
chr2,hsa00240,Pyrimidine metabolism - Homo sapiens (human),Brain_Substantia_nigra,chr2_86061858_G_T_b38,rs311587,ENSG00000068654.17,POLR1A,25885,1.2745970629647e-10,0.590670108795166,-44297
chr2,hsa01100,Metabolic pathways - Homo sapiens (human),Brain_Substantia_nigra,chr2_86061858_G_T_b38,rs311587,ENSG00000068654.17,POLR1A,25885,1.2745970629647e-10,0.590670108795166,-44297
chr2,hsa03020,RNA polymerase - Homo sapiens (human),Brain_Substantia_nigra,chr2_86061858_G_T_b38,rs311587,ENSG00000068654.17,POLR1A,25885,1.2745970629647e-10,0.590670108795166,-44297
chr2,hsa00230,Purine metabolism - Homo sapiens (human),Brain_Substantia_nigra,chr2_86064777_C_T_b38,rs311562,ENSG00000068654.17,POLR1A,25885,2.60893043943718e-09,0.574892044067383,-41378
chr2,hsa00240,Pyrimidine metabolism - Homo sapiens (human),Brain_Substantia_nigra,chr2_86064777_C_T_b38,rs311562,ENSG00000068654.17,POLR1A,25885,2.60893043943718e-09,0.574892044067383,-41378
chr2,hsa01100,Metabolic pathways - Homo sapiens (human),Brain_Substantia_nigra,chr2_86064777_C_T_b38,rs311562,ENSG00000068654.17,POLR1A,25885,2.60893043943718e-09,0.574892044067383,-41378
chr2,hsa03020,RNA polymerase - Homo sapiens (human),Brain_Substantia_nigra,chr2_86064777_C_T_b38,rs311562,ENSG00000068654.17,POLR1A,25885,2.60893043943718e-09,0.574892044067383,-41378
chr2,hsa00230,Purine metabolism - Homo sapiens (human),Brain_Substantia_nigra,chr2_86065533_C_T_b38,rs311563,ENSG00000068654.17,POLR1A,25885,1.2745970629647e-10,0.590670108795166,-40622
chr2,hsa00240,Pyrimidine metabolism - Homo sapiens (human),Brain_Substantia_nigra,chr2_86065533_C_T_b38,rs311563,ENSG00000068654.17,POLR1A,25885,1.2745970629647e-10,0.590670108795166,-40622
chr2,hsa01100,Metabolic pathways - Homo sapiens (human),Brain_Substantia_nigra,chr2_86065533_C_T_b38,rs311563,ENSG00000068654.17,POLR1A,25885,1.2745970629647e-10,0.590670108795166,-40622
chr2,hsa03020,RNA polymerase - Homo sapiens (human),Brain_Substantia_nigra,chr2_86065533_C_T_b38,rs311563,ENSG00000068654.17,POLR1A,25885,1.2745970629647e-10,0.590670108795166,-40622
chr2,hsa00230,Purine metabolism - Homo sapiens (human),Brain_Substantia_nigra,chr2_86066706_C_A_b38,rs311565,ENSG00000068654.17,POLR1A,25885,9.00668399428641e-10,0.562676310539246,-39449
chr2,hsa00240,Pyrimidine metabolism - Homo sapiens (human),Brain_Substantia_nigra,chr2_86066706_C_A_b38,rs311565,ENSG00000068654.17,POLR1A,25885,9.00668399428641e-10,0.562676310539246,-39449
chr2,hsa01100,Metabolic pathways - Homo sapiens (human),Brain_Substantia_nigra,chr2_86066706_C_A_b38,rs311565,ENSG00000068654.17,POLR1A,25885,9.00668399428641e-10,0.562676310539246,-39449
chr2,hsa03020,RNA polymerase - Homo sapiens (human),Brain_Substantia_nigra,chr2_86066706_C_A_b38,rs311565,ENSG00000068654.17,POLR1A,25885,9.00668399428641e-10,0.562676310539246,-39449
chr2,hsa00230,Purine metabolism - Homo sapiens (human),Brain_Substantia_nigra,chr2_86067288_T_A_b38,rs311566,ENSG00000068654.17,POLR1A,25885,1.48869452166588e-08,0.547201752662659,-38867
chr2,hsa00240,Pyrimidine metabolism - Homo sapiens (human),Brain_Substantia_nigra,chr2_86067288_T_A_b38,rs311566,ENSG00000068654.17,POLR1A,25885,1.48869452166588e-08,0.547201752662659,-38867
chr2,hsa01100,Metabolic pathways - Homo sapiens (human),Brain_Substantia_nigra,chr2_86067288_T_A_b38,rs311566,ENSG00000068654.17,POLR1A,25885,1.48869452166588e-08,0.547201752662659,-38867
chr2,hsa03020,RNA polymerase - Homo sapiens (human),Brain_Substantia_nigra,chr2_86067288_T_A_b38,rs311566,ENSG00000068654.17,POLR1A,25885,1.48869452166588e-08,0.547201752662659,-38867
chr2,hsa00230,Purine metabolism - Homo sapiens (human),Brain_Substantia_nigra,chr2_86067539_C_T_b38,rs311567,ENSG00000068654.17,POLR1A,25885,1.48870915956709e-08,0.547201633453369,-38616
chr2,hsa00240,Pyrimidine metabolism - Homo sapiens (human),Brain_Substantia_nigra,chr2_86067539_C_T_b38,rs311567,ENSG00000068654.17,POLR1A,25885,1.48870915956709e-08,0.547201633453369,-38616
chr2,hsa01100,Metabolic pathways - Homo sapiens (human),Brain_Substantia_nigra,chr2_86067539_C_T_b38,rs311567,ENSG00000068654.17,POLR1A,25885,1.48870915956709e-08,0.547201633453369,-38616
chr2,hsa03020,RNA polymerase - Homo sapiens (human),Brain_Substantia_nigra,chr2_86067539_C_T_b38,rs311567,ENSG00000068654.17,POLR1A,25885,1.48870915956709e-08,0.547201633453369,-38616
chr2,hsa00230,Purine metabolism - Homo sapiens (human),Brain_Substantia_nigra,chr2_86068173_C_A_b38,rs311569,ENSG00000068654.17,POLR1A,25885,9.00668399428641e-10,0.562676310539246,-37982
chr2,hsa00240,Pyrimidine metabolism - Homo sapiens (human),Brain_Substantia_nigra,chr2_86068173_C_A_b38,rs311569,ENSG00000068654.17,POLR1A,25885,9.00668399428641e-10,0.562676310539246,-37982
chr2,hsa01100,Metabolic pathways - Homo sapiens (human),Brain_Substantia_nigra,chr2_86068173_C_A_b38,rs311569,ENSG00000068654.17,POLR1A,25885,9.00668399428641e-10,0.562676310539246,-37982
chr2,hsa03020,RNA polymerase - Homo sapiens (human),Brain_Substantia_nigra,chr2_86068173_C_A_b38,rs311569,ENSG00000068654.17,POLR1A,25885,9.00668399428641e-10,0.562676310539246,-37982
chr2,hsa00230,Purine metabolism - Homo sapiens (human),Brain_Substantia_nigra,chr2_86069054_C_G_b38,rs311571,ENSG00000068654.17,POLR1A,25885,9.00668399428641e-10,0.562676310539246,-37101
chr2,hsa00240,Pyrimidine metabolism - Homo sapiens (human),Brain_Substantia_nigra,chr2_86069054_C_G_b38,rs311571,ENSG00000068654.17,POLR1A,25885,9.00668399428641e-10,0.562676310539246,-37101
chr2,hsa01100,Metabolic pathways - Homo sapiens (human),Brain_Substantia_nigra,chr2_86069054_C_G_b38,rs311571,ENSG00000068654.17,POLR1A,25885,9.00668399428641e-10,0.562676310539246,-37101
chr2,hsa03020,RNA polymerase - Homo sapiens (human),Brain_Substantia_nigra,chr2_86069054_C_G_b38,rs311571,ENSG00000068654.17,POLR1A,25885,9.00668399428641e-10,0.562676310539246,-37101
chr2,hsa00230,Purine metabolism - Homo sapiens (human),Brain_Substantia_nigra,chr2_86069443_C_T_b38,rs311572,ENSG00000068654.17,POLR1A,25885,9.00668399428641e-10,0.562676310539246,-36712
chr2,hsa00240,Pyrimidine metabolism - Homo sapiens (human),Brain_Substantia_nigra,chr2_86069443_C_T_b38,rs311572,ENSG00000068654.17,POLR1A,25885,9.00668399428641e-10,0.562676310539246,-36712
chr2,hsa01100,Metabolic pathways - Homo sapiens (human),Brain_Substantia_nigra,chr2_86069443_C_T_b38,rs311572,ENSG00000068654.17,POLR1A,25885,9.00668399428641e-10,0.562676310539246,-36712
chr2,hsa03020,RNA polymerase - Homo sapiens (human),Brain_Substantia_nigra,chr2_86069443_C_T_b38,rs311572,ENSG00000068654.17,POLR1A,25885,9.00668399428641e-10,0.562676310539246,-36712
chr2,hsa00230,Purine metabolism - Homo sapiens (human),Brain_Substantia_nigra,chr2_86069470_G_C_b38,rs311573,ENSG00000068654.17,POLR1A,25885,9.00668399428641e-10,0.562676310539246,-36685
chr2,hsa00240,Pyrimidine metabolism - Homo sapiens (human),Brain_Substantia_nigra,chr2_86069470_G_C_b38,rs311573,ENSG00000068654.17,POLR1A,25885,9.00668399428641e-10,0.562676310539246,-36685
chr2,hsa01100,Metabolic pathways - Homo sapiens (human),Brain_Substantia_nigra,chr2_86069470_G_C_b38,rs311573,ENSG00000068654.17,POLR1A,25885,9.00668399428641e-10,0.562676310539246,-36685
chr2,hsa03020,RNA polymerase - Homo sapiens (human),Brain_Substantia_nigra,chr2_86069470_G_C_b38,rs311573,ENSG00000068654.17,POLR1A,25885,9.00668399428641e-10,0.562676310539246,-36685
chr2,hsa00230,Purine metabolism - Homo sapiens (human),Brain_Substantia_nigra,chr2_86071227_CATGTGTGTGT_C_b38,rs56341208,ENSG00000068654.17,POLR1A,25885,2.5509642556073e-09,0.575670838356018,-34928
chr2,hsa00240,Pyrimidine metabolism - Homo sapiens (human),Brain_Substantia_nigra,chr2_86071227_CATGTGTGTGT_C_b38,rs56341208,ENSG00000068654.17,POLR1A,25885,2.5509642556073e-09,0.575670838356018,-34928
chr2,hsa01100,Metabolic pathways - Homo sapiens (human),Brain_Substantia_nigra,chr2_86071227_CATGTGTGTGT_C_b38,rs56341208,ENSG00000068654.17,POLR1A,25885,2.5509642556073e-09,0.575670838356018,-34928
chr2,hsa03020,RNA polymerase - Homo sapiens (human),Brain_Substantia_nigra,chr2_86071227_CATGTGTGTGT_C_b38,rs56341208,ENSG00000068654.17,POLR1A,25885,2.5509642556073e-09,0.575670838356018,-34928
chr2,hsa00230,Purine metabolism - Homo sapiens (human),Brain_Substantia_nigra,chr2_86074095_C_T_b38,rs4832021,ENSG00000068654.17,POLR1A,25885,9.00670855532727e-10,0.562676250934601,-32060
chr2,hsa00240,Pyrimidine metabolism - Homo sapiens (human),Brain_Substantia_nigra,chr2_86074095_C_T_b38,rs4832021,ENSG00000068654.17,POLR1A,25885,9.00670855532727e-10,0.562676250934601,-32060
chr2,hsa01100,Metabolic pathways - Homo sapiens (human),Brain_Substantia_nigra,chr2_86074095_C_T_b38,rs4832021,ENSG00000068654.17,POLR1A,25885,9.00670855532727e-10,0.562676250934601,-32060
chr2,hsa03020,RNA polymerase - Homo sapiens (human),Brain_Substantia_nigra,chr2_86074095_C_T_b38,rs4832021,ENSG00000068654.17,POLR1A,25885,9.00670855532727e-10,0.562676250934601,-32060
chr2,hsa00230,Purine metabolism - Homo sapiens (human),Brain_Substantia_nigra,chr2_86074980_A_G_b38,rs3815840,ENSG00000068654.17,POLR1A,25885,1.48869452166588e-08,0.547201752662659,-31175
chr2,hsa00240,Pyrimidine metabolism - Homo sapiens (human),Brain_Substantia_nigra,chr2_86074980_A_G_b38,rs3815840,ENSG00000068654.17,POLR1A,25885,1.48869452166588e-08,0.547201752662659,-31175
chr2,hsa01100,Metabolic pathways - Homo sapiens (human),Brain_Substantia_nigra,chr2_86074980_A_G_b38,rs3815840,ENSG00000068654.17,POLR1A,25885,1.48869452166588e-08,0.547201752662659,-31175
chr2,hsa03020,RNA polymerase - Homo sapiens (human),Brain_Substantia_nigra,chr2_86074980_A_G_b38,rs3815840,ENSG00000068654.17,POLR1A,25885,1.48869452166588e-08,0.547201752662659,-31175
chr2,hsa00230,Purine metabolism - Homo sapiens (human),Brain_Substantia_nigra,chr2_86082176_A_G_b38,rs4832241,ENSG00000068654.17,POLR1A,25885,1.10664356821308e-09,0.474460273981094,-23979
chr2,hsa00240,Pyrimidine metabolism - Homo sapiens (human),Brain_Substantia_nigra,chr2_86082176_A_G_b38,rs4832241,ENSG00000068654.17,POLR1A,25885,1.10664356821308e-09,0.474460273981094,-23979
chr2,hsa01100,Metabolic pathways - Homo sapiens (human),Brain_Substantia_nigra,chr2_86082176_A_G_b38,rs4832241,ENSG00000068654.17,POLR1A,25885,1.10664356821308e-09,0.474460273981094,-23979
chr2,hsa03020,RNA polymerase - Homo sapiens (human),Brain_Substantia_nigra,chr2_86082176_A_G_b38,rs4832241,ENSG00000068654.17,POLR1A,25885,1.10664356821308e-09,0.474460273981094,-23979
chr2,hsa00230,Purine metabolism - Homo sapiens (human),Brain_Substantia_nigra,chr2_86082987_C_T_b38,rs2288118,ENSG00000068654.17,POLR1A,25885,7.31733734334509e-09,0.448177248239517,-23168
chr2,hsa00240,Pyrimidine metabolism - Homo sapiens (human),Brain_Substantia_nigra,chr2_86082987_C_T_b38,rs2288118,ENSG00000068654.17,POLR1A,25885,7.31733734334509e-09,0.448177248239517,-23168
chr2,hsa01100,Metabolic pathways - Homo sapiens (human),Brain_Substantia_nigra,chr2_86082987_C_T_b38,rs2288118,ENSG00000068654.17,POLR1A,25885,7.31733734334509e-09,0.448177248239517,-23168
chr2,hsa03020,RNA polymerase - Homo sapiens (human),Brain_Substantia_nigra,chr2_86082987_C_T_b38,rs2288118,ENSG00000068654.17,POLR1A,25885,7.31733734334509e-09,0.448177248239517,-23168
chr2,hsa00230,Purine metabolism - Homo sapiens (human),Brain_Substantia_nigra,chr2_86085151_C_T_b38,rs10187547,ENSG00000068654.17,POLR1A,25885,2.39536592947791e-08,0.465909242630005,-21004
chr2,hsa00240,Pyrimidine metabolism - Homo sapiens (human),Brain_Substantia_nigra,chr2_86085151_C_T_b38,rs10187547,ENSG00000068654.17,POLR1A,25885,2.39536592947791e-08,0.465909242630005,-21004
chr2,hsa01100,Metabolic pathways - Homo sapiens (human),Brain_Substantia_nigra,chr2_86085151_C_T_b38,rs10187547,ENSG00000068654.17,POLR1A,25885,2.39536592947791e-08,0.465909242630005,-21004
chr2,hsa03020,RNA polymerase - Homo sapiens (human),Brain_Substantia_nigra,chr2_86085151_C_T_b38,rs10187547,ENSG00000068654.17,POLR1A,25885,2.39536592947791e-08,0.465909242630005,-21004
chr2,hsa00230,Purine metabolism - Homo sapiens (human),Brain_Substantia_nigra,chr2_86087630_C_A_b38,rs7559420,ENSG00000068654.17,POLR1A,25885,1.10664356821308e-09,0.474460273981094,-18525
chr2,hsa00240,Pyrimidine metabolism - Homo sapiens (human),Brain_Substantia_nigra,chr2_86087630_C_A_b38,rs7559420,ENSG00000068654.17,POLR1A,25885,1.10664356821308e-09,0.474460273981094,-18525
chr2,hsa01100,Metabolic pathways - Homo sapiens (human),Brain_Substantia_nigra,chr2_86087630_C_A_b38,rs7559420,ENSG00000068654.17,POLR1A,25885,1.10664356821308e-09,0.474460273981094,-18525
chr2,hsa03020,RNA polymerase - Homo sapiens (human),Brain_Substantia_nigra,chr2_86087630_C_A_b38,rs7559420,ENSG00000068654.17,POLR1A,25885,1.10664356821308e-09,0.474460273981094,-18525
chr2,hsa00230,Purine metabolism - Homo sapiens (human),Brain_Substantia_nigra,chr2_86087756_CG_C_b38,rs10708170,ENSG00000068654.17,POLR1A,25885,1.10664356821308e-09,0.474460273981094,-18399
chr2,hsa00240,Pyrimidine metabolism - Homo sapiens (human),Brain_Substantia_nigra,chr2_86087756_CG_C_b38,rs10708170,ENSG00000068654.17,POLR1A,25885,1.10664356821308e-09,0.474460273981094,-18399
chr2,hsa01100,Metabolic pathways - Homo sapiens (human),Brain_Substantia_nigra,chr2_86087756_CG_C_b38,rs10708170,ENSG00000068654.17,POLR1A,25885,1.10664356821308e-09,0.474460273981094,-18399
chr2,hsa03020,RNA polymerase - Homo sapiens (human),Brain_Substantia_nigra,chr2_86087756_CG_C_b38,rs10708170,ENSG00000068654.17,POLR1A,25885,1.10664356821308e-09,0.474460273981094,-18399
chr2,hsa00230,Purine metabolism - Homo sapiens (human),Brain_Substantia_nigra,chr2_86088403_T_C_b38,rs2288119,ENSG00000068654.17,POLR1A,25885,2.7363755009981e-11,0.534541428089142,-17752
chr2,hsa00240,Pyrimidine metabolism - Homo sapiens (human),Brain_Substantia_nigra,chr2_86088403_T_C_b38,rs2288119,ENSG00000068654.17,POLR1A,25885,2.7363755009981e-11,0.534541428089142,-17752
chr2,hsa01100,Metabolic pathways - Homo sapiens (human),Brain_Substantia_nigra,chr2_86088403_T_C_b38,rs2288119,ENSG00000068654.17,POLR1A,25885,2.7363755009981e-11,0.534541428089142,-17752
chr2,hsa03020,RNA polymerase - Homo sapiens (human),Brain_Substantia_nigra,chr2_86088403_T_C_b38,rs2288119,ENSG00000068654.17,POLR1A,25885,2.7363755009981e-11,0.534541428089142,-17752
chr2,hsa00230,Purine metabolism - Homo sapiens (human),Brain_Substantia_nigra,chr2_86088618_C_T_b38,rs2288120,ENSG00000068654.17,POLR1A,25885,6.08131574458329e-09,0.468250274658203,-17537
chr2,hsa00240,Pyrimidine metabolism - Homo sapiens (human),Brain_Substantia_nigra,chr2_86088618_C_T_b38,rs2288120,ENSG00000068654.17,POLR1A,25885,6.08131574458329e-09,0.468250274658203,-17537
chr2,hsa01100,Metabolic pathways - Homo sapiens (human),Brain_Substantia_nigra,chr2_86088618_C_T_b38,rs2288120,ENSG00000068654.17,POLR1A,25885,6.08131574458329e-09,0.468250274658203,-17537
chr2,hsa03020,RNA polymerase - Homo sapiens (human),Brain_Substantia_nigra,chr2_86088618_C_T_b38,rs2288120,ENSG00000068654.17,POLR1A,25885,6.08131574458329e-09,0.468250274658203,-17537
chr2,hsa00230,Purine metabolism - Homo sapiens (human),Brain_Substantia_nigra,chr2_86089051_T_C_b38,rs1991106,ENSG00000068654.17,POLR1A,25885,2.73640903494834e-11,0.534541308879852,-17104
chr2,hsa00240,Pyrimidine metabolism - Homo sapiens (human),Brain_Substantia_nigra,chr2_86089051_T_C_b38,rs1991106,ENSG00000068654.17,POLR1A,25885,2.73640903494834e-11,0.534541308879852,-17104
chr2,hsa01100,Metabolic pathways - Homo sapiens (human),Brain_Substantia_nigra,chr2_86089051_T_C_b38,rs1991106,ENSG00000068654.17,POLR1A,25885,2.73640903494834e-11,0.534541308879852,-17104
chr2,hsa03020,RNA polymerase - Homo sapiens (human),Brain_Substantia_nigra,chr2_86089051_T_C_b38,rs1991106,ENSG00000068654.17,POLR1A,25885,2.73640903494834e-11,0.534541308879852,-17104
chr2,hsa00230,Purine metabolism - Homo sapiens (human),Brain_Substantia_nigra,chr2_86090634_G_A_b38,rs6720327,ENSG00000068654.17,POLR1A,25885,1.10664356821308e-09,0.474460273981094,-15521
chr2,hsa00240,Pyrimidine metabolism - Homo sapiens (human),Brain_Substantia_nigra,chr2_86090634_G_A_b38,rs6720327,ENSG00000068654.17,POLR1A,25885,1.10664356821308e-09,0.474460273981094,-15521
chr2,hsa01100,Metabolic pathways - Homo sapiens (human),Brain_Substantia_nigra,chr2_86090634_G_A_b38,rs6720327,ENSG00000068654.17,POLR1A,25885,1.10664356821308e-09,0.474460273981094,-15521
chr2,hsa03020,RNA polymerase - Homo sapiens (human),Brain_Substantia_nigra,chr2_86090634_G_A_b38,rs6720327,ENSG00000068654.17,POLR1A,25885,1.10664356821308e-09,0.474460273981094,-15521
chr2,hsa00230,Purine metabolism - Homo sapiens (human),Brain_Substantia_nigra,chr2_86094425_A_C_b38,rs10176454,ENSG00000068654.17,POLR1A,25885,1.10664356821308e-09,0.474460273981094,-11730
chr2,hsa00240,Pyrimidine metabolism - Homo sapiens (human),Brain_Substantia_nigra,chr2_86094425_A_C_b38,rs10176454,ENSG00000068654.17,POLR1A,25885,1.10664356821308e-09,0.474460273981094,-11730
chr2,hsa01100,Metabolic pathways - Homo sapiens (human),Brain_Substantia_nigra,chr2_86094425_A_C_b38,rs10176454,ENSG00000068654.17,POLR1A,25885,1.10664356821308e-09,0.474460273981094,-11730
chr2,hsa03020,RNA polymerase - Homo sapiens (human),Brain_Substantia_nigra,chr2_86094425_A_C_b38,rs10176454,ENSG00000068654.17,POLR1A,25885,1.10664356821308e-09,0.474460273981094,-11730
chr2,hsa00230,Purine metabolism - Homo sapiens (human),Brain_Substantia_nigra,chr2_86096873_T_A_b38,rs6759862,ENSG00000068654.17,POLR1A,25885,7.31733734334509e-09,0.448177248239517,-9282
chr2,hsa00240,Pyrimidine metabolism - Homo sapiens (human),Brain_Substantia_nigra,chr2_86096873_T_A_b38,rs6759862,ENSG00000068654.17,POLR1A,25885,7.31733734334509e-09,0.448177248239517,-9282
chr2,hsa01100,Metabolic pathways - Homo sapiens (human),Brain_Substantia_nigra,chr2_86096873_T_A_b38,rs6759862,ENSG00000068654.17,POLR1A,25885,7.31733734334509e-09,0.448177248239517,-9282
chr2,hsa03020,RNA polymerase - Homo sapiens (human),Brain_Substantia_nigra,chr2_86096873_T_A_b38,rs6759862,ENSG00000068654.17,POLR1A,25885,7.31733734334509e-09,0.448177248239517,-9282
chr2,hsa00230,Purine metabolism - Homo sapiens (human),Brain_Substantia_nigra,chr2_86097186_T_A_b38,rs6741577,ENSG00000068654.17,POLR1A,25885,2.59376492858984e-10,0.505441963672638,-8969
chr2,hsa00240,Pyrimidine metabolism - Homo sapiens (human),Brain_Substantia_nigra,chr2_86097186_T_A_b38,rs6741577,ENSG00000068654.17,POLR1A,25885,2.59376492858984e-10,0.505441963672638,-8969
chr2,hsa01100,Metabolic pathways - Homo sapiens (human),Brain_Substantia_nigra,chr2_86097186_T_A_b38,rs6741577,ENSG00000068654.17,POLR1A,25885,2.59376492858984e-10,0.505441963672638,-8969
chr2,hsa03020,RNA polymerase - Homo sapiens (human),Brain_Substantia_nigra,chr2_86097186_T_A_b38,rs6741577,ENSG00000068654.17,POLR1A,25885,2.59376492858984e-10,0.505441963672638,-8969
chr2,hsa00230,Purine metabolism - Homo sapiens (human),Brain_Substantia_nigra,chr2_86097661_C_T_b38,rs11686963,ENSG00000068654.17,POLR1A,25885,7.31733734334509e-09,0.448177248239517,-8494
chr2,hsa00240,Pyrimidine metabolism - Homo sapiens (human),Brain_Substantia_nigra,chr2_86097661_C_T_b38,rs11686963,ENSG00000068654.17,POLR1A,25885,7.31733734334509e-09,0.448177248239517,-8494
chr2,hsa01100,Metabolic pathways - Homo sapiens (human),Brain_Substantia_nigra,chr2_86097661_C_T_b38,rs11686963,ENSG00000068654.17,POLR1A,25885,7.31733734334509e-09,0.448177248239517,-8494
chr2,hsa03020,RNA polymerase - Homo sapiens (human),Brain_Substantia_nigra,chr2_86097661_C_T_b38,rs11686963,ENSG00000068654.17,POLR1A,25885,7.31733734334509e-09,0.448177248239517,-8494
chr2,hsa00230,Purine metabolism - Homo sapiens (human),Brain_Substantia_nigra,chr2_86099078_G_A_b38,rs12053229,ENSG00000068654.17,POLR1A,25885,3.78149139208305e-08,0.440359115600586,-7077
chr2,hsa00240,Pyrimidine metabolism - Homo sapiens (human),Brain_Substantia_nigra,chr2_86099078_G_A_b38,rs12053229,ENSG00000068654.17,POLR1A,25885,3.78149139208305e-08,0.440359115600586,-7077
chr2,hsa01100,Metabolic pathways - Homo sapiens (human),Brain_Substantia_nigra,chr2_86099078_G_A_b38,rs12053229,ENSG00000068654.17,POLR1A,25885,3.78149139208305e-08,0.440359115600586,-7077
chr2,hsa03020,RNA polymerase - Homo sapiens (human),Brain_Substantia_nigra,chr2_86099078_G_A_b38,rs12053229,ENSG00000068654.17,POLR1A,25885,3.78149139208305e-08,0.440359115600586,-7077
chr2,hsa00230,Purine metabolism - Homo sapiens (human),Brain_Substantia_nigra,chr2_86101060_A_C_b38,rs725046,ENSG00000068654.17,POLR1A,25885,6.08130027401455e-09,0.468250304460526,-5095
chr2,hsa00240,Pyrimidine metabolism - Homo sapiens (human),Brain_Substantia_nigra,chr2_86101060_A_C_b38,rs725046,ENSG00000068654.17,POLR1A,25885,6.08130027401455e-09,0.468250304460526,-5095
chr2,hsa01100,Metabolic pathways - Homo sapiens (human),Brain_Substantia_nigra,chr2_86101060_A_C_b38,rs725046,ENSG00000068654.17,POLR1A,25885,6.08130027401455e-09,0.468250304460526,-5095
chr2,hsa03020,RNA polymerase - Homo sapiens (human),Brain_Substantia_nigra,chr2_86101060_A_C_b38,rs725046,ENSG00000068654.17,POLR1A,25885,6.08130027401455e-09,0.468250304460526,-5095
chr2,hsa00230,Purine metabolism - Homo sapiens (human),Brain_Substantia_nigra,chr2_86102438_G_A_b38,rs11694973,ENSG00000068654.17,POLR1A,25885,3.78149139208305e-08,0.440359115600586,-3717
chr2,hsa00240,Pyrimidine metabolism - Homo sapiens (human),Brain_Substantia_nigra,chr2_86102438_G_A_b38,rs11694973,ENSG00000068654.17,POLR1A,25885,3.78149139208305e-08,0.440359115600586,-3717
chr2,hsa01100,Metabolic pathways - Homo sapiens (human),Brain_Substantia_nigra,chr2_86102438_G_A_b38,rs11694973,ENSG00000068654.17,POLR1A,25885,3.78149139208305e-08,0.440359115600586,-3717
chr2,hsa03020,RNA polymerase - Homo sapiens (human),Brain_Substantia_nigra,chr2_86102438_G_A_b38,rs11694973,ENSG00000068654.17,POLR1A,25885,3.78149139208305e-08,0.440359115600586,-3717
chr2,hsa00230,Purine metabolism - Homo sapiens (human),Brain_Substantia_nigra,chr2_86104224_C_T_b38,rs12714168,ENSG00000068654.17,POLR1A,25885,2.39536015054502e-08,0.46590930223465,-1931
chr2,hsa00240,Pyrimidine metabolism - Homo sapiens (human),Brain_Substantia_nigra,chr2_86104224_C_T_b38,rs12714168,ENSG00000068654.17,POLR1A,25885,2.39536015054502e-08,0.46590930223465,-1931
chr2,hsa01100,Metabolic pathways - Homo sapiens (human),Brain_Substantia_nigra,chr2_86104224_C_T_b38,rs12714168,ENSG00000068654.17,POLR1A,25885,2.39536015054502e-08,0.46590930223465,-1931
chr2,hsa03020,RNA polymerase - Homo sapiens (human),Brain_Substantia_nigra,chr2_86104224_C_T_b38,rs12714168,ENSG00000068654.17,POLR1A,25885,2.39536015054502e-08,0.46590930223465,-1931
chr2,hsa00230,Purine metabolism - Homo sapiens (human),Brain_Substantia_nigra,chr2_86105533_T_G_b38,rs4832244,ENSG00000068654.17,POLR1A,25885,1.10664356821308e-09,0.474460273981094,-622
chr2,hsa00240,Pyrimidine metabolism - Homo sapiens (human),Brain_Substantia_nigra,chr2_86105533_T_G_b38,rs4832244,ENSG00000068654.17,POLR1A,25885,1.10664356821308e-09,0.474460273981094,-622
chr2,hsa01100,Metabolic pathways - Homo sapiens (human),Brain_Substantia_nigra,chr2_86105533_T_G_b38,rs4832244,ENSG00000068654.17,POLR1A,25885,1.10664356821308e-09,0.474460273981094,-622
chr2,hsa03020,RNA polymerase - Homo sapiens (human),Brain_Substantia_nigra,chr2_86105533_T_G_b38,rs4832244,ENSG00000068654.17,POLR1A,25885,1.10664356821308e-09,0.474460273981094,-622
chr2,hsa00230,Purine metabolism - Homo sapiens (human),Brain_Substantia_nigra,chr2_86105686_G_A_b38,rs4832245,ENSG00000068654.17,POLR1A,25885,1.10664356821308e-09,0.474460273981094,-469
chr2,hsa00240,Pyrimidine metabolism - Homo sapiens (human),Brain_Substantia_nigra,chr2_86105686_G_A_b38,rs4832245,ENSG00000068654.17,POLR1A,25885,1.10664356821308e-09,0.474460273981094,-469
chr2,hsa01100,Metabolic pathways - Homo sapiens (human),Brain_Substantia_nigra,chr2_86105686_G_A_b38,rs4832245,ENSG00000068654.17,POLR1A,25885,1.10664356821308e-09,0.474460273981094,-469
chr2,hsa03020,RNA polymerase - Homo sapiens (human),Brain_Substantia_nigra,chr2_86105686_G_A_b38,rs4832245,ENSG00000068654.17,POLR1A,25885,1.10664356821308e-09,0.474460273981094,-469
chr2,hsa00230,Purine metabolism - Homo sapiens (human),Brain_Substantia_nigra,chr2_86107076_G_A_b38,rs2367201,ENSG00000068654.17,POLR1A,25885,1.10664356821308e-09,0.474460273981094,921
chr2,hsa00240,Pyrimidine metabolism - Homo sapiens (human),Brain_Substantia_nigra,chr2_86107076_G_A_b38,rs2367201,ENSG00000068654.17,POLR1A,25885,1.10664356821308e-09,0.474460273981094,921
chr2,hsa01100,Metabolic pathways - Homo sapiens (human),Brain_Substantia_nigra,chr2_86107076_G_A_b38,rs2367201,ENSG00000068654.17,POLR1A,25885,1.10664356821308e-09,0.474460273981094,921
chr2,hsa03020,RNA polymerase - Homo sapiens (human),Brain_Substantia_nigra,chr2_86107076_G_A_b38,rs2367201,ENSG00000068654.17,POLR1A,25885,1.10664356821308e-09,0.474460273981094,921
chr2,hsa00230,Purine metabolism - Homo sapiens (human),Brain_Substantia_nigra,chr2_86108085_T_C_b38,rs11679343,ENSG00000068654.17,POLR1A,25885,2.73640903494834e-11,0.534541308879852,1930
chr2,hsa00240,Pyrimidine metabolism - Homo sapiens (human),Brain_Substantia_nigra,chr2_86108085_T_C_b38,rs11679343,ENSG00000068654.17,POLR1A,25885,2.73640903494834e-11,0.534541308879852,1930
chr2,hsa01100,Metabolic pathways - Homo sapiens (human),Brain_Substantia_nigra,chr2_86108085_T_C_b38,rs11679343,ENSG00000068654.17,POLR1A,25885,2.73640903494834e-11,0.534541308879852,1930
chr2,hsa03020,RNA polymerase - Homo sapiens (human),Brain_Substantia_nigra,chr2_86108085_T_C_b38,rs11679343,ENSG00000068654.17,POLR1A,25885,2.73640903494834e-11,0.534541308879852,1930
chr2,hsa00230,Purine metabolism - Homo sapiens (human),Brain_Substantia_nigra,chr2_86108595_G_A_b38,rs979940,ENSG00000068654.17,POLR1A,25885,3.5411895747838e-08,0.573266565799713,2440
chr2,hsa00240,Pyrimidine metabolism - Homo sapiens (human),Brain_Substantia_nigra,chr2_86108595_G_A_b38,rs979940,ENSG00000068654.17,POLR1A,25885,3.5411895747838e-08,0.573266565799713,2440
chr2,hsa01100,Metabolic pathways - Homo sapiens (human),Brain_Substantia_nigra,chr2_86108595_G_A_b38,rs979940,ENSG00000068654.17,POLR1A,25885,3.5411895747838e-08,0.573266565799713,2440
chr2,hsa03020,RNA polymerase - Homo sapiens (human),Brain_Substantia_nigra,chr2_86108595_G_A_b38,rs979940,ENSG00000068654.17,POLR1A,25885,3.5411895747838e-08,0.573266565799713,2440
chr2,hsa00230,Purine metabolism - Homo sapiens (human),Brain_Substantia_nigra,chr2_86110807_T_C_b38,rs1075622,ENSG00000068654.17,POLR1A,25885,1.10664356821308e-09,0.474460273981094,4652
chr2,hsa00240,Pyrimidine metabolism - Homo sapiens (human),Brain_Substantia_nigra,chr2_86110807_T_C_b38,rs1075622,ENSG00000068654.17,POLR1A,25885,1.10664356821308e-09,0.474460273981094,4652
chr2,hsa01100,Metabolic pathways - Homo sapiens (human),Brain_Substantia_nigra,chr2_86110807_T_C_b38,rs1075622,ENSG00000068654.17,POLR1A,25885,1.10664356821308e-09,0.474460273981094,4652
chr2,hsa03020,RNA polymerase - Homo sapiens (human),Brain_Substantia_nigra,chr2_86110807_T_C_b38,rs1075622,ENSG00000068654.17,POLR1A,25885,1.10664356821308e-09,0.474460273981094,4652
chr2,hsa00230,Purine metabolism - Homo sapiens (human),Brain_Substantia_nigra,chr2_86115083_C_T_b38,rs4832246,ENSG00000068654.17,POLR1A,25885,2.39536015054502e-08,0.46590930223465,8928
chr2,hsa00240,Pyrimidine metabolism - Homo sapiens (human),Brain_Substantia_nigra,chr2_86115083_C_T_b38,rs4832246,ENSG00000068654.17,POLR1A,25885,2.39536015054502e-08,0.46590930223465,8928
chr2,hsa01100,Metabolic pathways - Homo sapiens (human),Brain_Substantia_nigra,chr2_86115083_C_T_b38,rs4832246,ENSG00000068654.17,POLR1A,25885,2.39536015054502e-08,0.46590930223465,8928
chr2,hsa03020,RNA polymerase - Homo sapiens (human),Brain_Substantia_nigra,chr2_86115083_C_T_b38,rs4832246,ENSG00000068654.17,POLR1A,25885,2.39536015054502e-08,0.46590930223465,8928
chr2,hsa00230,Purine metabolism - Homo sapiens (human),Brain_Substantia_nigra,chr2_86115138_G_A_b38,rs4832247,ENSG00000068654.17,POLR1A,25885,7.31733734334509e-09,0.448177248239517,8983
chr2,hsa00240,Pyrimidine metabolism - Homo sapiens (human),Brain_Substantia_nigra,chr2_86115138_G_A_b38,rs4832247,ENSG00000068654.17,POLR1A,25885,7.31733734334509e-09,0.448177248239517,8983
chr2,hsa01100,Metabolic pathways - Homo sapiens (human),Brain_Substantia_nigra,chr2_86115138_G_A_b38,rs4832247,ENSG00000068654.17,POLR1A,25885,7.31733734334509e-09,0.448177248239517,8983
chr2,hsa03020,RNA polymerase - Homo sapiens (human),Brain_Substantia_nigra,chr2_86115138_G_A_b38,rs4832247,ENSG00000068654.17,POLR1A,25885,7.31733734334509e-09,0.448177248239517,8983
chr2,hsa00230,Purine metabolism - Homo sapiens (human),Brain_Substantia_nigra,chr2_86116353_C_A_b38,rs4832022,ENSG00000068654.17,POLR1A,25885,7.31733734334509e-09,0.448177248239517,10198
chr2,hsa00240,Pyrimidine metabolism - Homo sapiens (human),Brain_Substantia_nigra,chr2_86116353_C_A_b38,rs4832022,ENSG00000068654.17,POLR1A,25885,7.31733734334509e-09,0.448177248239517,10198
chr2,hsa01100,Metabolic pathways - Homo sapiens (human),Brain_Substantia_nigra,chr2_86116353_C_A_b38,rs4832022,ENSG00000068654.17,POLR1A,25885,7.31733734334509e-09,0.448177248239517,10198
chr2,hsa03020,RNA polymerase - Homo sapiens (human),Brain_Substantia_nigra,chr2_86116353_C_A_b38,rs4832022,ENSG00000068654.17,POLR1A,25885,7.31733734334509e-09,0.448177248239517,10198
chr2,hsa00230,Purine metabolism - Homo sapiens (human),Brain_Substantia_nigra,chr2_86116371_G_A_b38,rs4832248,ENSG00000068654.17,POLR1A,25885,7.31733734334509e-09,0.448177248239517,10216
chr2,hsa00240,Pyrimidine metabolism - Homo sapiens (human),Brain_Substantia_nigra,chr2_86116371_G_A_b38,rs4832248,ENSG00000068654.17,POLR1A,25885,7.31733734334509e-09,0.448177248239517,10216
chr2,hsa01100,Metabolic pathways - Homo sapiens (human),Brain_Substantia_nigra,chr2_86116371_G_A_b38,rs4832248,ENSG00000068654.17,POLR1A,25885,7.31733734334509e-09,0.448177248239517,10216
chr2,hsa03020,RNA polymerase - Homo sapiens (human),Brain_Substantia_nigra,chr2_86116371_G_A_b38,rs4832248,ENSG00000068654.17,POLR1A,25885,7.31733734334509e-09,0.448177248239517,10216
chr2,hsa00230,Purine metabolism - Homo sapiens (human),Brain_Substantia_nigra,chr2_86118413_A_G_b38,rs2367202,ENSG00000068654.17,POLR1A,25885,2.59376492858984e-10,0.505441963672638,12258
chr2,hsa00240,Pyrimidine metabolism - Homo sapiens (human),Brain_Substantia_nigra,chr2_86118413_A_G_b38,rs2367202,ENSG00000068654.17,POLR1A,25885,2.59376492858984e-10,0.505441963672638,12258
chr2,hsa01100,Metabolic pathways - Homo sapiens (human),Brain_Substantia_nigra,chr2_86118413_A_G_b38,rs2367202,ENSG00000068654.17,POLR1A,25885,2.59376492858984e-10,0.505441963672638,12258
chr2,hsa03020,RNA polymerase - Homo sapiens (human),Brain_Substantia_nigra,chr2_86118413_A_G_b38,rs2367202,ENSG00000068654.17,POLR1A,25885,2.59376492858984e-10,0.505441963672638,12258
chr2,hsa00230,Purine metabolism - Homo sapiens (human),Brain_Substantia_nigra,chr2_86119717_G_A_b38,rs10183744,ENSG00000068654.17,POLR1A,25885,7.31733734334509e-09,0.448177248239517,13562
chr2,hsa00240,Pyrimidine metabolism - Homo sapiens (human),Brain_Substantia_nigra,chr2_86119717_G_A_b38,rs10183744,ENSG00000068654.17,POLR1A,25885,7.31733734334509e-09,0.448177248239517,13562
chr2,hsa01100,Metabolic pathways - Homo sapiens (human),Brain_Substantia_nigra,chr2_86119717_G_A_b38,rs10183744,ENSG00000068654.17,POLR1A,25885,7.31733734334509e-09,0.448177248239517,13562
chr2,hsa03020,RNA polymerase - Homo sapiens (human),Brain_Substantia_nigra,chr2_86119717_G_A_b38,rs10183744,ENSG00000068654.17,POLR1A,25885,7.31733734334509e-09,0.448177248239517,13562
chr2,hsa00230,Purine metabolism - Homo sapiens (human),Brain_Substantia_nigra,chr2_86121837_G_A_b38,rs4832249,ENSG00000068654.17,POLR1A,25885,7.31733734334509e-09,0.448177248239517,15682
chr2,hsa00240,Pyrimidine metabolism - Homo sapiens (human),Brain_Substantia_nigra,chr2_86121837_G_A_b38,rs4832249,ENSG00000068654.17,POLR1A,25885,7.31733734334509e-09,0.448177248239517,15682
chr2,hsa01100,Metabolic pathways - Homo sapiens (human),Brain_Substantia_nigra,chr2_86121837_G_A_b38,rs4832249,ENSG00000068654.17,POLR1A,25885,7.31733734334509e-09,0.448177248239517,15682
chr2,hsa03020,RNA polymerase - Homo sapiens (human),Brain_Substantia_nigra,chr2_86121837_G_A_b38,rs4832249,ENSG00000068654.17,POLR1A,25885,7.31733734334509e-09,0.448177248239517,15682
chr2,hsa00230,Purine metabolism - Homo sapiens (human),Brain_Substantia_nigra,chr2_86123541_A_G_b38,rs1025104,ENSG00000068654.17,POLR1A,25885,2.85156396755156e-08,0.46688711643219,17386
chr2,hsa00240,Pyrimidine metabolism - Homo sapiens (human),Brain_Substantia_nigra,chr2_86123541_A_G_b38,rs1025104,ENSG00000068654.17,POLR1A,25885,2.85156396755156e-08,0.46688711643219,17386
chr2,hsa01100,Metabolic pathways - Homo sapiens (human),Brain_Substantia_nigra,chr2_86123541_A_G_b38,rs1025104,ENSG00000068654.17,POLR1A,25885,2.85156396755156e-08,0.46688711643219,17386
chr2,hsa03020,RNA polymerase - Homo sapiens (human),Brain_Substantia_nigra,chr2_86123541_A_G_b38,rs1025104,ENSG00000068654.17,POLR1A,25885,2.85156396755156e-08,0.46688711643219,17386
chr2,hsa00230,Purine metabolism - Homo sapiens (human),Brain_Substantia_nigra,chr2_86124117_T_C_b38,rs6750581,ENSG00000068654.17,POLR1A,25885,7.31733734334509e-09,0.448177248239517,17962
chr2,hsa00240,Pyrimidine metabolism - Homo sapiens (human),Brain_Substantia_nigra,chr2_86124117_T_C_b38,rs6750581,ENSG00000068654.17,POLR1A,25885,7.31733734334509e-09,0.448177248239517,17962
chr2,hsa01100,Metabolic pathways - Homo sapiens (human),Brain_Substantia_nigra,chr2_86124117_T_C_b38,rs6750581,ENSG00000068654.17,POLR1A,25885,7.31733734334509e-09,0.448177248239517,17962
chr2,hsa03020,RNA polymerase - Homo sapiens (human),Brain_Substantia_nigra,chr2_86124117_T_C_b38,rs6750581,ENSG00000068654.17,POLR1A,25885,7.31733734334509e-09,0.448177248239517,17962
chr2,hsa00230,Purine metabolism - Homo sapiens (human),Brain_Substantia_nigra,chr2_86125662_G_A_b38,rs4618054,ENSG00000068654.17,POLR1A,25885,2.39536015054502e-08,0.46590930223465,19507
chr2,hsa00240,Pyrimidine metabolism - Homo sapiens (human),Brain_Substantia_nigra,chr2_86125662_G_A_b38,rs4618054,ENSG00000068654.17,POLR1A,25885,2.39536015054502e-08,0.46590930223465,19507
chr2,hsa01100,Metabolic pathways - Homo sapiens (human),Brain_Substantia_nigra,chr2_86125662_G_A_b38,rs4618054,ENSG00000068654.17,POLR1A,25885,2.39536015054502e-08,0.46590930223465,19507
chr2,hsa03020,RNA polymerase - Homo sapiens (human),Brain_Substantia_nigra,chr2_86125662_G_A_b38,rs4618054,ENSG00000068654.17,POLR1A,25885,2.39536015054502e-08,0.46590930223465,19507
chr2,hsa00230,Purine metabolism - Homo sapiens (human),Brain_Substantia_nigra,chr2_86125702_C_T_b38,rs6740228,ENSG00000068654.17,POLR1A,25885,7.31733734334509e-09,0.448177248239517,19547
chr2,hsa00240,Pyrimidine metabolism - Homo sapiens (human),Brain_Substantia_nigra,chr2_86125702_C_T_b38,rs6740228,ENSG00000068654.17,POLR1A,25885,7.31733734334509e-09,0.448177248239517,19547
chr2,hsa01100,Metabolic pathways - Homo sapiens (human),Brain_Substantia_nigra,chr2_86125702_C_T_b38,rs6740228,ENSG00000068654.17,POLR1A,25885,7.31733734334509e-09,0.448177248239517,19547
chr2,hsa03020,RNA polymerase - Homo sapiens (human),Brain_Substantia_nigra,chr2_86125702_C_T_b38,rs6740228,ENSG00000068654.17,POLR1A,25885,7.31733734334509e-09,0.448177248239517,19547
chr2,hsa00230,Purine metabolism - Homo sapiens (human),Brain_Substantia_nigra,chr2_86126027_G_C_b38,rs3731820,ENSG00000068654.17,POLR1A,25885,7.31733734334509e-09,0.448177248239517,19872
chr2,hsa00240,Pyrimidine metabolism - Homo sapiens (human),Brain_Substantia_nigra,chr2_86126027_G_C_b38,rs3731820,ENSG00000068654.17,POLR1A,25885,7.31733734334509e-09,0.448177248239517,19872
chr2,hsa01100,Metabolic pathways - Homo sapiens (human),Brain_Substantia_nigra,chr2_86126027_G_C_b38,rs3731820,ENSG00000068654.17,POLR1A,25885,7.31733734334509e-09,0.448177248239517,19872
chr2,hsa03020,RNA polymerase - Homo sapiens (human),Brain_Substantia_nigra,chr2_86126027_G_C_b38,rs3731820,ENSG00000068654.17,POLR1A,25885,7.31733734334509e-09,0.448177248239517,19872
chr2,hsa00230,Purine metabolism - Homo sapiens (human),Brain_Substantia_nigra,chr2_86126831_T_C_b38,rs2018547,ENSG00000068654.17,POLR1A,25885,1.12422195443912e-08,0.451140701770783,20676
chr2,hsa00240,Pyrimidine metabolism - Homo sapiens (human),Brain_Substantia_nigra,chr2_86126831_T_C_b38,rs2018547,ENSG00000068654.17,POLR1A,25885,1.12422195443912e-08,0.451140701770783,20676
chr2,hsa01100,Metabolic pathways - Homo sapiens (human),Brain_Substantia_nigra,chr2_86126831_T_C_b38,rs2018547,ENSG00000068654.17,POLR1A,25885,1.12422195443912e-08,0.451140701770783,20676
chr2,hsa03020,RNA polymerase - Homo sapiens (human),Brain_Substantia_nigra,chr2_86126831_T_C_b38,rs2018547,ENSG00000068654.17,POLR1A,25885,1.12422195443912e-08,0.451140701770783,20676
chr2,hsa00230,Purine metabolism - Homo sapiens (human),Brain_Substantia_nigra,chr2_86127581_T_C_b38,rs1019592,ENSG00000068654.17,POLR1A,25885,2.59376492858984e-10,0.505441963672638,21426
chr2,hsa00240,Pyrimidine metabolism - Homo sapiens (human),Brain_Substantia_nigra,chr2_86127581_T_C_b38,rs1019592,ENSG00000068654.17,POLR1A,25885,2.59376492858984e-10,0.505441963672638,21426
chr2,hsa01100,Metabolic pathways - Homo sapiens (human),Brain_Substantia_nigra,chr2_86127581_T_C_b38,rs1019592,ENSG00000068654.17,POLR1A,25885,2.59376492858984e-10,0.505441963672638,21426
chr2,hsa03020,RNA polymerase - Homo sapiens (human),Brain_Substantia_nigra,chr2_86127581_T_C_b38,rs1019592,ENSG00000068654.17,POLR1A,25885,2.59376492858984e-10,0.505441963672638,21426
chr2,hsa00230,Purine metabolism - Homo sapiens (human),Brain_Substantia_nigra,chr2_86129936_CATTA_C_b38,rs3077186,ENSG00000068654.17,POLR1A,25885,7.31733734334509e-09,0.448177248239517,23781
chr2,hsa00240,Pyrimidine metabolism - Homo sapiens (human),Brain_Substantia_nigra,chr2_86129936_CATTA_C_b38,rs3077186,ENSG00000068654.17,POLR1A,25885,7.31733734334509e-09,0.448177248239517,23781
chr2,hsa01100,Metabolic pathways - Homo sapiens (human),Brain_Substantia_nigra,chr2_86129936_CATTA_C_b38,rs3077186,ENSG00000068654.17,POLR1A,25885,7.31733734334509e-09,0.448177248239517,23781
chr2,hsa03020,RNA polymerase - Homo sapiens (human),Brain_Substantia_nigra,chr2_86129936_CATTA_C_b38,rs3077186,ENSG00000068654.17,POLR1A,25885,7.31733734334509e-09,0.448177248239517,23781
chr2,hsa00230,Purine metabolism - Homo sapiens (human),Brain_Substantia_nigra,chr2_86131336_C_T_b38,rs1834163,ENSG00000068654.17,POLR1A,25885,6.84584487903808e-09,0.454560369253159,25181
chr2,hsa00240,Pyrimidine metabolism - Homo sapiens (human),Brain_Substantia_nigra,chr2_86131336_C_T_b38,rs1834163,ENSG00000068654.17,POLR1A,25885,6.84584487903808e-09,0.454560369253159,25181
chr2,hsa01100,Metabolic pathways - Homo sapiens (human),Brain_Substantia_nigra,chr2_86131336_C_T_b38,rs1834163,ENSG00000068654.17,POLR1A,25885,6.84584487903808e-09,0.454560369253159,25181
chr2,hsa03020,RNA polymerase - Homo sapiens (human),Brain_Substantia_nigra,chr2_86131336_C_T_b38,rs1834163,ENSG00000068654.17,POLR1A,25885,6.84584487903808e-09,0.454560369253159,25181
chr2,hsa00230,Purine metabolism - Homo sapiens (human),Brain_Substantia_nigra,chr2_86131876_A_G_b38,rs1424517,ENSG00000068654.17,POLR1A,25885,7.31733734334509e-09,0.448177248239517,25721
chr2,hsa00240,Pyrimidine metabolism - Homo sapiens (human),Brain_Substantia_nigra,chr2_86131876_A_G_b38,rs1424517,ENSG00000068654.17,POLR1A,25885,7.31733734334509e-09,0.448177248239517,25721
chr2,hsa01100,Metabolic pathways - Homo sapiens (human),Brain_Substantia_nigra,chr2_86131876_A_G_b38,rs1424517,ENSG00000068654.17,POLR1A,25885,7.31733734334509e-09,0.448177248239517,25721
chr2,hsa03020,RNA polymerase - Homo sapiens (human),Brain_Substantia_nigra,chr2_86131876_A_G_b38,rs1424517,ENSG00000068654.17,POLR1A,25885,7.31733734334509e-09,0.448177248239517,25721
chr2,hsa00230,Purine metabolism - Homo sapiens (human),Brain_Substantia_nigra,chr2_86131963_C_T_b38,rs1559517,ENSG00000068654.17,POLR1A,25885,7.31733734334509e-09,0.448177248239517,25808
chr2,hsa00240,Pyrimidine metabolism - Homo sapiens (human),Brain_Substantia_nigra,chr2_86131963_C_T_b38,rs1559517,ENSG00000068654.17,POLR1A,25885,7.31733734334509e-09,0.448177248239517,25808
chr2,hsa01100,Metabolic pathways - Homo sapiens (human),Brain_Substantia_nigra,chr2_86131963_C_T_b38,rs1559517,ENSG00000068654.17,POLR1A,25885,7.31733734334509e-09,0.448177248239517,25808
chr2,hsa03020,RNA polymerase - Homo sapiens (human),Brain_Substantia_nigra,chr2_86131963_C_T_b38,rs1559517,ENSG00000068654.17,POLR1A,25885,7.31733734334509e-09,0.448177248239517,25808
chr2,hsa00230,Purine metabolism - Homo sapiens (human),Brain_Substantia_nigra,chr2_86132282_G_T_b38,rs1559515,ENSG00000068654.17,POLR1A,25885,7.31733734334509e-09,0.448177248239517,26127
chr2,hsa00240,Pyrimidine metabolism - Homo sapiens (human),Brain_Substantia_nigra,chr2_86132282_G_T_b38,rs1559515,ENSG00000068654.17,POLR1A,25885,7.31733734334509e-09,0.448177248239517,26127
chr2,hsa01100,Metabolic pathways - Homo sapiens (human),Brain_Substantia_nigra,chr2_86132282_G_T_b38,rs1559515,ENSG00000068654.17,POLR1A,25885,7.31733734334509e-09,0.448177248239517,26127
chr2,hsa03020,RNA polymerase - Homo sapiens (human),Brain_Substantia_nigra,chr2_86132282_G_T_b38,rs1559515,ENSG00000068654.17,POLR1A,25885,7.31733734334509e-09,0.448177248239517,26127
chr2,hsa00230,Purine metabolism - Homo sapiens (human),Brain_Substantia_nigra,chr2_86133686_G_A_b38,rs2241436,ENSG00000068654.17,POLR1A,25885,7.31733734334509e-09,0.448177248239517,27531
chr2,hsa00240,Pyrimidine metabolism - Homo sapiens (human),Brain_Substantia_nigra,chr2_86133686_G_A_b38,rs2241436,ENSG00000068654.17,POLR1A,25885,7.31733734334509e-09,0.448177248239517,27531
chr2,hsa01100,Metabolic pathways - Homo sapiens (human),Brain_Substantia_nigra,chr2_86133686_G_A_b38,rs2241436,ENSG00000068654.17,POLR1A,25885,7.31733734334509e-09,0.448177248239517,27531
chr2,hsa03020,RNA polymerase - Homo sapiens (human),Brain_Substantia_nigra,chr2_86133686_G_A_b38,rs2241436,ENSG00000068654.17,POLR1A,25885,7.31733734334509e-09,0.448177248239517,27531
chr2,hsa00230,Purine metabolism - Homo sapiens (human),Brain_Substantia_nigra,chr2_86135081_C_T_b38,rs7606421,ENSG00000068654.17,POLR1A,25885,6.84584487903808e-09,0.454560369253159,28926
chr2,hsa00240,Pyrimidine metabolism - Homo sapiens (human),Brain_Substantia_nigra,chr2_86135081_C_T_b38,rs7606421,ENSG00000068654.17,POLR1A,25885,6.84584487903808e-09,0.454560369253159,28926
chr2,hsa01100,Metabolic pathways - Homo sapiens (human),Brain_Substantia_nigra,chr2_86135081_C_T_b38,rs7606421,ENSG00000068654.17,POLR1A,25885,6.84584487903808e-09,0.454560369253159,28926
chr2,hsa03020,RNA polymerase - Homo sapiens (human),Brain_Substantia_nigra,chr2_86135081_C_T_b38,rs7606421,ENSG00000068654.17,POLR1A,25885,6.84584487903808e-09,0.454560369253159,28926
chr2,hsa00230,Purine metabolism - Homo sapiens (human),Brain_Substantia_nigra,chr2_86135951_A_G_b38,rs3770069,ENSG00000068654.17,POLR1A,25885,7.31733734334509e-09,0.448177248239517,29796
chr2,hsa00240,Pyrimidine metabolism - Homo sapiens (human),Brain_Substantia_nigra,chr2_86135951_A_G_b38,rs3770069,ENSG00000068654.17,POLR1A,25885,7.31733734334509e-09,0.448177248239517,29796
chr2,hsa01100,Metabolic pathways - Homo sapiens (human),Brain_Substantia_nigra,chr2_86135951_A_G_b38,rs3770069,ENSG00000068654.17,POLR1A,25885,7.31733734334509e-09,0.448177248239517,29796
chr2,hsa03020,RNA polymerase - Homo sapiens (human),Brain_Substantia_nigra,chr2_86135951_A_G_b38,rs3770069,ENSG00000068654.17,POLR1A,25885,7.31733734334509e-09,0.448177248239517,29796
chr2,hsa00230,Purine metabolism - Homo sapiens (human),Brain_Substantia_nigra,chr2_86168150_T_C_b38,rs1424516,ENSG00000068654.17,POLR1A,25885,3.83108377636241e-08,0.571873128414154,61995
chr2,hsa00240,Pyrimidine metabolism - Homo sapiens (human),Brain_Substantia_nigra,chr2_86168150_T_C_b38,rs1424516,ENSG00000068654.17,POLR1A,25885,3.83108377636241e-08,0.571873128414154,61995
chr2,hsa01100,Metabolic pathways - Homo sapiens (human),Brain_Substantia_nigra,chr2_86168150_T_C_b38,rs1424516,ENSG00000068654.17,POLR1A,25885,3.83108377636241e-08,0.571873128414154,61995
chr2,hsa03020,RNA polymerase - Homo sapiens (human),Brain_Substantia_nigra,chr2_86168150_T_C_b38,rs1424516,ENSG00000068654.17,POLR1A,25885,3.83108377636241e-08,0.571873128414154,61995
chr2,hsa00230,Purine metabolism - Homo sapiens (human),Brain_Substantia_nigra,chr2_86176812_T_G_b38,rs6720431,ENSG00000068654.17,POLR1A,25885,3.83108377636241e-08,0.571873128414154,70657
chr2,hsa00240,Pyrimidine metabolism - Homo sapiens (human),Brain_Substantia_nigra,chr2_86176812_T_G_b38,rs6720431,ENSG00000068654.17,POLR1A,25885,3.83108377636241e-08,0.571873128414154,70657
chr2,hsa01100,Metabolic pathways - Homo sapiens (human),Brain_Substantia_nigra,chr2_86176812_T_G_b38,rs6720431,ENSG00000068654.17,POLR1A,25885,3.83108377636241e-08,0.571873128414154,70657
chr2,hsa03020,RNA polymerase - Homo sapiens (human),Brain_Substantia_nigra,chr2_86176812_T_G_b38,rs6720431,ENSG00000068654.17,POLR1A,25885,3.83108377636241e-08,0.571873128414154,70657
chr2,hsa00230,Purine metabolism - Homo sapiens (human),Brain_Substantia_nigra,chr2_86182116_T_C_b38,rs918856,ENSG00000068654.17,POLR1A,25885,3.83108377636241e-08,0.571873128414154,75961
chr2,hsa00240,Pyrimidine metabolism - Homo sapiens (human),Brain_Substantia_nigra,chr2_86182116_T_C_b38,rs918856,ENSG00000068654.17,POLR1A,25885,3.83108377636241e-08,0.571873128414154,75961
chr2,hsa01100,Metabolic pathways - Homo sapiens (human),Brain_Substantia_nigra,chr2_86182116_T_C_b38,rs918856,ENSG00000068654.17,POLR1A,25885,3.83108377636241e-08,0.571873128414154,75961
chr2,hsa03020,RNA polymerase - Homo sapiens (human),Brain_Substantia_nigra,chr2_86182116_T_C_b38,rs918856,ENSG00000068654.17,POLR1A,25885,3.83108377636241e-08,0.571873128414154,75961
chr2,hsa00230,Purine metabolism - Homo sapiens (human),Brain_Substantia_nigra,chr2_86225506_A_G_b38,rs6709961,ENSG00000068654.17,POLR1A,25885,4.14249875411047e-08,0.448558270931244,119351
chr2,hsa00240,Pyrimidine metabolism - Homo sapiens (human),Brain_Substantia_nigra,chr2_86225506_A_G_b38,rs6709961,ENSG00000068654.17,POLR1A,25885,4.14249875411047e-08,0.448558270931244,119351
chr2,hsa01100,Metabolic pathways - Homo sapiens (human),Brain_Substantia_nigra,chr2_86225506_A_G_b38,rs6709961,ENSG00000068654.17,POLR1A,25885,4.14249875411047e-08,0.448558270931244,119351
chr2,hsa03020,RNA polymerase - Homo sapiens (human),Brain_Substantia_nigra,chr2_86225506_A_G_b38,rs6709961,ENSG00000068654.17,POLR1A,25885,4.14249875411047e-08,0.448558270931244,119351
chr2,hsa00230,Purine metabolism - Homo sapiens (human),Brain_Substantia_nigra,chr2_86228211_T_C_b38,rs1035599,ENSG00000068654.17,POLR1A,25885,4.21312574437298e-08,0.4581039249897,122056
chr2,hsa00240,Pyrimidine metabolism - Homo sapiens (human),Brain_Substantia_nigra,chr2_86228211_T_C_b38,rs1035599,ENSG00000068654.17,POLR1A,25885,4.21312574437298e-08,0.4581039249897,122056
chr2,hsa01100,Metabolic pathways - Homo sapiens (human),Brain_Substantia_nigra,chr2_86228211_T_C_b38,rs1035599,ENSG00000068654.17,POLR1A,25885,4.21312574437298e-08,0.4581039249897,122056
chr2,hsa03020,RNA polymerase - Homo sapiens (human),Brain_Substantia_nigra,chr2_86228211_T_C_b38,rs1035599,ENSG00000068654.17,POLR1A,25885,4.21312574437298e-08,0.4581039249897,122056
chr2,hsa00280,"Valine, leucine and isoleucine degradation - Homo sapiens (human)",Brain_Substantia_nigra,chr2_190204504_A_G_b38,rs12618060,ENSG00000198130.16,HIBCH,26275,3.62344728973284e-12,-0.576671898365021,-115386
chr2,hsa00410,beta-Alanine metabolism - Homo sapiens (human),Brain_Substantia_nigra,chr2_190204504_A_G_b38,rs12618060,ENSG00000198130.16,HIBCH,26275,3.62344728973284e-12,-0.576671898365021,-115386
chr2,hsa00640,Propanoate metabolism - Homo sapiens (human),Brain_Substantia_nigra,chr2_190204504_A_G_b38,rs12618060,ENSG00000198130.16,HIBCH,26275,3.62344728973284e-12,-0.576671898365021,-115386
chr2,hsa01100,Metabolic pathways - Homo sapiens (human),Brain_Substantia_nigra,chr2_190204504_A_G_b38,rs12618060,ENSG00000198130.16,HIBCH,26275,3.62344728973284e-12,-0.576671898365021,-115386
chr2,hsa00280,"Valine, leucine and isoleucine degradation - Homo sapiens (human)",Brain_Substantia_nigra,chr2_190220892_C_T_b38,rs62184386,ENSG00000198130.16,HIBCH,26275,2.32117359165672e-12,0.499317556619644,-98998
chr2,hsa00410,beta-Alanine metabolism - Homo sapiens (human),Brain_Substantia_nigra,chr2_190220892_C_T_b38,rs62184386,ENSG00000198130.16,HIBCH,26275,2.32117359165672e-12,0.499317556619644,-98998
chr2,hsa00640,Propanoate metabolism - Homo sapiens (human),Brain_Substantia_nigra,chr2_190220892_C_T_b38,rs62184386,ENSG00000198130.16,HIBCH,26275,2.32117359165672e-12,0.499317556619644,-98998
chr2,hsa01100,Metabolic pathways - Homo sapiens (human),Brain_Substantia_nigra,chr2_190220892_C_T_b38,rs62184386,ENSG00000198130.16,HIBCH,26275,2.32117359165672e-12,0.499317556619644,-98998
chr2,hsa00280,"Valine, leucine and isoleucine degradation - Homo sapiens (human)",Brain_Substantia_nigra,chr2_190221092_TACACAC_T_b38,rs79361010,ENSG00000198130.16,HIBCH,26275,4.82362476091868e-18,0.540794849395752,-98798
chr2,hsa00410,beta-Alanine metabolism - Homo sapiens (human),Brain_Substantia_nigra,chr2_190221092_TACACAC_T_b38,rs79361010,ENSG00000198130.16,HIBCH,26275,4.82362476091868e-18,0.540794849395752,-98798
chr2,hsa00640,Propanoate metabolism - Homo sapiens (human),Brain_Substantia_nigra,chr2_190221092_TACACAC_T_b38,rs79361010,ENSG00000198130.16,HIBCH,26275,4.82362476091868e-18,0.540794849395752,-98798
chr2,hsa01100,Metabolic pathways - Homo sapiens (human),Brain_Substantia_nigra,chr2_190221092_TACACAC_T_b38,rs79361010,ENSG00000198130.16,HIBCH,26275,4.82362476091868e-18,0.540794849395752,-98798
chr2,hsa00280,"Valine, leucine and isoleucine degradation - Homo sapiens (human)",Brain_Substantia_nigra,chr2_190222714_G_A_b38,rs12472258,ENSG00000198130.16,HIBCH,26275,1.19978562457987e-11,-0.56698751449585,-97176
chr2,hsa00410,beta-Alanine metabolism - Homo sapiens (human),Brain_Substantia_nigra,chr2_190222714_G_A_b38,rs12472258,ENSG00000198130.16,HIBCH,26275,1.19978562457987e-11,-0.56698751449585,-97176
chr2,hsa00640,Propanoate metabolism - Homo sapiens (human),Brain_Substantia_nigra,chr2_190222714_G_A_b38,rs12472258,ENSG00000198130.16,HIBCH,26275,1.19978562457987e-11,-0.56698751449585,-97176
chr2,hsa01100,Metabolic pathways - Homo sapiens (human),Brain_Substantia_nigra,chr2_190222714_G_A_b38,rs12472258,ENSG00000198130.16,HIBCH,26275,1.19978562457987e-11,-0.56698751449585,-97176
chr2,hsa00280,"Valine, leucine and isoleucine degradation - Homo sapiens (human)",Brain_Substantia_nigra,chr2_190248527_T_C_b38,rs7590991,ENSG00000198130.16,HIBCH,26275,7.04602639509939e-12,0.478871405124664,-71363
chr2,hsa00410,beta-Alanine metabolism - Homo sapiens (human),Brain_Substantia_nigra,chr2_190248527_T_C_b38,rs7590991,ENSG00000198130.16,HIBCH,26275,7.04602639509939e-12,0.478871405124664,-71363
chr2,hsa00640,Propanoate metabolism - Homo sapiens (human),Brain_Substantia_nigra,chr2_190248527_T_C_b38,rs7590991,ENSG00000198130.16,HIBCH,26275,7.04602639509939e-12,0.478871405124664,-71363
chr2,hsa01100,Metabolic pathways - Homo sapiens (human),Brain_Substantia_nigra,chr2_190248527_T_C_b38,rs7590991,ENSG00000198130.16,HIBCH,26275,7.04602639509939e-12,0.478871405124664,-71363
chr2,hsa00280,"Valine, leucine and isoleucine degradation - Homo sapiens (human)",Brain_Substantia_nigra,chr2_190251121_T_C_b38,rs713427,ENSG00000198130.16,HIBCH,26275,1.27434061009953e-11,-0.57741391658783,-68769
chr2,hsa00410,beta-Alanine metabolism - Homo sapiens (human),Brain_Substantia_nigra,chr2_190251121_T_C_b38,rs713427,ENSG00000198130.16,HIBCH,26275,1.27434061009953e-11,-0.57741391658783,-68769
chr2,hsa00640,Propanoate metabolism - Homo sapiens (human),Brain_Substantia_nigra,chr2_190251121_T_C_b38,rs713427,ENSG00000198130.16,HIBCH,26275,1.27434061009953e-11,-0.57741391658783,-68769
chr2,hsa01100,Metabolic pathways - Homo sapiens (human),Brain_Substantia_nigra,chr2_190251121_T_C_b38,rs713427,ENSG00000198130.16,HIBCH,26275,1.27434061009953e-11,-0.57741391658783,-68769
chr2,hsa00280,"Valine, leucine and isoleucine degradation - Homo sapiens (human)",Brain_Substantia_nigra,chr2_190268043_A_G_b38,rs3791799,ENSG00000198130.16,HIBCH,26275,1.27434061009953e-11,-0.57741391658783,-51847
chr2,hsa00410,beta-Alanine metabolism - Homo sapiens (human),Brain_Substantia_nigra,chr2_190268043_A_G_b38,rs3791799,ENSG00000198130.16,HIBCH,26275,1.27434061009953e-11,-0.57741391658783,-51847
chr2,hsa00640,Propanoate metabolism - Homo sapiens (human),Brain_Substantia_nigra,chr2_190268043_A_G_b38,rs3791799,ENSG00000198130.16,HIBCH,26275,1.27434061009953e-11,-0.57741391658783,-51847
chr2,hsa01100,Metabolic pathways - Homo sapiens (human),Brain_Substantia_nigra,chr2_190268043_A_G_b38,rs3791799,ENSG00000198130.16,HIBCH,26275,1.27434061009953e-11,-0.57741391658783,-51847
chr2,hsa00280,"Valine, leucine and isoleucine degradation - Homo sapiens (human)",Brain_Substantia_nigra,chr2_190271278_C_A_b38,rs2582766,ENSG00000198130.16,HIBCH,26275,2.95942139132857e-18,0.525506854057312,-48612
chr2,hsa00410,beta-Alanine metabolism - Homo sapiens (human),Brain_Substantia_nigra,chr2_190271278_C_A_b38,rs2582766,ENSG00000198130.16,HIBCH,26275,2.95942139132857e-18,0.525506854057312,-48612
chr2,hsa00640,Propanoate metabolism - Homo sapiens (human),Brain_Substantia_nigra,chr2_190271278_C_A_b38,rs2582766,ENSG00000198130.16,HIBCH,26275,2.95942139132857e-18,0.525506854057312,-48612
chr2,hsa01100,Metabolic pathways - Homo sapiens (human),Brain_Substantia_nigra,chr2_190271278_C_A_b38,rs2582766,ENSG00000198130.16,HIBCH,26275,2.95942139132857e-18,0.525506854057312,-48612
chr2,hsa00280,"Valine, leucine and isoleucine degradation - Homo sapiens (human)",Brain_Substantia_nigra,chr2_190272068_A_C_b38,rs2582770,ENSG00000198130.16,HIBCH,26275,8.53250022040162e-18,0.515141189098358,-47822
chr2,hsa00410,beta-Alanine metabolism - Homo sapiens (human),Brain_Substantia_nigra,chr2_190272068_A_C_b38,rs2582770,ENSG00000198130.16,HIBCH,26275,8.53250022040162e-18,0.515141189098358,-47822
chr2,hsa00640,Propanoate metabolism - Homo sapiens (human),Brain_Substantia_nigra,chr2_190272068_A_C_b38,rs2582770,ENSG00000198130.16,HIBCH,26275,8.53250022040162e-18,0.515141189098358,-47822
chr2,hsa01100,Metabolic pathways - Homo sapiens (human),Brain_Substantia_nigra,chr2_190272068_A_C_b38,rs2582770,ENSG00000198130.16,HIBCH,26275,8.53250022040162e-18,0.515141189098358,-47822
chr2,hsa00280,"Valine, leucine and isoleucine degradation - Homo sapiens (human)",Brain_Substantia_nigra,chr2_190275282_T_C_b38,rs76451356,ENSG00000198130.16,HIBCH,26275,1.27434061009953e-11,-0.57741391658783,-44608
chr2,hsa00410,beta-Alanine metabolism - Homo sapiens (human),Brain_Substantia_nigra,chr2_190275282_T_C_b38,rs76451356,ENSG00000198130.16,HIBCH,26275,1.27434061009953e-11,-0.57741391658783,-44608
chr2,hsa00640,Propanoate metabolism - Homo sapiens (human),Brain_Substantia_nigra,chr2_190275282_T_C_b38,rs76451356,ENSG00000198130.16,HIBCH,26275,1.27434061009953e-11,-0.57741391658783,-44608
chr2,hsa01100,Metabolic pathways - Homo sapiens (human),Brain_Substantia_nigra,chr2_190275282_T_C_b38,rs76451356,ENSG00000198130.16,HIBCH,26275,1.27434061009953e-11,-0.57741391658783,-44608
chr2,hsa00280,"Valine, leucine and isoleucine degradation - Homo sapiens (human)",Brain_Substantia_nigra,chr2_190276557_C_T_b38,rs2136566,ENSG00000198130.16,HIBCH,26275,8.53250022040162e-18,0.515141189098358,-43333
chr2,hsa00410,beta-Alanine metabolism - Homo sapiens (human),Brain_Substantia_nigra,chr2_190276557_C_T_b38,rs2136566,ENSG00000198130.16,HIBCH,26275,8.53250022040162e-18,0.515141189098358,-43333
chr2,hsa00640,Propanoate metabolism - Homo sapiens (human),Brain_Substantia_nigra,chr2_190276557_C_T_b38,rs2136566,ENSG00000198130.16,HIBCH,26275,8.53250022040162e-18,0.515141189098358,-43333
chr2,hsa01100,Metabolic pathways - Homo sapiens (human),Brain_Substantia_nigra,chr2_190276557_C_T_b38,rs2136566,ENSG00000198130.16,HIBCH,26275,8.53250022040162e-18,0.515141189098358,-43333
chr2,hsa00280,"Valine, leucine and isoleucine degradation - Homo sapiens (human)",Brain_Substantia_nigra,chr2_190278406_G_A_b38,rs2919677,ENSG00000198130.16,HIBCH,26275,8.53250022040162e-18,0.515141189098358,-41484
chr2,hsa00410,beta-Alanine metabolism - Homo sapiens (human),Brain_Substantia_nigra,chr2_190278406_G_A_b38,rs2919677,ENSG00000198130.16,HIBCH,26275,8.53250022040162e-18,0.515141189098358,-41484
chr2,hsa00640,Propanoate metabolism - Homo sapiens (human),Brain_Substantia_nigra,chr2_190278406_G_A_b38,rs2919677,ENSG00000198130.16,HIBCH,26275,8.53250022040162e-18,0.515141189098358,-41484
chr2,hsa01100,Metabolic pathways - Homo sapiens (human),Brain_Substantia_nigra,chr2_190278406_G_A_b38,rs2919677,ENSG00000198130.16,HIBCH,26275,8.53250022040162e-18,0.515141189098358,-41484
chr2,hsa00280,"Valine, leucine and isoleucine degradation - Homo sapiens (human)",Brain_Substantia_nigra,chr2_190278624_GAGC_G_b38,rs71027208,ENSG00000198130.16,HIBCH,26275,8.53250022040162e-18,0.515141189098358,-41266
chr2,hsa00410,beta-Alanine metabolism - Homo sapiens (human),Brain_Substantia_nigra,chr2_190278624_GAGC_G_b38,rs71027208,ENSG00000198130.16,HIBCH,26275,8.53250022040162e-18,0.515141189098358,-41266
chr2,hsa00640,Propanoate metabolism - Homo sapiens (human),Brain_Substantia_nigra,chr2_190278624_GAGC_G_b38,rs71027208,ENSG00000198130.16,HIBCH,26275,8.53250022040162e-18,0.515141189098358,-41266
chr2,hsa01100,Metabolic pathways - Homo sapiens (human),Brain_Substantia_nigra,chr2_190278624_GAGC_G_b38,rs71027208,ENSG00000198130.16,HIBCH,26275,8.53250022040162e-18,0.515141189098358,-41266
chr2,hsa00280,"Valine, leucine and isoleucine degradation - Homo sapiens (human)",Brain_Substantia_nigra,chr2_190279072_T_C_b38,rs2582735,ENSG00000198130.16,HIBCH,26275,8.53250022040162e-18,0.515141189098358,-40818
chr2,hsa00410,beta-Alanine metabolism - Homo sapiens (human),Brain_Substantia_nigra,chr2_190279072_T_C_b38,rs2582735,ENSG00000198130.16,HIBCH,26275,8.53250022040162e-18,0.515141189098358,-40818
chr2,hsa00640,Propanoate metabolism - Homo sapiens (human),Brain_Substantia_nigra,chr2_190279072_T_C_b38,rs2582735,ENSG00000198130.16,HIBCH,26275,8.53250022040162e-18,0.515141189098358,-40818
chr2,hsa01100,Metabolic pathways - Homo sapiens (human),Brain_Substantia_nigra,chr2_190279072_T_C_b38,rs2582735,ENSG00000198130.16,HIBCH,26275,8.53250022040162e-18,0.515141189098358,-40818
chr2,hsa00280,"Valine, leucine and isoleucine degradation - Homo sapiens (human)",Brain_Substantia_nigra,chr2_190280166_A_T_b38,rs2582736,ENSG00000198130.16,HIBCH,26275,8.53250022040162e-18,0.515141189098358,-39724
chr2,hsa00410,beta-Alanine metabolism - Homo sapiens (human),Brain_Substantia_nigra,chr2_190280166_A_T_b38,rs2582736,ENSG00000198130.16,HIBCH,26275,8.53250022040162e-18,0.515141189098358,-39724
chr2,hsa00640,Propanoate metabolism - Homo sapiens (human),Brain_Substantia_nigra,chr2_190280166_A_T_b38,rs2582736,ENSG00000198130.16,HIBCH,26275,8.53250022040162e-18,0.515141189098358,-39724
chr2,hsa01100,Metabolic pathways - Homo sapiens (human),Brain_Substantia_nigra,chr2_190280166_A_T_b38,rs2582736,ENSG00000198130.16,HIBCH,26275,8.53250022040162e-18,0.515141189098358,-39724
chr2,hsa00280,"Valine, leucine and isoleucine degradation - Homo sapiens (human)",Brain_Substantia_nigra,chr2_190280481_C_T_b38,rs1876876,ENSG00000198130.16,HIBCH,26275,1.46893817556375e-11,-0.575676381587982,-39409
chr2,hsa00410,beta-Alanine metabolism - Homo sapiens (human),Brain_Substantia_nigra,chr2_190280481_C_T_b38,rs1876876,ENSG00000198130.16,HIBCH,26275,1.46893817556375e-11,-0.575676381587982,-39409
chr2,hsa00640,Propanoate metabolism - Homo sapiens (human),Brain_Substantia_nigra,chr2_190280481_C_T_b38,rs1876876,ENSG00000198130.16,HIBCH,26275,1.46893817556375e-11,-0.575676381587982,-39409
chr2,hsa01100,Metabolic pathways - Homo sapiens (human),Brain_Substantia_nigra,chr2_190280481_C_T_b38,rs1876876,ENSG00000198130.16,HIBCH,26275,1.46893817556375e-11,-0.575676381587982,-39409
chr2,hsa00280,"Valine, leucine and isoleucine degradation - Homo sapiens (human)",Brain_Substantia_nigra,chr2_190280548_G_A_b38,rs1876877,ENSG00000198130.16,HIBCH,26275,8.53250022040162e-18,0.515141189098358,-39342
chr2,hsa00410,beta-Alanine metabolism - Homo sapiens (human),Brain_Substantia_nigra,chr2_190280548_G_A_b38,rs1876877,ENSG00000198130.16,HIBCH,26275,8.53250022040162e-18,0.515141189098358,-39342
chr2,hsa00640,Propanoate metabolism - Homo sapiens (human),Brain_Substantia_nigra,chr2_190280548_G_A_b38,rs1876877,ENSG00000198130.16,HIBCH,26275,8.53250022040162e-18,0.515141189098358,-39342
chr2,hsa01100,Metabolic pathways - Homo sapiens (human),Brain_Substantia_nigra,chr2_190280548_G_A_b38,rs1876877,ENSG00000198130.16,HIBCH,26275,8.53250022040162e-18,0.515141189098358,-39342
chr2,hsa00280,"Valine, leucine and isoleucine degradation - Homo sapiens (human)",Brain_Substantia_nigra,chr2_190280653_TG_T_b38,rs34218518,ENSG00000198130.16,HIBCH,26275,8.53250022040162e-18,0.515141189098358,-39237
chr2,hsa00410,beta-Alanine metabolism - Homo sapiens (human),Brain_Substantia_nigra,chr2_190280653_TG_T_b38,rs34218518,ENSG00000198130.16,HIBCH,26275,8.53250022040162e-18,0.515141189098358,-39237
chr2,hsa00640,Propanoate metabolism - Homo sapiens (human),Brain_Substantia_nigra,chr2_190280653_TG_T_b38,rs34218518,ENSG00000198130.16,HIBCH,26275,8.53250022040162e-18,0.515141189098358,-39237
chr2,hsa01100,Metabolic pathways - Homo sapiens (human),Brain_Substantia_nigra,chr2_190280653_TG_T_b38,rs34218518,ENSG00000198130.16,HIBCH,26275,8.53250022040162e-18,0.515141189098358,-39237
chr2,hsa00280,"Valine, leucine and isoleucine degradation - Homo sapiens (human)",Brain_Substantia_nigra,chr2_190282369_G_A_b38,rs59090097,ENSG00000198130.16,HIBCH,26275,1.27434061009953e-11,-0.57741391658783,-37521
chr2,hsa00410,beta-Alanine metabolism - Homo sapiens (human),Brain_Substantia_nigra,chr2_190282369_G_A_b38,rs59090097,ENSG00000198130.16,HIBCH,26275,1.27434061009953e-11,-0.57741391658783,-37521
chr2,hsa00640,Propanoate metabolism - Homo sapiens (human),Brain_Substantia_nigra,chr2_190282369_G_A_b38,rs59090097,ENSG00000198130.16,HIBCH,26275,1.27434061009953e-11,-0.57741391658783,-37521
chr2,hsa01100,Metabolic pathways - Homo sapiens (human),Brain_Substantia_nigra,chr2_190282369_G_A_b38,rs59090097,ENSG00000198130.16,HIBCH,26275,1.27434061009953e-11,-0.57741391658783,-37521
chr2,hsa00280,"Valine, leucine and isoleucine degradation - Homo sapiens (human)",Brain_Substantia_nigra,chr2_190282941_C_T_b38,rs2664251,ENSG00000198130.16,HIBCH,26275,2.95942139132857e-18,0.525506854057312,-36949
chr2,hsa00410,beta-Alanine metabolism - Homo sapiens (human),Brain_Substantia_nigra,chr2_190282941_C_T_b38,rs2664251,ENSG00000198130.16,HIBCH,26275,2.95942139132857e-18,0.525506854057312,-36949
chr2,hsa00640,Propanoate metabolism - Homo sapiens (human),Brain_Substantia_nigra,chr2_190282941_C_T_b38,rs2664251,ENSG00000198130.16,HIBCH,26275,2.95942139132857e-18,0.525506854057312,-36949
chr2,hsa01100,Metabolic pathways - Homo sapiens (human),Brain_Substantia_nigra,chr2_190282941_C_T_b38,rs2664251,ENSG00000198130.16,HIBCH,26275,2.95942139132857e-18,0.525506854057312,-36949
chr2,hsa00280,"Valine, leucine and isoleucine degradation - Homo sapiens (human)",Brain_Substantia_nigra,chr2_190283149_T_C_b38,rs10931447,ENSG00000198130.16,HIBCH,26275,1.27434061009953e-11,-0.57741391658783,-36741
chr2,hsa00410,beta-Alanine metabolism - Homo sapiens (human),Brain_Substantia_nigra,chr2_190283149_T_C_b38,rs10931447,ENSG00000198130.16,HIBCH,26275,1.27434061009953e-11,-0.57741391658783,-36741
chr2,hsa00640,Propanoate metabolism - Homo sapiens (human),Brain_Substantia_nigra,chr2_190283149_T_C_b38,rs10931447,ENSG00000198130.16,HIBCH,26275,1.27434061009953e-11,-0.57741391658783,-36741
chr2,hsa01100,Metabolic pathways - Homo sapiens (human),Brain_Substantia_nigra,chr2_190283149_T_C_b38,rs10931447,ENSG00000198130.16,HIBCH,26275,1.27434061009953e-11,-0.57741391658783,-36741
chr2,hsa00280,"Valine, leucine and isoleucine degradation - Homo sapiens (human)",Brain_Substantia_nigra,chr2_190283621_G_A_b38,rs2664252,ENSG00000198130.16,HIBCH,26275,2.95942139132857e-18,0.525506854057312,-36269
chr2,hsa00410,beta-Alanine metabolism - Homo sapiens (human),Brain_Substantia_nigra,chr2_190283621_G_A_b38,rs2664252,ENSG00000198130.16,HIBCH,26275,2.95942139132857e-18,0.525506854057312,-36269
chr2,hsa00640,Propanoate metabolism - Homo sapiens (human),Brain_Substantia_nigra,chr2_190283621_G_A_b38,rs2664252,ENSG00000198130.16,HIBCH,26275,2.95942139132857e-18,0.525506854057312,-36269
chr2,hsa01100,Metabolic pathways - Homo sapiens (human),Brain_Substantia_nigra,chr2_190283621_G_A_b38,rs2664252,ENSG00000198130.16,HIBCH,26275,2.95942139132857e-18,0.525506854057312,-36269
chr2,hsa00280,"Valine, leucine and isoleucine degradation - Homo sapiens (human)",Brain_Substantia_nigra,chr2_190283832_G_A_b38,rs2664253,ENSG00000198130.16,HIBCH,26275,2.95942139132857e-18,0.525506854057312,-36058
chr2,hsa00410,beta-Alanine metabolism - Homo sapiens (human),Brain_Substantia_nigra,chr2_190283832_G_A_b38,rs2664253,ENSG00000198130.16,HIBCH,26275,2.95942139132857e-18,0.525506854057312,-36058
chr2,hsa00640,Propanoate metabolism - Homo sapiens (human),Brain_Substantia_nigra,chr2_190283832_G_A_b38,rs2664253,ENSG00000198130.16,HIBCH,26275,2.95942139132857e-18,0.525506854057312,-36058
chr2,hsa01100,Metabolic pathways - Homo sapiens (human),Brain_Substantia_nigra,chr2_190283832_G_A_b38,rs2664253,ENSG00000198130.16,HIBCH,26275,2.95942139132857e-18,0.525506854057312,-36058
chr2,hsa00280,"Valine, leucine and isoleucine degradation - Homo sapiens (human)",Brain_Substantia_nigra,chr2_190286130_C_T_b38,rs12464840,ENSG00000198130.16,HIBCH,26275,1.46893817556375e-11,-0.575676381587982,-33760
chr2,hsa00410,beta-Alanine metabolism - Homo sapiens (human),Brain_Substantia_nigra,chr2_190286130_C_T_b38,rs12464840,ENSG00000198130.16,HIBCH,26275,1.46893817556375e-11,-0.575676381587982,-33760
chr2,hsa00640,Propanoate metabolism - Homo sapiens (human),Brain_Substantia_nigra,chr2_190286130_C_T_b38,rs12464840,ENSG00000198130.16,HIBCH,26275,1.46893817556375e-11,-0.575676381587982,-33760
chr2,hsa01100,Metabolic pathways - Homo sapiens (human),Brain_Substantia_nigra,chr2_190286130_C_T_b38,rs12464840,ENSG00000198130.16,HIBCH,26275,1.46893817556375e-11,-0.575676381587982,-33760
chr2,hsa00280,"Valine, leucine and isoleucine degradation - Homo sapiens (human)",Brain_Substantia_nigra,chr2_190286626_G_A_b38,rs62184406,ENSG00000198130.16,HIBCH,26275,1.46893817556375e-11,-0.575676381587982,-33264
chr2,hsa00410,beta-Alanine metabolism - Homo sapiens (human),Brain_Substantia_nigra,chr2_190286626_G_A_b38,rs62184406,ENSG00000198130.16,HIBCH,26275,1.46893817556375e-11,-0.575676381587982,-33264
chr2,hsa00640,Propanoate metabolism - Homo sapiens (human),Brain_Substantia_nigra,chr2_190286626_G_A_b38,rs62184406,ENSG00000198130.16,HIBCH,26275,1.46893817556375e-11,-0.575676381587982,-33264
chr2,hsa01100,Metabolic pathways - Homo sapiens (human),Brain_Substantia_nigra,chr2_190286626_G_A_b38,rs62184406,ENSG00000198130.16,HIBCH,26275,1.46893817556375e-11,-0.575676381587982,-33264
chr2,hsa00280,"Valine, leucine and isoleucine degradation - Homo sapiens (human)",Brain_Substantia_nigra,chr2_190291627_T_C_b38,rs62184432,ENSG00000198130.16,HIBCH,26275,1.46892899732163e-11,-0.575676441192627,-28263
chr2,hsa00410,beta-Alanine metabolism - Homo sapiens (human),Brain_Substantia_nigra,chr2_190291627_T_C_b38,rs62184432,ENSG00000198130.16,HIBCH,26275,1.46892899732163e-11,-0.575676441192627,-28263
chr2,hsa00640,Propanoate metabolism - Homo sapiens (human),Brain_Substantia_nigra,chr2_190291627_T_C_b38,rs62184432,ENSG00000198130.16,HIBCH,26275,1.46892899732163e-11,-0.575676441192627,-28263
chr2,hsa01100,Metabolic pathways - Homo sapiens (human),Brain_Substantia_nigra,chr2_190291627_T_C_b38,rs62184432,ENSG00000198130.16,HIBCH,26275,1.46892899732163e-11,-0.575676441192627,-28263
chr2,hsa00280,"Valine, leucine and isoleucine degradation - Homo sapiens (human)",Brain_Substantia_nigra,chr2_190291698_T_C_b38,rs35334255,ENSG00000198130.16,HIBCH,26275,1.46892899732163e-11,-0.575676441192627,-28192
chr2,hsa00410,beta-Alanine metabolism - Homo sapiens (human),Brain_Substantia_nigra,chr2_190291698_T_C_b38,rs35334255,ENSG00000198130.16,HIBCH,26275,1.46892899732163e-11,-0.575676441192627,-28192
chr2,hsa00640,Propanoate metabolism - Homo sapiens (human),Brain_Substantia_nigra,chr2_190291698_T_C_b38,rs35334255,ENSG00000198130.16,HIBCH,26275,1.46892899732163e-11,-0.575676441192627,-28192
chr2,hsa01100,Metabolic pathways - Homo sapiens (human),Brain_Substantia_nigra,chr2_190291698_T_C_b38,rs35334255,ENSG00000198130.16,HIBCH,26275,1.46892899732163e-11,-0.575676441192627,-28192
chr2,hsa00280,"Valine, leucine and isoleucine degradation - Homo sapiens (human)",Brain_Substantia_nigra,chr2_190292176_T_G_b38,rs12621421,ENSG00000198130.16,HIBCH,26275,1.46893817556375e-11,-0.575676381587982,-27714
chr2,hsa00410,beta-Alanine metabolism - Homo sapiens (human),Brain_Substantia_nigra,chr2_190292176_T_G_b38,rs12621421,ENSG00000198130.16,HIBCH,26275,1.46893817556375e-11,-0.575676381587982,-27714
chr2,hsa00640,Propanoate metabolism - Homo sapiens (human),Brain_Substantia_nigra,chr2_190292176_T_G_b38,rs12621421,ENSG00000198130.16,HIBCH,26275,1.46893817556375e-11,-0.575676381587982,-27714
chr2,hsa01100,Metabolic pathways - Homo sapiens (human),Brain_Substantia_nigra,chr2_190292176_T_G_b38,rs12621421,ENSG00000198130.16,HIBCH,26275,1.46893817556375e-11,-0.575676381587982,-27714
chr2,hsa00280,"Valine, leucine and isoleucine degradation - Homo sapiens (human)",Brain_Substantia_nigra,chr2_190292360_G_A_b38,rs62184434,ENSG00000198130.16,HIBCH,26275,1.46892899732163e-11,-0.575676441192627,-27530
chr2,hsa00410,beta-Alanine metabolism - Homo sapiens (human),Brain_Substantia_nigra,chr2_190292360_G_A_b38,rs62184434,ENSG00000198130.16,HIBCH,26275,1.46892899732163e-11,-0.575676441192627,-27530
chr2,hsa00640,Propanoate metabolism - Homo sapiens (human),Brain_Substantia_nigra,chr2_190292360_G_A_b38,rs62184434,ENSG00000198130.16,HIBCH,26275,1.46892899732163e-11,-0.575676441192627,-27530
chr2,hsa01100,Metabolic pathways - Homo sapiens (human),Brain_Substantia_nigra,chr2_190292360_G_A_b38,rs62184434,ENSG00000198130.16,HIBCH,26275,1.46892899732163e-11,-0.575676441192627,-27530
chr2,hsa00280,"Valine, leucine and isoleucine degradation - Homo sapiens (human)",Brain_Substantia_nigra,chr2_190292456_C_T_b38,rs62184435,ENSG00000198130.16,HIBCH,26275,1.46892899732163e-11,-0.575676441192627,-27434
chr2,hsa00410,beta-Alanine metabolism - Homo sapiens (human),Brain_Substantia_nigra,chr2_190292456_C_T_b38,rs62184435,ENSG00000198130.16,HIBCH,26275,1.46892899732163e-11,-0.575676441192627,-27434
chr2,hsa00640,Propanoate metabolism - Homo sapiens (human),Brain_Substantia_nigra,chr2_190292456_C_T_b38,rs62184435,ENSG00000198130.16,HIBCH,26275,1.46892899732163e-11,-0.575676441192627,-27434
chr2,hsa01100,Metabolic pathways - Homo sapiens (human),Brain_Substantia_nigra,chr2_190292456_C_T_b38,rs62184435,ENSG00000198130.16,HIBCH,26275,1.46892899732163e-11,-0.575676441192627,-27434
chr2,hsa00280,"Valine, leucine and isoleucine degradation - Homo sapiens (human)",Brain_Substantia_nigra,chr2_190295470_G_A_b38,rs291453,ENSG00000198130.16,HIBCH,26275,6.51815941071576e-18,0.524721503257752,-24420
chr2,hsa00410,beta-Alanine metabolism - Homo sapiens (human),Brain_Substantia_nigra,chr2_190295470_G_A_b38,rs291453,ENSG00000198130.16,HIBCH,26275,6.51815941071576e-18,0.524721503257752,-24420
chr2,hsa00640,Propanoate metabolism - Homo sapiens (human),Brain_Substantia_nigra,chr2_190295470_G_A_b38,rs291453,ENSG00000198130.16,HIBCH,26275,6.51815941071576e-18,0.524721503257752,-24420
chr2,hsa01100,Metabolic pathways - Homo sapiens (human),Brain_Substantia_nigra,chr2_190295470_G_A_b38,rs291453,ENSG00000198130.16,HIBCH,26275,6.51815941071576e-18,0.524721503257752,-24420
chr2,hsa00280,"Valine, leucine and isoleucine degradation - Homo sapiens (human)",Brain_Substantia_nigra,chr2_190298534_G_A_b38,rs62184436,ENSG00000198130.16,HIBCH,26275,1.46893817556375e-11,-0.575676381587982,-21356
chr2,hsa00410,beta-Alanine metabolism - Homo sapiens (human),Brain_Substantia_nigra,chr2_190298534_G_A_b38,rs62184436,ENSG00000198130.16,HIBCH,26275,1.46893817556375e-11,-0.575676381587982,-21356
chr2,hsa00640,Propanoate metabolism - Homo sapiens (human),Brain_Substantia_nigra,chr2_190298534_G_A_b38,rs62184436,ENSG00000198130.16,HIBCH,26275,1.46893817556375e-11,-0.575676381587982,-21356
chr2,hsa01100,Metabolic pathways - Homo sapiens (human),Brain_Substantia_nigra,chr2_190298534_G_A_b38,rs62184436,ENSG00000198130.16,HIBCH,26275,1.46893817556375e-11,-0.575676381587982,-21356
chr2,hsa00280,"Valine, leucine and isoleucine degradation - Homo sapiens (human)",Brain_Substantia_nigra,chr2_190298733_A_C_b38,rs2664259,ENSG00000198130.16,HIBCH,26275,8.53250022040162e-18,0.515141189098358,-21157
chr2,hsa00410,beta-Alanine metabolism - Homo sapiens (human),Brain_Substantia_nigra,chr2_190298733_A_C_b38,rs2664259,ENSG00000198130.16,HIBCH,26275,8.53250022040162e-18,0.515141189098358,-21157
chr2,hsa00640,Propanoate metabolism - Homo sapiens (human),Brain_Substantia_nigra,chr2_190298733_A_C_b38,rs2664259,ENSG00000198130.16,HIBCH,26275,8.53250022040162e-18,0.515141189098358,-21157
chr2,hsa01100,Metabolic pathways - Homo sapiens (human),Brain_Substantia_nigra,chr2_190298733_A_C_b38,rs2664259,ENSG00000198130.16,HIBCH,26275,8.53250022040162e-18,0.515141189098358,-21157
chr2,hsa00280,"Valine, leucine and isoleucine degradation - Homo sapiens (human)",Brain_Substantia_nigra,chr2_190298980_A_G_b38,rs2664260,ENSG00000198130.16,HIBCH,26275,5.3207331731927e-17,0.506299495697022,-20910
chr2,hsa00410,beta-Alanine metabolism - Homo sapiens (human),Brain_Substantia_nigra,chr2_190298980_A_G_b38,rs2664260,ENSG00000198130.16,HIBCH,26275,5.3207331731927e-17,0.506299495697022,-20910
chr2,hsa00640,Propanoate metabolism - Homo sapiens (human),Brain_Substantia_nigra,chr2_190298980_A_G_b38,rs2664260,ENSG00000198130.16,HIBCH,26275,5.3207331731927e-17,0.506299495697022,-20910
chr2,hsa01100,Metabolic pathways - Homo sapiens (human),Brain_Substantia_nigra,chr2_190298980_A_G_b38,rs2664260,ENSG00000198130.16,HIBCH,26275,5.3207331731927e-17,0.506299495697022,-20910
chr2,hsa00280,"Valine, leucine and isoleucine degradation - Homo sapiens (human)",Brain_Substantia_nigra,chr2_190299058_T_C_b38,rs2582746,ENSG00000198130.16,HIBCH,26275,8.53250022040162e-18,0.515141189098358,-20832
chr2,hsa00410,beta-Alanine metabolism - Homo sapiens (human),Brain_Substantia_nigra,chr2_190299058_T_C_b38,rs2582746,ENSG00000198130.16,HIBCH,26275,8.53250022040162e-18,0.515141189098358,-20832
chr2,hsa00640,Propanoate metabolism - Homo sapiens (human),Brain_Substantia_nigra,chr2_190299058_T_C_b38,rs2582746,ENSG00000198130.16,HIBCH,26275,8.53250022040162e-18,0.515141189098358,-20832
chr2,hsa01100,Metabolic pathways - Homo sapiens (human),Brain_Substantia_nigra,chr2_190299058_T_C_b38,rs2582746,ENSG00000198130.16,HIBCH,26275,8.53250022040162e-18,0.515141189098358,-20832
chr2,hsa00280,"Valine, leucine and isoleucine degradation - Homo sapiens (human)",Brain_Substantia_nigra,chr2_190299953_A_AT_b38,rs140909176,ENSG00000198130.16,HIBCH,26275,8.53250022040162e-18,0.515141189098358,-19937
chr2,hsa00410,beta-Alanine metabolism - Homo sapiens (human),Brain_Substantia_nigra,chr2_190299953_A_AT_b38,rs140909176,ENSG00000198130.16,HIBCH,26275,8.53250022040162e-18,0.515141189098358,-19937
chr2,hsa00640,Propanoate metabolism - Homo sapiens (human),Brain_Substantia_nigra,chr2_190299953_A_AT_b38,rs140909176,ENSG00000198130.16,HIBCH,26275,8.53250022040162e-18,0.515141189098358,-19937
chr2,hsa01100,Metabolic pathways - Homo sapiens (human),Brain_Substantia_nigra,chr2_190299953_A_AT_b38,rs140909176,ENSG00000198130.16,HIBCH,26275,8.53250022040162e-18,0.515141189098358,-19937
chr2,hsa00280,"Valine, leucine and isoleucine degradation - Homo sapiens (human)",Brain_Substantia_nigra,chr2_190300671_T_C_b38,rs4853691,ENSG00000198130.16,HIBCH,26275,1.27434061009953e-11,-0.57741391658783,-19219
chr2,hsa00410,beta-Alanine metabolism - Homo sapiens (human),Brain_Substantia_nigra,chr2_190300671_T_C_b38,rs4853691,ENSG00000198130.16,HIBCH,26275,1.27434061009953e-11,-0.57741391658783,-19219
chr2,hsa00640,Propanoate metabolism - Homo sapiens (human),Brain_Substantia_nigra,chr2_190300671_T_C_b38,rs4853691,ENSG00000198130.16,HIBCH,26275,1.27434061009953e-11,-0.57741391658783,-19219
chr2,hsa01100,Metabolic pathways - Homo sapiens (human),Brain_Substantia_nigra,chr2_190300671_T_C_b38,rs4853691,ENSG00000198130.16,HIBCH,26275,1.27434061009953e-11,-0.57741391658783,-19219
chr2,hsa00280,"Valine, leucine and isoleucine degradation - Homo sapiens (human)",Brain_Substantia_nigra,chr2_190301433_A_G_b38,rs12467835,ENSG00000198130.16,HIBCH,26275,1.27434061009953e-11,-0.57741391658783,-18457
chr2,hsa00410,beta-Alanine metabolism - Homo sapiens (human),Brain_Substantia_nigra,chr2_190301433_A_G_b38,rs12467835,ENSG00000198130.16,HIBCH,26275,1.27434061009953e-11,-0.57741391658783,-18457
chr2,hsa00640,Propanoate metabolism - Homo sapiens (human),Brain_Substantia_nigra,chr2_190301433_A_G_b38,rs12467835,ENSG00000198130.16,HIBCH,26275,1.27434061009953e-11,-0.57741391658783,-18457
chr2,hsa01100,Metabolic pathways - Homo sapiens (human),Brain_Substantia_nigra,chr2_190301433_A_G_b38,rs12467835,ENSG00000198130.16,HIBCH,26275,1.27434061009953e-11,-0.57741391658783,-18457
chr2,hsa00280,"Valine, leucine and isoleucine degradation - Homo sapiens (human)",Brain_Substantia_nigra,chr2_190301486_G_A_b38,rs906916,ENSG00000198130.16,HIBCH,26275,2.95942139132857e-18,0.525506854057312,-18404
chr2,hsa00410,beta-Alanine metabolism - Homo sapiens (human),Brain_Substantia_nigra,chr2_190301486_G_A_b38,rs906916,ENSG00000198130.16,HIBCH,26275,2.95942139132857e-18,0.525506854057312,-18404
chr2,hsa00640,Propanoate metabolism - Homo sapiens (human),Brain_Substantia_nigra,chr2_190301486_G_A_b38,rs906916,ENSG00000198130.16,HIBCH,26275,2.95942139132857e-18,0.525506854057312,-18404
chr2,hsa01100,Metabolic pathways - Homo sapiens (human),Brain_Substantia_nigra,chr2_190301486_G_A_b38,rs906916,ENSG00000198130.16,HIBCH,26275,2.95942139132857e-18,0.525506854057312,-18404
chr2,hsa00280,"Valine, leucine and isoleucine degradation - Homo sapiens (human)",Brain_Substantia_nigra,chr2_190302123_GAA_G_b38,rs77095858,ENSG00000198130.16,HIBCH,26275,1.11457917207361e-17,0.535838961601257,-17767
chr2,hsa00410,beta-Alanine metabolism - Homo sapiens (human),Brain_Substantia_nigra,chr2_190302123_GAA_G_b38,rs77095858,ENSG00000198130.16,HIBCH,26275,1.11457917207361e-17,0.535838961601257,-17767
chr2,hsa00640,Propanoate metabolism - Homo sapiens (human),Brain_Substantia_nigra,chr2_190302123_GAA_G_b38,rs77095858,ENSG00000198130.16,HIBCH,26275,1.11457917207361e-17,0.535838961601257,-17767
chr2,hsa01100,Metabolic pathways - Homo sapiens (human),Brain_Substantia_nigra,chr2_190302123_GAA_G_b38,rs77095858,ENSG00000198130.16,HIBCH,26275,1.11457917207361e-17,0.535838961601257,-17767
chr2,hsa00280,"Valine, leucine and isoleucine degradation - Homo sapiens (human)",Brain_Substantia_nigra,chr2_190302688_T_C_b38,rs2136569,ENSG00000198130.16,HIBCH,26275,2.95942139132857e-18,0.525506854057312,-17202
chr2,hsa00410,beta-Alanine metabolism - Homo sapiens (human),Brain_Substantia_nigra,chr2_190302688_T_C_b38,rs2136569,ENSG00000198130.16,HIBCH,26275,2.95942139132857e-18,0.525506854057312,-17202
chr2,hsa00640,Propanoate metabolism - Homo sapiens (human),Brain_Substantia_nigra,chr2_190302688_T_C_b38,rs2136569,ENSG00000198130.16,HIBCH,26275,2.95942139132857e-18,0.525506854057312,-17202
chr2,hsa01100,Metabolic pathways - Homo sapiens (human),Brain_Substantia_nigra,chr2_190302688_T_C_b38,rs2136569,ENSG00000198130.16,HIBCH,26275,2.95942139132857e-18,0.525506854057312,-17202
chr2,hsa00280,"Valine, leucine and isoleucine degradation - Homo sapiens (human)",Brain_Substantia_nigra,chr2_190303188_T_G_b38,rs12466290,ENSG00000198130.16,HIBCH,26275,5.08525946922653e-11,-0.550269067287445,-16702
chr2,hsa00410,beta-Alanine metabolism - Homo sapiens (human),Brain_Substantia_nigra,chr2_190303188_T_G_b38,rs12466290,ENSG00000198130.16,HIBCH,26275,5.08525946922653e-11,-0.550269067287445,-16702
chr2,hsa00640,Propanoate metabolism - Homo sapiens (human),Brain_Substantia_nigra,chr2_190303188_T_G_b38,rs12466290,ENSG00000198130.16,HIBCH,26275,5.08525946922653e-11,-0.550269067287445,-16702
chr2,hsa01100,Metabolic pathways - Homo sapiens (human),Brain_Substantia_nigra,chr2_190303188_T_G_b38,rs12466290,ENSG00000198130.16,HIBCH,26275,5.08525946922653e-11,-0.550269067287445,-16702
chr2,hsa00280,"Valine, leucine and isoleucine degradation - Homo sapiens (human)",Brain_Substantia_nigra,chr2_190310913_GT_G_b38,.,ENSG00000198130.16,HIBCH,26275,8.17918456963876e-12,0.547387480735779,-8977
chr2,hsa00410,beta-Alanine metabolism - Homo sapiens (human),Brain_Substantia_nigra,chr2_190310913_GT_G_b38,.,ENSG00000198130.16,HIBCH,26275,8.17918456963876e-12,0.547387480735779,-8977
chr2,hsa00640,Propanoate metabolism - Homo sapiens (human),Brain_Substantia_nigra,chr2_190310913_GT_G_b38,.,ENSG00000198130.16,HIBCH,26275,8.17918456963876e-12,0.547387480735779,-8977
chr2,hsa01100,Metabolic pathways - Homo sapiens (human),Brain_Substantia_nigra,chr2_190310913_GT_G_b38,.,ENSG00000198130.16,HIBCH,26275,8.17918456963876e-12,0.547387480735779,-8977
chr2,hsa00280,"Valine, leucine and isoleucine degradation - Homo sapiens (human)",Brain_Substantia_nigra,chr2_190311497_T_C_b38,rs291444,ENSG00000198130.16,HIBCH,26275,6.52032959860843e-18,0.518408238887787,-8393
chr2,hsa00410,beta-Alanine metabolism - Homo sapiens (human),Brain_Substantia_nigra,chr2_190311497_T_C_b38,rs291444,ENSG00000198130.16,HIBCH,26275,6.52032959860843e-18,0.518408238887787,-8393
chr2,hsa00640,Propanoate metabolism - Homo sapiens (human),Brain_Substantia_nigra,chr2_190311497_T_C_b38,rs291444,ENSG00000198130.16,HIBCH,26275,6.52032959860843e-18,0.518408238887787,-8393
chr2,hsa01100,Metabolic pathways - Homo sapiens (human),Brain_Substantia_nigra,chr2_190311497_T_C_b38,rs291444,ENSG00000198130.16,HIBCH,26275,6.52032959860843e-18,0.518408238887787,-8393
chr2,hsa00280,"Valine, leucine and isoleucine degradation - Homo sapiens (human)",Brain_Substantia_nigra,chr2_190311753_G_A_b38,rs291445,ENSG00000198130.16,HIBCH,26275,1.48806551886138e-17,0.517047107219696,-8137
chr2,hsa00410,beta-Alanine metabolism - Homo sapiens (human),Brain_Substantia_nigra,chr2_190311753_G_A_b38,rs291445,ENSG00000198130.16,HIBCH,26275,1.48806551886138e-17,0.517047107219696,-8137
chr2,hsa00640,Propanoate metabolism - Homo sapiens (human),Brain_Substantia_nigra,chr2_190311753_G_A_b38,rs291445,ENSG00000198130.16,HIBCH,26275,1.48806551886138e-17,0.517047107219696,-8137
chr2,hsa01100,Metabolic pathways - Homo sapiens (human),Brain_Substantia_nigra,chr2_190311753_G_A_b38,rs291445,ENSG00000198130.16,HIBCH,26275,1.48806551886138e-17,0.517047107219696,-8137
chr2,hsa00280,"Valine, leucine and isoleucine degradation - Homo sapiens (human)",Brain_Substantia_nigra,chr2_190312279_A_C_b38,rs291447,ENSG00000198130.16,HIBCH,26275,1.48806551886138e-17,0.517047107219696,-7611
chr2,hsa00410,beta-Alanine metabolism - Homo sapiens (human),Brain_Substantia_nigra,chr2_190312279_A_C_b38,rs291447,ENSG00000198130.16,HIBCH,26275,1.48806551886138e-17,0.517047107219696,-7611
chr2,hsa00640,Propanoate metabolism - Homo sapiens (human),Brain_Substantia_nigra,chr2_190312279_A_C_b38,rs291447,ENSG00000198130.16,HIBCH,26275,1.48806551886138e-17,0.517047107219696,-7611
chr2,hsa01100,Metabolic pathways - Homo sapiens (human),Brain_Substantia_nigra,chr2_190312279_A_C_b38,rs291447,ENSG00000198130.16,HIBCH,26275,1.48806551886138e-17,0.517047107219696,-7611
chr2,hsa00280,"Valine, leucine and isoleucine degradation - Homo sapiens (human)",Brain_Substantia_nigra,chr2_190312490_T_C_b38,rs291448,ENSG00000198130.16,HIBCH,26275,1.13993054285924e-17,0.512261271476746,-7400
chr2,hsa00410,beta-Alanine metabolism - Homo sapiens (human),Brain_Substantia_nigra,chr2_190312490_T_C_b38,rs291448,ENSG00000198130.16,HIBCH,26275,1.13993054285924e-17,0.512261271476746,-7400
chr2,hsa00640,Propanoate metabolism - Homo sapiens (human),Brain_Substantia_nigra,chr2_190312490_T_C_b38,rs291448,ENSG00000198130.16,HIBCH,26275,1.13993054285924e-17,0.512261271476746,-7400
chr2,hsa01100,Metabolic pathways - Homo sapiens (human),Brain_Substantia_nigra,chr2_190312490_T_C_b38,rs291448,ENSG00000198130.16,HIBCH,26275,1.13993054285924e-17,0.512261271476746,-7400
chr2,hsa00280,"Valine, leucine and isoleucine degradation - Homo sapiens (human)",Brain_Substantia_nigra,chr2_190312741_C_T_b38,rs291449,ENSG00000198130.16,HIBCH,26275,1.48806551886138e-17,0.517047107219696,-7149
chr2,hsa00410,beta-Alanine metabolism - Homo sapiens (human),Brain_Substantia_nigra,chr2_190312741_C_T_b38,rs291449,ENSG00000198130.16,HIBCH,26275,1.48806551886138e-17,0.517047107219696,-7149
chr2,hsa00640,Propanoate metabolism - Homo sapiens (human),Brain_Substantia_nigra,chr2_190312741_C_T_b38,rs291449,ENSG00000198130.16,HIBCH,26275,1.48806551886138e-17,0.517047107219696,-7149
chr2,hsa01100,Metabolic pathways - Homo sapiens (human),Brain_Substantia_nigra,chr2_190312741_C_T_b38,rs291449,ENSG00000198130.16,HIBCH,26275,1.48806551886138e-17,0.517047107219696,-7149
chr2,hsa00280,"Valine, leucine and isoleucine degradation - Homo sapiens (human)",Brain_Substantia_nigra,chr2_190313232_C_CCCTT_b38,rs35883602,ENSG00000198130.16,HIBCH,26275,1.48806551886138e-17,0.517047107219696,-6658
chr2,hsa00410,beta-Alanine metabolism - Homo sapiens (human),Brain_Substantia_nigra,chr2_190313232_C_CCCTT_b38,rs35883602,ENSG00000198130.16,HIBCH,26275,1.48806551886138e-17,0.517047107219696,-6658
chr2,hsa00640,Propanoate metabolism - Homo sapiens (human),Brain_Substantia_nigra,chr2_190313232_C_CCCTT_b38,rs35883602,ENSG00000198130.16,HIBCH,26275,1.48806551886138e-17,0.517047107219696,-6658
chr2,hsa01100,Metabolic pathways - Homo sapiens (human),Brain_Substantia_nigra,chr2_190313232_C_CCCTT_b38,rs35883602,ENSG00000198130.16,HIBCH,26275,1.48806551886138e-17,0.517047107219696,-6658
chr2,hsa00280,"Valine, leucine and isoleucine degradation - Homo sapiens (human)",Brain_Substantia_nigra,chr2_190313593_C_T_b38,rs10931449,ENSG00000198130.16,HIBCH,26275,1.98074826686726e-11,-0.559792280197144,-6297
chr2,hsa00410,beta-Alanine metabolism - Homo sapiens (human),Brain_Substantia_nigra,chr2_190313593_C_T_b38,rs10931449,ENSG00000198130.16,HIBCH,26275,1.98074826686726e-11,-0.559792280197144,-6297
chr2,hsa00640,Propanoate metabolism - Homo sapiens (human),Brain_Substantia_nigra,chr2_190313593_C_T_b38,rs10931449,ENSG00000198130.16,HIBCH,26275,1.98074826686726e-11,-0.559792280197144,-6297
chr2,hsa01100,Metabolic pathways - Homo sapiens (human),Brain_Substantia_nigra,chr2_190313593_C_T_b38,rs10931449,ENSG00000198130.16,HIBCH,26275,1.98074826686726e-11,-0.559792280197144,-6297
chr2,hsa00280,"Valine, leucine and isoleucine degradation - Homo sapiens (human)",Brain_Substantia_nigra,chr2_190315381_A_C_b38,rs1547460,ENSG00000198130.16,HIBCH,26275,1.46892899732163e-11,-0.575676441192627,-4509
chr2,hsa00410,beta-Alanine metabolism - Homo sapiens (human),Brain_Substantia_nigra,chr2_190315381_A_C_b38,rs1547460,ENSG00000198130.16,HIBCH,26275,1.46892899732163e-11,-0.575676441192627,-4509
chr2,hsa00640,Propanoate metabolism - Homo sapiens (human),Brain_Substantia_nigra,chr2_190315381_A_C_b38,rs1547460,ENSG00000198130.16,HIBCH,26275,1.46892899732163e-11,-0.575676441192627,-4509
chr2,hsa01100,Metabolic pathways - Homo sapiens (human),Brain_Substantia_nigra,chr2_190315381_A_C_b38,rs1547460,ENSG00000198130.16,HIBCH,26275,1.46892899732163e-11,-0.575676441192627,-4509
chr2,hsa00280,"Valine, leucine and isoleucine degradation - Homo sapiens (human)",Brain_Substantia_nigra,chr2_190316371_G_A_b38,rs2055825,ENSG00000198130.16,HIBCH,26275,1.46893817556375e-11,-0.575676381587982,-3519
chr2,hsa00410,beta-Alanine metabolism - Homo sapiens (human),Brain_Substantia_nigra,chr2_190316371_G_A_b38,rs2055825,ENSG00000198130.16,HIBCH,26275,1.46893817556375e-11,-0.575676381587982,-3519
chr2,hsa00640,Propanoate metabolism - Homo sapiens (human),Brain_Substantia_nigra,chr2_190316371_G_A_b38,rs2055825,ENSG00000198130.16,HIBCH,26275,1.46893817556375e-11,-0.575676381587982,-3519
chr2,hsa01100,Metabolic pathways - Homo sapiens (human),Brain_Substantia_nigra,chr2_190316371_G_A_b38,rs2055825,ENSG00000198130.16,HIBCH,26275,1.46893817556375e-11,-0.575676381587982,-3519
chr2,hsa00280,"Valine, leucine and isoleucine degradation - Homo sapiens (human)",Brain_Substantia_nigra,chr2_190316755_A_C_b38,rs291458,ENSG00000198130.16,HIBCH,26275,1.48806551886138e-17,0.517047107219696,-3135
chr2,hsa00410,beta-Alanine metabolism - Homo sapiens (human),Brain_Substantia_nigra,chr2_190316755_A_C_b38,rs291458,ENSG00000198130.16,HIBCH,26275,1.48806551886138e-17,0.517047107219696,-3135
chr2,hsa00640,Propanoate metabolism - Homo sapiens (human),Brain_Substantia_nigra,chr2_190316755_A_C_b38,rs291458,ENSG00000198130.16,HIBCH,26275,1.48806551886138e-17,0.517047107219696,-3135
chr2,hsa01100,Metabolic pathways - Homo sapiens (human),Brain_Substantia_nigra,chr2_190316755_A_C_b38,rs291458,ENSG00000198130.16,HIBCH,26275,1.48806551886138e-17,0.517047107219696,-3135
chr2,hsa00280,"Valine, leucine and isoleucine degradation - Homo sapiens (human)",Brain_Substantia_nigra,chr2_190316801_T_C_b38,rs291459,ENSG00000198130.16,HIBCH,26275,6.52032959860843e-18,0.518408238887787,-3089
chr2,hsa00410,beta-Alanine metabolism - Homo sapiens (human),Brain_Substantia_nigra,chr2_190316801_T_C_b38,rs291459,ENSG00000198130.16,HIBCH,26275,6.52032959860843e-18,0.518408238887787,-3089
chr2,hsa00640,Propanoate metabolism - Homo sapiens (human),Brain_Substantia_nigra,chr2_190316801_T_C_b38,rs291459,ENSG00000198130.16,HIBCH,26275,6.52032959860843e-18,0.518408238887787,-3089
chr2,hsa01100,Metabolic pathways - Homo sapiens (human),Brain_Substantia_nigra,chr2_190316801_T_C_b38,rs291459,ENSG00000198130.16,HIBCH,26275,6.52032959860843e-18,0.518408238887787,-3089
chr2,hsa00280,"Valine, leucine and isoleucine degradation - Homo sapiens (human)",Brain_Substantia_nigra,chr2_190316859_G_A_b38,rs291460,ENSG00000198130.16,HIBCH,26275,6.52032959860843e-18,0.518408238887787,-3031
chr2,hsa00410,beta-Alanine metabolism - Homo sapiens (human),Brain_Substantia_nigra,chr2_190316859_G_A_b38,rs291460,ENSG00000198130.16,HIBCH,26275,6.52032959860843e-18,0.518408238887787,-3031
chr2,hsa00640,Propanoate metabolism - Homo sapiens (human),Brain_Substantia_nigra,chr2_190316859_G_A_b38,rs291460,ENSG00000198130.16,HIBCH,26275,6.52032959860843e-18,0.518408238887787,-3031
chr2,hsa01100,Metabolic pathways - Homo sapiens (human),Brain_Substantia_nigra,chr2_190316859_G_A_b38,rs291460,ENSG00000198130.16,HIBCH,26275,6.52032959860843e-18,0.518408238887787,-3031
chr2,hsa00280,"Valine, leucine and isoleucine degradation - Homo sapiens (human)",Brain_Substantia_nigra,chr2_190316918_T_G_b38,rs291461,ENSG00000198130.16,HIBCH,26275,6.52032959860843e-18,0.518408238887787,-2972
chr2,hsa00410,beta-Alanine metabolism - Homo sapiens (human),Brain_Substantia_nigra,chr2_190316918_T_G_b38,rs291461,ENSG00000198130.16,HIBCH,26275,6.52032959860843e-18,0.518408238887787,-2972
chr2,hsa00640,Propanoate metabolism - Homo sapiens (human),Brain_Substantia_nigra,chr2_190316918_T_G_b38,rs291461,ENSG00000198130.16,HIBCH,26275,6.52032959860843e-18,0.518408238887787,-2972
chr2,hsa01100,Metabolic pathways - Homo sapiens (human),Brain_Substantia_nigra,chr2_190316918_T_G_b38,rs291461,ENSG00000198130.16,HIBCH,26275,6.52032959860843e-18,0.518408238887787,-2972
chr2,hsa00280,"Valine, leucine and isoleucine degradation - Homo sapiens (human)",Brain_Substantia_nigra,chr2_190316952_T_C_b38,rs291462,ENSG00000198130.16,HIBCH,26275,6.52032959860843e-18,0.518408238887787,-2938
chr2,hsa00410,beta-Alanine metabolism - Homo sapiens (human),Brain_Substantia_nigra,chr2_190316952_T_C_b38,rs291462,ENSG00000198130.16,HIBCH,26275,6.52032959860843e-18,0.518408238887787,-2938
chr2,hsa00640,Propanoate metabolism - Homo sapiens (human),Brain_Substantia_nigra,chr2_190316952_T_C_b38,rs291462,ENSG00000198130.16,HIBCH,26275,6.52032959860843e-18,0.518408238887787,-2938
chr2,hsa01100,Metabolic pathways - Homo sapiens (human),Brain_Substantia_nigra,chr2_190316952_T_C_b38,rs291462,ENSG00000198130.16,HIBCH,26275,6.52032959860843e-18,0.518408238887787,-2938
chr2,hsa00280,"Valine, leucine and isoleucine degradation - Homo sapiens (human)",Brain_Substantia_nigra,chr2_190317984_C_G_b38,rs291464,ENSG00000198130.16,HIBCH,26275,2.28599225370538e-18,0.528627216815949,-1906
chr2,hsa00410,beta-Alanine metabolism - Homo sapiens (human),Brain_Substantia_nigra,chr2_190317984_C_G_b38,rs291464,ENSG00000198130.16,HIBCH,26275,2.28599225370538e-18,0.528627216815949,-1906
chr2,hsa00640,Propanoate metabolism - Homo sapiens (human),Brain_Substantia_nigra,chr2_190317984_C_G_b38,rs291464,ENSG00000198130.16,HIBCH,26275,2.28599225370538e-18,0.528627216815949,-1906
chr2,hsa01100,Metabolic pathways - Homo sapiens (human),Brain_Substantia_nigra,chr2_190317984_C_G_b38,rs291464,ENSG00000198130.16,HIBCH,26275,2.28599225370538e-18,0.528627216815949,-1906
chr2,hsa00280,"Valine, leucine and isoleucine degradation - Homo sapiens (human)",Brain_Substantia_nigra,chr2_190319749_A_G_b38,rs291466,ENSG00000198130.16,HIBCH,26275,2.28599225370538e-18,0.528627216815949,-141
chr2,hsa00410,beta-Alanine metabolism - Homo sapiens (human),Brain_Substantia_nigra,chr2_190319749_A_G_b38,rs291466,ENSG00000198130.16,HIBCH,26275,2.28599225370538e-18,0.528627216815949,-141
chr2,hsa00640,Propanoate metabolism - Homo sapiens (human),Brain_Substantia_nigra,chr2_190319749_A_G_b38,rs291466,ENSG00000198130.16,HIBCH,26275,2.28599225370538e-18,0.528627216815949,-141
chr2,hsa01100,Metabolic pathways - Homo sapiens (human),Brain_Substantia_nigra,chr2_190319749_A_G_b38,rs291466,ENSG00000198130.16,HIBCH,26275,2.28599225370538e-18,0.528627216815949,-141
chr2,hsa00280,"Valine, leucine and isoleucine degradation - Homo sapiens (human)",Brain_Substantia_nigra,chr2_190319798_C_T_b38,rs3749022,ENSG00000198130.16,HIBCH,26275,6.07775851102488e-09,0.464297980070114,-92
chr2,hsa00410,beta-Alanine metabolism - Homo sapiens (human),Brain_Substantia_nigra,chr2_190319798_C_T_b38,rs3749022,ENSG00000198130.16,HIBCH,26275,6.07775851102488e-09,0.464297980070114,-92
chr2,hsa00640,Propanoate metabolism - Homo sapiens (human),Brain_Substantia_nigra,chr2_190319798_C_T_b38,rs3749022,ENSG00000198130.16,HIBCH,26275,6.07775851102488e-09,0.464297980070114,-92
chr2,hsa01100,Metabolic pathways - Homo sapiens (human),Brain_Substantia_nigra,chr2_190319798_C_T_b38,rs3749022,ENSG00000198130.16,HIBCH,26275,6.07775851102488e-09,0.464297980070114,-92
chr2,hsa00280,"Valine, leucine and isoleucine degradation - Homo sapiens (human)",Brain_Substantia_nigra,chr2_190320999_G_T_b38,rs1372053,ENSG00000198130.16,HIBCH,26275,1.46893817556375e-11,-0.575676381587982,1109
chr2,hsa00410,beta-Alanine metabolism - Homo sapiens (human),Brain_Substantia_nigra,chr2_190320999_G_T_b38,rs1372053,ENSG00000198130.16,HIBCH,26275,1.46893817556375e-11,-0.575676381587982,1109
chr2,hsa00640,Propanoate metabolism - Homo sapiens (human),Brain_Substantia_nigra,chr2_190320999_G_T_b38,rs1372053,ENSG00000198130.16,HIBCH,26275,1.46893817556375e-11,-0.575676381587982,1109
chr2,hsa01100,Metabolic pathways - Homo sapiens (human),Brain_Substantia_nigra,chr2_190320999_G_T_b38,rs1372053,ENSG00000198130.16,HIBCH,26275,1.46893817556375e-11,-0.575676381587982,1109
chr2,hsa00280,"Valine, leucine and isoleucine degradation - Homo sapiens (human)",Brain_Substantia_nigra,chr2_190323393_A_G_b38,rs291468,ENSG00000198130.16,HIBCH,26275,2.68765056412879e-18,0.525373756885529,3503
chr2,hsa00410,beta-Alanine metabolism - Homo sapiens (human),Brain_Substantia_nigra,chr2_190323393_A_G_b38,rs291468,ENSG00000198130.16,HIBCH,26275,2.68765056412879e-18,0.525373756885529,3503
chr2,hsa00640,Propanoate metabolism - Homo sapiens (human),Brain_Substantia_nigra,chr2_190323393_A_G_b38,rs291468,ENSG00000198130.16,HIBCH,26275,2.68765056412879e-18,0.525373756885529,3503
chr2,hsa01100,Metabolic pathways - Homo sapiens (human),Brain_Substantia_nigra,chr2_190323393_A_G_b38,rs291468,ENSG00000198130.16,HIBCH,26275,2.68765056412879e-18,0.525373756885529,3503
chr2,hsa00280,"Valine, leucine and isoleucine degradation - Homo sapiens (human)",Brain_Substantia_nigra,chr2_190324832_T_A_b38,rs291470,ENSG00000198130.16,HIBCH,26275,8.72875737173156e-19,0.536186993122101,4942
chr2,hsa00410,beta-Alanine metabolism - Homo sapiens (human),Brain_Substantia_nigra,chr2_190324832_T_A_b38,rs291470,ENSG00000198130.16,HIBCH,26275,8.72875737173156e-19,0.536186993122101,4942
chr2,hsa00640,Propanoate metabolism - Homo sapiens (human),Brain_Substantia_nigra,chr2_190324832_T_A_b38,rs291470,ENSG00000198130.16,HIBCH,26275,8.72875737173156e-19,0.536186993122101,4942
chr2,hsa01100,Metabolic pathways - Homo sapiens (human),Brain_Substantia_nigra,chr2_190324832_T_A_b38,rs291470,ENSG00000198130.16,HIBCH,26275,8.72875737173156e-19,0.536186993122101,4942
chr2,hsa00280,"Valine, leucine and isoleucine degradation - Homo sapiens (human)",Brain_Substantia_nigra,chr2_190324913_T_C_b38,rs62181998,ENSG00000198130.16,HIBCH,26275,1.27434061009953e-11,-0.57741391658783,5023
chr2,hsa00410,beta-Alanine metabolism - Homo sapiens (human),Brain_Substantia_nigra,chr2_190324913_T_C_b38,rs62181998,ENSG00000198130.16,HIBCH,26275,1.27434061009953e-11,-0.57741391658783,5023
chr2,hsa00640,Propanoate metabolism - Homo sapiens (human),Brain_Substantia_nigra,chr2_190324913_T_C_b38,rs62181998,ENSG00000198130.16,HIBCH,26275,1.27434061009953e-11,-0.57741391658783,5023
chr2,hsa01100,Metabolic pathways - Homo sapiens (human),Brain_Substantia_nigra,chr2_190324913_T_C_b38,rs62181998,ENSG00000198130.16,HIBCH,26275,1.27434061009953e-11,-0.57741391658783,5023
chr2,hsa00280,"Valine, leucine and isoleucine degradation - Homo sapiens (human)",Brain_Substantia_nigra,chr2_190325879_T_C_b38,rs291472,ENSG00000198130.16,HIBCH,26275,8.72875737173156e-19,0.536186993122101,5989
chr2,hsa00410,beta-Alanine metabolism - Homo sapiens (human),Brain_Substantia_nigra,chr2_190325879_T_C_b38,rs291472,ENSG00000198130.16,HIBCH,26275,8.72875737173156e-19,0.536186993122101,5989
chr2,hsa00640,Propanoate metabolism - Homo sapiens (human),Brain_Substantia_nigra,chr2_190325879_T_C_b38,rs291472,ENSG00000198130.16,HIBCH,26275,8.72875737173156e-19,0.536186993122101,5989
chr2,hsa01100,Metabolic pathways - Homo sapiens (human),Brain_Substantia_nigra,chr2_190325879_T_C_b38,rs291472,ENSG00000198130.16,HIBCH,26275,8.72875737173156e-19,0.536186993122101,5989
chr2,hsa00280,"Valine, leucine and isoleucine degradation - Homo sapiens (human)",Brain_Substantia_nigra,chr2_190326122_C_T_b38,rs16832572,ENSG00000198130.16,HIBCH,26275,1.27434061009953e-11,-0.57741391658783,6232
chr2,hsa00410,beta-Alanine metabolism - Homo sapiens (human),Brain_Substantia_nigra,chr2_190326122_C_T_b38,rs16832572,ENSG00000198130.16,HIBCH,26275,1.27434061009953e-11,-0.57741391658783,6232
chr2,hsa00640,Propanoate metabolism - Homo sapiens (human),Brain_Substantia_nigra,chr2_190326122_C_T_b38,rs16832572,ENSG00000198130.16,HIBCH,26275,1.27434061009953e-11,-0.57741391658783,6232
chr2,hsa01100,Metabolic pathways - Homo sapiens (human),Brain_Substantia_nigra,chr2_190326122_C_T_b38,rs16832572,ENSG00000198130.16,HIBCH,26275,1.27434061009953e-11,-0.57741391658783,6232
chr2,hsa00280,"Valine, leucine and isoleucine degradation - Homo sapiens (human)",Brain_Substantia_nigra,chr2_190326187_G_A_b38,rs62181999,ENSG00000198130.16,HIBCH,26275,1.27434061009953e-11,-0.57741391658783,6297
chr2,hsa00410,beta-Alanine metabolism - Homo sapiens (human),Brain_Substantia_nigra,chr2_190326187_G_A_b38,rs62181999,ENSG00000198130.16,HIBCH,26275,1.27434061009953e-11,-0.57741391658783,6297
chr2,hsa00640,Propanoate metabolism - Homo sapiens (human),Brain_Substantia_nigra,chr2_190326187_G_A_b38,rs62181999,ENSG00000198130.16,HIBCH,26275,1.27434061009953e-11,-0.57741391658783,6297
chr2,hsa01100,Metabolic pathways - Homo sapiens (human),Brain_Substantia_nigra,chr2_190326187_G_A_b38,rs62181999,ENSG00000198130.16,HIBCH,26275,1.27434061009953e-11,-0.57741391658783,6297
chr2,hsa00280,"Valine, leucine and isoleucine degradation - Homo sapiens (human)",Brain_Substantia_nigra,chr2_190326507_G_T_b38,rs172366,ENSG00000198130.16,HIBCH,26275,8.72875737173156e-19,0.536186993122101,6617
chr2,hsa00410,beta-Alanine metabolism - Homo sapiens (human),Brain_Substantia_nigra,chr2_190326507_G_T_b38,rs172366,ENSG00000198130.16,HIBCH,26275,8.72875737173156e-19,0.536186993122101,6617
chr2,hsa00640,Propanoate metabolism - Homo sapiens (human),Brain_Substantia_nigra,chr2_190326507_G_T_b38,rs172366,ENSG00000198130.16,HIBCH,26275,8.72875737173156e-19,0.536186993122101,6617
chr2,hsa01100,Metabolic pathways - Homo sapiens (human),Brain_Substantia_nigra,chr2_190326507_G_T_b38,rs172366,ENSG00000198130.16,HIBCH,26275,8.72875737173156e-19,0.536186993122101,6617
chr2,hsa00280,"Valine, leucine and isoleucine degradation - Homo sapiens (human)",Brain_Substantia_nigra,chr2_190329333_C_T_b38,rs291427,ENSG00000198130.16,HIBCH,26275,2.28599225370538e-18,0.528627216815949,9443
chr2,hsa00410,beta-Alanine metabolism - Homo sapiens (human),Brain_Substantia_nigra,chr2_190329333_C_T_b38,rs291427,ENSG00000198130.16,HIBCH,26275,2.28599225370538e-18,0.528627216815949,9443
chr2,hsa00640,Propanoate metabolism - Homo sapiens (human),Brain_Substantia_nigra,chr2_190329333_C_T_b38,rs291427,ENSG00000198130.16,HIBCH,26275,2.28599225370538e-18,0.528627216815949,9443
chr2,hsa01100,Metabolic pathways - Homo sapiens (human),Brain_Substantia_nigra,chr2_190329333_C_T_b38,rs291427,ENSG00000198130.16,HIBCH,26275,2.28599225370538e-18,0.528627216815949,9443
chr2,hsa00280,"Valine, leucine and isoleucine degradation - Homo sapiens (human)",Brain_Substantia_nigra,chr2_190329955_C_T_b38,rs12615897,ENSG00000198130.16,HIBCH,26275,1.46893817556375e-11,-0.575676381587982,10065
chr2,hsa00410,beta-Alanine metabolism - Homo sapiens (human),Brain_Substantia_nigra,chr2_190329955_C_T_b38,rs12615897,ENSG00000198130.16,HIBCH,26275,1.46893817556375e-11,-0.575676381587982,10065
chr2,hsa00640,Propanoate metabolism - Homo sapiens (human),Brain_Substantia_nigra,chr2_190329955_C_T_b38,rs12615897,ENSG00000198130.16,HIBCH,26275,1.46893817556375e-11,-0.575676381587982,10065
chr2,hsa01100,Metabolic pathways - Homo sapiens (human),Brain_Substantia_nigra,chr2_190329955_C_T_b38,rs12615897,ENSG00000198130.16,HIBCH,26275,1.46893817556375e-11,-0.575676381587982,10065
chr2,hsa00280,"Valine, leucine and isoleucine degradation - Homo sapiens (human)",Brain_Substantia_nigra,chr2_190331137_A_G_b38,rs59696237,ENSG00000198130.16,HIBCH,26275,1.27434061009953e-11,-0.57741391658783,11247
chr2,hsa00410,beta-Alanine metabolism - Homo sapiens (human),Brain_Substantia_nigra,chr2_190331137_A_G_b38,rs59696237,ENSG00000198130.16,HIBCH,26275,1.27434061009953e-11,-0.57741391658783,11247
chr2,hsa00640,Propanoate metabolism - Homo sapiens (human),Brain_Substantia_nigra,chr2_190331137_A_G_b38,rs59696237,ENSG00000198130.16,HIBCH,26275,1.27434061009953e-11,-0.57741391658783,11247
chr2,hsa01100,Metabolic pathways - Homo sapiens (human),Brain_Substantia_nigra,chr2_190331137_A_G_b38,rs59696237,ENSG00000198130.16,HIBCH,26275,1.27434061009953e-11,-0.57741391658783,11247
chr2,hsa00280,"Valine, leucine and isoleucine degradation - Homo sapiens (human)",Brain_Substantia_nigra,chr2_190332500_G_T_b38,rs291428,ENSG00000198130.16,HIBCH,26275,8.72875737173156e-19,0.536186993122101,12610
chr2,hsa00410,beta-Alanine metabolism - Homo sapiens (human),Brain_Substantia_nigra,chr2_190332500_G_T_b38,rs291428,ENSG00000198130.16,HIBCH,26275,8.72875737173156e-19,0.536186993122101,12610
chr2,hsa00640,Propanoate metabolism - Homo sapiens (human),Brain_Substantia_nigra,chr2_190332500_G_T_b38,rs291428,ENSG00000198130.16,HIBCH,26275,8.72875737173156e-19,0.536186993122101,12610
chr2,hsa01100,Metabolic pathways - Homo sapiens (human),Brain_Substantia_nigra,chr2_190332500_G_T_b38,rs291428,ENSG00000198130.16,HIBCH,26275,8.72875737173156e-19,0.536186993122101,12610
chr2,hsa00280,"Valine, leucine and isoleucine degradation - Homo sapiens (human)",Brain_Substantia_nigra,chr2_190333185_G_A_b38,rs76736746,ENSG00000198130.16,HIBCH,26275,1.27434061009953e-11,-0.57741391658783,13295
chr2,hsa00410,beta-Alanine metabolism - Homo sapiens (human),Brain_Substantia_nigra,chr2_190333185_G_A_b38,rs76736746,ENSG00000198130.16,HIBCH,26275,1.27434061009953e-11,-0.57741391658783,13295
chr2,hsa00640,Propanoate metabolism - Homo sapiens (human),Brain_Substantia_nigra,chr2_190333185_G_A_b38,rs76736746,ENSG00000198130.16,HIBCH,26275,1.27434061009953e-11,-0.57741391658783,13295
chr2,hsa01100,Metabolic pathways - Homo sapiens (human),Brain_Substantia_nigra,chr2_190333185_G_A_b38,rs76736746,ENSG00000198130.16,HIBCH,26275,1.27434061009953e-11,-0.57741391658783,13295
chr2,hsa00280,"Valine, leucine and isoleucine degradation - Homo sapiens (human)",Brain_Substantia_nigra,chr2_190333215_G_A_b38,rs291429,ENSG00000198130.16,HIBCH,26275,1.01088603835751e-17,0.518175601959229,13325
chr2,hsa00410,beta-Alanine metabolism - Homo sapiens (human),Brain_Substantia_nigra,chr2_190333215_G_A_b38,rs291429,ENSG00000198130.16,HIBCH,26275,1.01088603835751e-17,0.518175601959229,13325
chr2,hsa00640,Propanoate metabolism - Homo sapiens (human),Brain_Substantia_nigra,chr2_190333215_G_A_b38,rs291429,ENSG00000198130.16,HIBCH,26275,1.01088603835751e-17,0.518175601959229,13325
chr2,hsa01100,Metabolic pathways - Homo sapiens (human),Brain_Substantia_nigra,chr2_190333215_G_A_b38,rs291429,ENSG00000198130.16,HIBCH,26275,1.01088603835751e-17,0.518175601959229,13325
chr2,hsa00280,"Valine, leucine and isoleucine degradation - Homo sapiens (human)",Brain_Substantia_nigra,chr2_190333246_G_A_b38,rs77225909,ENSG00000198130.16,HIBCH,26275,1.27434061009953e-11,-0.57741391658783,13356
chr2,hsa00410,beta-Alanine metabolism - Homo sapiens (human),Brain_Substantia_nigra,chr2_190333246_G_A_b38,rs77225909,ENSG00000198130.16,HIBCH,26275,1.27434061009953e-11,-0.57741391658783,13356
chr2,hsa00640,Propanoate metabolism - Homo sapiens (human),Brain_Substantia_nigra,chr2_190333246_G_A_b38,rs77225909,ENSG00000198130.16,HIBCH,26275,1.27434061009953e-11,-0.57741391658783,13356
chr2,hsa01100,Metabolic pathways - Homo sapiens (human),Brain_Substantia_nigra,chr2_190333246_G_A_b38,rs77225909,ENSG00000198130.16,HIBCH,26275,1.27434061009953e-11,-0.57741391658783,13356
chr2,hsa00280,"Valine, leucine and isoleucine degradation - Homo sapiens (human)",Brain_Substantia_nigra,chr2_190334001_A_C_b38,rs291430,ENSG00000198130.16,HIBCH,26275,6.52032959860843e-18,0.518408238887787,14111
chr2,hsa00410,beta-Alanine metabolism - Homo sapiens (human),Brain_Substantia_nigra,chr2_190334001_A_C_b38,rs291430,ENSG00000198130.16,HIBCH,26275,6.52032959860843e-18,0.518408238887787,14111
chr2,hsa00640,Propanoate metabolism - Homo sapiens (human),Brain_Substantia_nigra,chr2_190334001_A_C_b38,rs291430,ENSG00000198130.16,HIBCH,26275,6.52032959860843e-18,0.518408238887787,14111
chr2,hsa01100,Metabolic pathways - Homo sapiens (human),Brain_Substantia_nigra,chr2_190334001_A_C_b38,rs291430,ENSG00000198130.16,HIBCH,26275,6.52032959860843e-18,0.518408238887787,14111
chr2,hsa00280,"Valine, leucine and isoleucine degradation - Homo sapiens (human)",Brain_Substantia_nigra,chr2_190334804_G_A_b38,rs291431,ENSG00000198130.16,HIBCH,26275,8.72875737173156e-19,0.536186993122101,14914
chr2,hsa00410,beta-Alanine metabolism - Homo sapiens (human),Brain_Substantia_nigra,chr2_190334804_G_A_b38,rs291431,ENSG00000198130.16,HIBCH,26275,8.72875737173156e-19,0.536186993122101,14914
chr2,hsa00640,Propanoate metabolism - Homo sapiens (human),Brain_Substantia_nigra,chr2_190334804_G_A_b38,rs291431,ENSG00000198130.16,HIBCH,26275,8.72875737173156e-19,0.536186993122101,14914
chr2,hsa01100,Metabolic pathways - Homo sapiens (human),Brain_Substantia_nigra,chr2_190334804_G_A_b38,rs291431,ENSG00000198130.16,HIBCH,26275,8.72875737173156e-19,0.536186993122101,14914
chr2,hsa00280,"Valine, leucine and isoleucine degradation - Homo sapiens (human)",Brain_Substantia_nigra,chr2_190334828_C_T_b38,rs62182001,ENSG00000198130.16,HIBCH,26275,1.46892899732163e-11,-0.575676441192627,14938
chr2,hsa00410,beta-Alanine metabolism - Homo sapiens (human),Brain_Substantia_nigra,chr2_190334828_C_T_b38,rs62182001,ENSG00000198130.16,HIBCH,26275,1.46892899732163e-11,-0.575676441192627,14938
chr2,hsa00640,Propanoate metabolism - Homo sapiens (human),Brain_Substantia_nigra,chr2_190334828_C_T_b38,rs62182001,ENSG00000198130.16,HIBCH,26275,1.46892899732163e-11,-0.575676441192627,14938
chr2,hsa01100,Metabolic pathways - Homo sapiens (human),Brain_Substantia_nigra,chr2_190334828_C_T_b38,rs62182001,ENSG00000198130.16,HIBCH,26275,1.46892899732163e-11,-0.575676441192627,14938
chr2,hsa00280,"Valine, leucine and isoleucine degradation - Homo sapiens (human)",Brain_Substantia_nigra,chr2_190337911_A_G_b38,rs12693568,ENSG00000198130.16,HIBCH,26275,2.68765056412879e-18,0.525373756885529,18021
chr2,hsa00410,beta-Alanine metabolism - Homo sapiens (human),Brain_Substantia_nigra,chr2_190337911_A_G_b38,rs12693568,ENSG00000198130.16,HIBCH,26275,2.68765056412879e-18,0.525373756885529,18021
chr2,hsa00640,Propanoate metabolism - Homo sapiens (human),Brain_Substantia_nigra,chr2_190337911_A_G_b38,rs12693568,ENSG00000198130.16,HIBCH,26275,2.68765056412879e-18,0.525373756885529,18021
chr2,hsa01100,Metabolic pathways - Homo sapiens (human),Brain_Substantia_nigra,chr2_190337911_A_G_b38,rs12693568,ENSG00000198130.16,HIBCH,26275,2.68765056412879e-18,0.525373756885529,18021
chr2,hsa00280,"Valine, leucine and isoleucine degradation - Homo sapiens (human)",Brain_Substantia_nigra,chr2_190340251_TA_T_b38,rs34767025,ENSG00000198130.16,HIBCH,26275,2.28599225370538e-18,0.528627216815949,20361
chr2,hsa00410,beta-Alanine metabolism - Homo sapiens (human),Brain_Substantia_nigra,chr2_190340251_TA_T_b38,rs34767025,ENSG00000198130.16,HIBCH,26275,2.28599225370538e-18,0.528627216815949,20361
chr2,hsa00640,Propanoate metabolism - Homo sapiens (human),Brain_Substantia_nigra,chr2_190340251_TA_T_b38,rs34767025,ENSG00000198130.16,HIBCH,26275,2.28599225370538e-18,0.528627216815949,20361
chr2,hsa01100,Metabolic pathways - Homo sapiens (human),Brain_Substantia_nigra,chr2_190340251_TA_T_b38,rs34767025,ENSG00000198130.16,HIBCH,26275,2.28599225370538e-18,0.528627216815949,20361
chr2,hsa00280,"Valine, leucine and isoleucine degradation - Homo sapiens (human)",Brain_Substantia_nigra,chr2_190341243_C_T_b38,rs6434387,ENSG00000198130.16,HIBCH,26275,2.68765056412879e-18,0.525373756885529,21353
chr2,hsa00410,beta-Alanine metabolism - Homo sapiens (human),Brain_Substantia_nigra,chr2_190341243_C_T_b38,rs6434387,ENSG00000198130.16,HIBCH,26275,2.68765056412879e-18,0.525373756885529,21353
chr2,hsa00640,Propanoate metabolism - Homo sapiens (human),Brain_Substantia_nigra,chr2_190341243_C_T_b38,rs6434387,ENSG00000198130.16,HIBCH,26275,2.68765056412879e-18,0.525373756885529,21353
chr2,hsa01100,Metabolic pathways - Homo sapiens (human),Brain_Substantia_nigra,chr2_190341243_C_T_b38,rs6434387,ENSG00000198130.16,HIBCH,26275,2.68765056412879e-18,0.525373756885529,21353
chr2,hsa00280,"Valine, leucine and isoleucine degradation - Homo sapiens (human)",Brain_Substantia_nigra,chr2_190344992_C_T_b38,rs3791809,ENSG00000198130.16,HIBCH,26275,8.03613460657349e-13,0.448395937681198,25102
chr2,hsa00410,beta-Alanine metabolism - Homo sapiens (human),Brain_Substantia_nigra,chr2_190344992_C_T_b38,rs3791809,ENSG00000198130.16,HIBCH,26275,8.03613460657349e-13,0.448395937681198,25102
chr2,hsa00640,Propanoate metabolism - Homo sapiens (human),Brain_Substantia_nigra,chr2_190344992_C_T_b38,rs3791809,ENSG00000198130.16,HIBCH,26275,8.03613460657349e-13,0.448395937681198,25102
chr2,hsa01100,Metabolic pathways - Homo sapiens (human),Brain_Substantia_nigra,chr2_190344992_C_T_b38,rs3791809,ENSG00000198130.16,HIBCH,26275,8.03613460657349e-13,0.448395937681198,25102
chr2,hsa00280,"Valine, leucine and isoleucine degradation - Homo sapiens (human)",Brain_Substantia_nigra,chr2_190364322_A_G_b38,rs35277625,ENSG00000198130.16,HIBCH,26275,5.03884789412201e-11,-0.432780086994171,44432
chr2,hsa00410,beta-Alanine metabolism - Homo sapiens (human),Brain_Substantia_nigra,chr2_190364322_A_G_b38,rs35277625,ENSG00000198130.16,HIBCH,26275,5.03884789412201e-11,-0.432780086994171,44432
chr2,hsa00640,Propanoate metabolism - Homo sapiens (human),Brain_Substantia_nigra,chr2_190364322_A_G_b38,rs35277625,ENSG00000198130.16,HIBCH,26275,5.03884789412201e-11,-0.432780086994171,44432
chr2,hsa01100,Metabolic pathways - Homo sapiens (human),Brain_Substantia_nigra,chr2_190364322_A_G_b38,rs35277625,ENSG00000198130.16,HIBCH,26275,5.03884789412201e-11,-0.432780086994171,44432
chr2,hsa00280,"Valine, leucine and isoleucine degradation - Homo sapiens (human)",Brain_Substantia_nigra,chr2_190364474_G_A_b38,rs62182028,ENSG00000198130.16,HIBCH,26275,4.8407838400309e-11,-0.562067568302155,44584
chr2,hsa00410,beta-Alanine metabolism - Homo sapiens (human),Brain_Substantia_nigra,chr2_190364474_G_A_b38,rs62182028,ENSG00000198130.16,HIBCH,26275,4.8407838400309e-11,-0.562067568302155,44584
chr2,hsa00640,Propanoate metabolism - Homo sapiens (human),Brain_Substantia_nigra,chr2_190364474_G_A_b38,rs62182028,ENSG00000198130.16,HIBCH,26275,4.8407838400309e-11,-0.562067568302155,44584
chr2,hsa01100,Metabolic pathways - Homo sapiens (human),Brain_Substantia_nigra,chr2_190364474_G_A_b38,rs62182028,ENSG00000198130.16,HIBCH,26275,4.8407838400309e-11,-0.562067568302155,44584
chr2,hsa00280,"Valine, leucine and isoleucine degradation - Homo sapiens (human)",Brain_Substantia_nigra,chr2_190364809_G_T_b38,rs56044907,ENSG00000198130.16,HIBCH,26275,1.7867399122072e-10,-0.426290899515152,44919
chr2,hsa00410,beta-Alanine metabolism - Homo sapiens (human),Brain_Substantia_nigra,chr2_190364809_G_T_b38,rs56044907,ENSG00000198130.16,HIBCH,26275,1.7867399122072e-10,-0.426290899515152,44919
chr2,hsa00640,Propanoate metabolism - Homo sapiens (human),Brain_Substantia_nigra,chr2_190364809_G_T_b38,rs56044907,ENSG00000198130.16,HIBCH,26275,1.7867399122072e-10,-0.426290899515152,44919
chr2,hsa01100,Metabolic pathways - Homo sapiens (human),Brain_Substantia_nigra,chr2_190364809_G_T_b38,rs56044907,ENSG00000198130.16,HIBCH,26275,1.7867399122072e-10,-0.426290899515152,44919
chr2,hsa00280,"Valine, leucine and isoleucine degradation - Homo sapiens (human)",Brain_Substantia_nigra,chr2_190365620_T_C_b38,rs2067434,ENSG00000198130.16,HIBCH,26275,5.13010684718725e-10,-0.416750937700272,45730
chr2,hsa00410,beta-Alanine metabolism - Homo sapiens (human),Brain_Substantia_nigra,chr2_190365620_T_C_b38,rs2067434,ENSG00000198130.16,HIBCH,26275,5.13010684718725e-10,-0.416750937700272,45730
chr2,hsa00640,Propanoate metabolism - Homo sapiens (human),Brain_Substantia_nigra,chr2_190365620_T_C_b38,rs2067434,ENSG00000198130.16,HIBCH,26275,5.13010684718725e-10,-0.416750937700272,45730
chr2,hsa01100,Metabolic pathways - Homo sapiens (human),Brain_Substantia_nigra,chr2_190365620_T_C_b38,rs2067434,ENSG00000198130.16,HIBCH,26275,5.13010684718725e-10,-0.416750937700272,45730
chr2,hsa00280,"Valine, leucine and isoleucine degradation - Homo sapiens (human)",Brain_Substantia_nigra,chr2_190366732_G_A_b38,rs11544940,ENSG00000198130.16,HIBCH,26275,5.13010684718725e-10,-0.416750937700272,46842
chr2,hsa00410,beta-Alanine metabolism - Homo sapiens (human),Brain_Substantia_nigra,chr2_190366732_G_A_b38,rs11544940,ENSG00000198130.16,HIBCH,26275,5.13010684718725e-10,-0.416750937700272,46842
chr2,hsa00640,Propanoate metabolism - Homo sapiens (human),Brain_Substantia_nigra,chr2_190366732_G_A_b38,rs11544940,ENSG00000198130.16,HIBCH,26275,5.13010684718725e-10,-0.416750937700272,46842
chr2,hsa01100,Metabolic pathways - Homo sapiens (human),Brain_Substantia_nigra,chr2_190366732_G_A_b38,rs11544940,ENSG00000198130.16,HIBCH,26275,5.13010684718725e-10,-0.416750937700272,46842
chr2,hsa00280,"Valine, leucine and isoleucine degradation - Homo sapiens (human)",Brain_Substantia_nigra,chr2_190367179_C_A_b38,rs2067446,ENSG00000198130.16,HIBCH,26275,5.13010684718725e-10,-0.416750937700272,47289
chr2,hsa00410,beta-Alanine metabolism - Homo sapiens (human),Brain_Substantia_nigra,chr2_190367179_C_A_b38,rs2067446,ENSG00000198130.16,HIBCH,26275,5.13010684718725e-10,-0.416750937700272,47289
chr2,hsa00640,Propanoate metabolism - Homo sapiens (human),Brain_Substantia_nigra,chr2_190367179_C_A_b38,rs2067446,ENSG00000198130.16,HIBCH,26275,5.13010684718725e-10,-0.416750937700272,47289
chr2,hsa01100,Metabolic pathways - Homo sapiens (human),Brain_Substantia_nigra,chr2_190367179_C_A_b38,rs2067446,ENSG00000198130.16,HIBCH,26275,5.13010684718725e-10,-0.416750937700272,47289
chr2,hsa00280,"Valine, leucine and isoleucine degradation - Homo sapiens (human)",Brain_Substantia_nigra,chr2_190367261_A_G_b38,rs6730620,ENSG00000198130.16,HIBCH,26275,5.13010684718725e-10,-0.416750937700272,47371
chr2,hsa00410,beta-Alanine metabolism - Homo sapiens (human),Brain_Substantia_nigra,chr2_190367261_A_G_b38,rs6730620,ENSG00000198130.16,HIBCH,26275,5.13010684718725e-10,-0.416750937700272,47371
chr2,hsa00640,Propanoate metabolism - Homo sapiens (human),Brain_Substantia_nigra,chr2_190367261_A_G_b38,rs6730620,ENSG00000198130.16,HIBCH,26275,5.13010684718725e-10,-0.416750937700272,47371
chr2,hsa01100,Metabolic pathways - Homo sapiens (human),Brain_Substantia_nigra,chr2_190367261_A_G_b38,rs6730620,ENSG00000198130.16,HIBCH,26275,5.13010684718725e-10,-0.416750937700272,47371
chr2,hsa00280,"Valine, leucine and isoleucine degradation - Homo sapiens (human)",Brain_Substantia_nigra,chr2_190367405_G_C_b38,rs12471159,ENSG00000198130.16,HIBCH,26275,5.13010684718725e-10,-0.416750937700272,47515
chr2,hsa00410,beta-Alanine metabolism - Homo sapiens (human),Brain_Substantia_nigra,chr2_190367405_G_C_b38,rs12471159,ENSG00000198130.16,HIBCH,26275,5.13010684718725e-10,-0.416750937700272,47515
chr2,hsa00640,Propanoate metabolism - Homo sapiens (human),Brain_Substantia_nigra,chr2_190367405_G_C_b38,rs12471159,ENSG00000198130.16,HIBCH,26275,5.13010684718725e-10,-0.416750937700272,47515
chr2,hsa01100,Metabolic pathways - Homo sapiens (human),Brain_Substantia_nigra,chr2_190367405_G_C_b38,rs12471159,ENSG00000198130.16,HIBCH,26275,5.13010684718725e-10,-0.416750937700272,47515
chr2,hsa00280,"Valine, leucine and isoleucine degradation - Homo sapiens (human)",Brain_Substantia_nigra,chr2_190367655_A_G_b38,rs1530225,ENSG00000198130.16,HIBCH,26275,5.13010684718725e-10,-0.416750937700272,47765
chr2,hsa00410,beta-Alanine metabolism - Homo sapiens (human),Brain_Substantia_nigra,chr2_190367655_A_G_b38,rs1530225,ENSG00000198130.16,HIBCH,26275,5.13010684718725e-10,-0.416750937700272,47765
chr2,hsa00640,Propanoate metabolism - Homo sapiens (human),Brain_Substantia_nigra,chr2_190367655_A_G_b38,rs1530225,ENSG00000198130.16,HIBCH,26275,5.13010684718725e-10,-0.416750937700272,47765
chr2,hsa01100,Metabolic pathways - Homo sapiens (human),Brain_Substantia_nigra,chr2_190367655_A_G_b38,rs1530225,ENSG00000198130.16,HIBCH,26275,5.13010684718725e-10,-0.416750937700272,47765
chr2,hsa00280,"Valine, leucine and isoleucine degradation - Homo sapiens (human)",Brain_Substantia_nigra,chr2_190368449_G_A_b38,rs909270,ENSG00000198130.16,HIBCH,26275,5.13010684718725e-10,-0.416750937700272,48559
chr2,hsa00410,beta-Alanine metabolism - Homo sapiens (human),Brain_Substantia_nigra,chr2_190368449_G_A_b38,rs909270,ENSG00000198130.16,HIBCH,26275,5.13010684718725e-10,-0.416750937700272,48559
chr2,hsa00640,Propanoate metabolism - Homo sapiens (human),Brain_Substantia_nigra,chr2_190368449_G_A_b38,rs909270,ENSG00000198130.16,HIBCH,26275,5.13010684718725e-10,-0.416750937700272,48559
chr2,hsa01100,Metabolic pathways - Homo sapiens (human),Brain_Substantia_nigra,chr2_190368449_G_A_b38,rs909270,ENSG00000198130.16,HIBCH,26275,5.13010684718725e-10,-0.416750937700272,48559
chr2,hsa00280,"Valine, leucine and isoleucine degradation - Homo sapiens (human)",Brain_Substantia_nigra,chr2_190368526_G_C_b38,rs2006980,ENSG00000198130.16,HIBCH,26275,5.13010684718725e-10,-0.416750937700272,48636
chr2,hsa00410,beta-Alanine metabolism - Homo sapiens (human),Brain_Substantia_nigra,chr2_190368526_G_C_b38,rs2006980,ENSG00000198130.16,HIBCH,26275,5.13010684718725e-10,-0.416750937700272,48636
chr2,hsa00640,Propanoate metabolism - Homo sapiens (human),Brain_Substantia_nigra,chr2_190368526_G_C_b38,rs2006980,ENSG00000198130.16,HIBCH,26275,5.13010684718725e-10,-0.416750937700272,48636
chr2,hsa01100,Metabolic pathways - Homo sapiens (human),Brain_Substantia_nigra,chr2_190368526_G_C_b38,rs2006980,ENSG00000198130.16,HIBCH,26275,5.13010684718725e-10,-0.416750937700272,48636
chr2,hsa00280,"Valine, leucine and isoleucine degradation - Homo sapiens (human)",Brain_Substantia_nigra,chr2_190368650_T_C_b38,rs909272,ENSG00000198130.16,HIBCH,26275,5.13010684718725e-10,-0.416750937700272,48760
chr2,hsa00410,beta-Alanine metabolism - Homo sapiens (human),Brain_Substantia_nigra,chr2_190368650_T_C_b38,rs909272,ENSG00000198130.16,HIBCH,26275,5.13010684718725e-10,-0.416750937700272,48760
chr2,hsa00640,Propanoate metabolism - Homo sapiens (human),Brain_Substantia_nigra,chr2_190368650_T_C_b38,rs909272,ENSG00000198130.16,HIBCH,26275,5.13010684718725e-10,-0.416750937700272,48760
chr2,hsa01100,Metabolic pathways - Homo sapiens (human),Brain_Substantia_nigra,chr2_190368650_T_C_b38,rs909272,ENSG00000198130.16,HIBCH,26275,5.13010684718725e-10,-0.416750937700272,48760
chr2,hsa00280,"Valine, leucine and isoleucine degradation - Homo sapiens (human)",Brain_Substantia_nigra,chr2_190369464_C_A_b38,rs1108939,ENSG00000198130.16,HIBCH,26275,1.44451181799215e-11,-0.572444796562195,49574
chr2,hsa00410,beta-Alanine metabolism - Homo sapiens (human),Brain_Substantia_nigra,chr2_190369464_C_A_b38,rs1108939,ENSG00000198130.16,HIBCH,26275,1.44451181799215e-11,-0.572444796562195,49574
chr2,hsa00640,Propanoate metabolism - Homo sapiens (human),Brain_Substantia_nigra,chr2_190369464_C_A_b38,rs1108939,ENSG00000198130.16,HIBCH,26275,1.44451181799215e-11,-0.572444796562195,49574
chr2,hsa01100,Metabolic pathways - Homo sapiens (human),Brain_Substantia_nigra,chr2_190369464_C_A_b38,rs1108939,ENSG00000198130.16,HIBCH,26275,1.44451181799215e-11,-0.572444796562195,49574
chr2,hsa00280,"Valine, leucine and isoleucine degradation - Homo sapiens (human)",Brain_Substantia_nigra,chr2_190370015_G_A_b38,rs4853695,ENSG00000198130.16,HIBCH,26275,1.69223422299052e-11,-0.570475935935974,50125
chr2,hsa00410,beta-Alanine metabolism - Homo sapiens (human),Brain_Substantia_nigra,chr2_190370015_G_A_b38,rs4853695,ENSG00000198130.16,HIBCH,26275,1.69223422299052e-11,-0.570475935935974,50125
chr2,hsa00640,Propanoate metabolism - Homo sapiens (human),Brain_Substantia_nigra,chr2_190370015_G_A_b38,rs4853695,ENSG00000198130.16,HIBCH,26275,1.69223422299052e-11,-0.570475935935974,50125
chr2,hsa01100,Metabolic pathways - Homo sapiens (human),Brain_Substantia_nigra,chr2_190370015_G_A_b38,rs4853695,ENSG00000198130.16,HIBCH,26275,1.69223422299052e-11,-0.570475935935974,50125
chr2,hsa00280,"Valine, leucine and isoleucine degradation - Homo sapiens (human)",Brain_Substantia_nigra,chr2_190841714_G_C_b38,rs114786190,ENSG00000198130.16,HIBCH,26275,1.81648494573508e-08,-0.623709201812744,521824
chr2,hsa00410,beta-Alanine metabolism - Homo sapiens (human),Brain_Substantia_nigra,chr2_190841714_G_C_b38,rs114786190,ENSG00000198130.16,HIBCH,26275,1.81648494573508e-08,-0.623709201812744,521824
chr2,hsa00640,Propanoate metabolism - Homo sapiens (human),Brain_Substantia_nigra,chr2_190841714_G_C_b38,rs114786190,ENSG00000198130.16,HIBCH,26275,1.81648494573508e-08,-0.623709201812744,521824
chr2,hsa01100,Metabolic pathways - Homo sapiens (human),Brain_Substantia_nigra,chr2_190841714_G_C_b38,rs114786190,ENSG00000198130.16,HIBCH,26275,1.81648494573508e-08,-0.623709201812744,521824
chr2,hsa04080,Neuroactive ligand-receptor interaction - Homo sapiens (human),Brain_Substantia_nigra,chr2_240621671_G_T_b38,rs4676411,ENSG00000178623.13,GPR35,2859,2.08225888190983e-12,-0.4708431661129,16241
chr2,hsa03022,Basal transcription factors - Homo sapiens (human),Brain_Substantia_nigra,chr2_48587178_C_T_b38,rs13007591,ENSG00000068781.21,STON1-GTF2A1L,286749,3.44118546561298e-09,-0.644587516784668,-181776
chr2,hsa03022,Basal transcription factors - Homo sapiens (human),Brain_Substantia_nigra,chr2_48587777_A_G_b38,rs11888325,ENSG00000068781.21,STON1-GTF2A1L,286749,1.00879296326029e-08,-0.617275536060333,-181177
chr2,hsa03022,Basal transcription factors - Homo sapiens (human),Brain_Substantia_nigra,chr2_48588411_C_T_b38,rs7423425,ENSG00000068781.21,STON1-GTF2A1L,286749,7.10894160468045e-09,-0.633276641368866,-180543
chr2,hsa03022,Basal transcription factors - Homo sapiens (human),Brain_Substantia_nigra,chr2_48592058_A_G_b38,rs2293276,ENSG00000068781.21,STON1-GTF2A1L,286749,2.97261948160525e-08,-0.603306829929352,-176896
chr2,hsa03022,Basal transcription factors - Homo sapiens (human),Brain_Substantia_nigra,chr2_48592552_C_T_b38,rs2204306,ENSG00000068781.21,STON1-GTF2A1L,286749,1.30756585011819e-08,-0.579328298568726,-176402
chr2,hsa03022,Basal transcription factors - Homo sapiens (human),Brain_Substantia_nigra,chr2_48594802_A_G_b38,rs10865231,ENSG00000068781.21,STON1-GTF2A1L,286749,1.21986652256633e-08,-0.626080274581909,-174152
chr2,hsa03022,Basal transcription factors - Homo sapiens (human),Brain_Substantia_nigra,chr2_48595242_G_A_b38,rs2140551,ENSG00000068781.21,STON1-GTF2A1L,286749,2.1447346523249e-15,0.705249547958374,-173712
chr2,hsa03022,Basal transcription factors - Homo sapiens (human),Brain_Substantia_nigra,chr2_48603994_G_C_b38,rs12990302,ENSG00000068781.21,STON1-GTF2A1L,286749,4.38420008269362e-08,0.654032647609711,-164960
chr2,hsa03022,Basal transcription factors - Homo sapiens (human),Brain_Substantia_nigra,chr2_48604127_T_G_b38,rs13016779,ENSG00000068781.21,STON1-GTF2A1L,286749,4.38420008269362e-08,0.654032647609711,-164827
chr2,hsa03022,Basal transcription factors - Homo sapiens (human),Brain_Substantia_nigra,chr2_48605367_G_C_b38,rs7578339,ENSG00000068781.21,STON1-GTF2A1L,286749,4.44438156697052e-08,0.683712244033814,-163587
chr2,hsa00562,Inositol phosphate metabolism - Homo sapiens (human),Brain_Substantia_nigra,chr2_190346887_G_A_b38,rs979329,ENSG00000151689.13,INPP1,3628,8.84990300490516e-09,-0.299542456865311,3317
chr2,hsa01100,Metabolic pathways - Homo sapiens (human),Brain_Substantia_nigra,chr2_190346887_G_A_b38,rs979329,ENSG00000151689.13,INPP1,3628,8.84990300490516e-09,-0.299542456865311,3317
chr2,hsa04070,Phosphatidylinositol signaling system - Homo sapiens (human),Brain_Substantia_nigra,chr2_190346887_G_A_b38,rs979329,ENSG00000151689.13,INPP1,3628,8.84990300490516e-09,-0.299542456865311,3317
chr2,hsa00562,Inositol phosphate metabolism - Homo sapiens (human),Brain_Substantia_nigra,chr2_190347505_C_T_b38,rs6721431,ENSG00000151689.13,INPP1,3628,9.76476927639394e-09,-0.299492388963699,3935
chr2,hsa01100,Metabolic pathways - Homo sapiens (human),Brain_Substantia_nigra,chr2_190347505_C_T_b38,rs6721431,ENSG00000151689.13,INPP1,3628,9.76476927639394e-09,-0.299492388963699,3935
chr2,hsa04070,Phosphatidylinositol signaling system - Homo sapiens (human),Brain_Substantia_nigra,chr2_190347505_C_T_b38,rs6721431,ENSG00000151689.13,INPP1,3628,9.76476927639394e-09,-0.299492388963699,3935
chr2,hsa00562,Inositol phosphate metabolism - Homo sapiens (human),Brain_Substantia_nigra,chr2_190348263_A_T_b38,rs2736621,ENSG00000151689.13,INPP1,3628,9.76476927639394e-09,-0.299492388963699,4693
chr2,hsa01100,Metabolic pathways - Homo sapiens (human),Brain_Substantia_nigra,chr2_190348263_A_T_b38,rs2736621,ENSG00000151689.13,INPP1,3628,9.76476927639394e-09,-0.299492388963699,4693
chr2,hsa04070,Phosphatidylinositol signaling system - Homo sapiens (human),Brain_Substantia_nigra,chr2_190348263_A_T_b38,rs2736621,ENSG00000151689.13,INPP1,3628,9.76476927639394e-09,-0.299492388963699,4693
chr2,hsa00562,Inositol phosphate metabolism - Homo sapiens (human),Brain_Substantia_nigra,chr2_190348938_A_G_b38,rs1882892,ENSG00000151689.13,INPP1,3628,9.76476927639394e-09,-0.299492388963699,5368
chr2,hsa01100,Metabolic pathways - Homo sapiens (human),Brain_Substantia_nigra,chr2_190348938_A_G_b38,rs1882892,ENSG00000151689.13,INPP1,3628,9.76476927639394e-09,-0.299492388963699,5368
chr2,hsa04070,Phosphatidylinositol signaling system - Homo sapiens (human),Brain_Substantia_nigra,chr2_190348938_A_G_b38,rs1882892,ENSG00000151689.13,INPP1,3628,9.76476927639394e-09,-0.299492388963699,5368
chr2,hsa00562,Inositol phosphate metabolism - Homo sapiens (human),Brain_Substantia_nigra,chr2_190349249_C_T_b38,rs2736622,ENSG00000151689.13,INPP1,3628,9.76476927639394e-09,-0.299492388963699,5679
chr2,hsa01100,Metabolic pathways - Homo sapiens (human),Brain_Substantia_nigra,chr2_190349249_C_T_b38,rs2736622,ENSG00000151689.13,INPP1,3628,9.76476927639394e-09,-0.299492388963699,5679
chr2,hsa04070,Phosphatidylinositol signaling system - Homo sapiens (human),Brain_Substantia_nigra,chr2_190349249_C_T_b38,rs2736622,ENSG00000151689.13,INPP1,3628,9.76476927639394e-09,-0.299492388963699,5679
chr2,hsa00562,Inositol phosphate metabolism - Homo sapiens (human),Brain_Substantia_nigra,chr2_190354191_T_C_b38,rs2015744,ENSG00000151689.13,INPP1,3628,1.73623431597841e-09,-0.310763686895371,10621
chr2,hsa01100,Metabolic pathways - Homo sapiens (human),Brain_Substantia_nigra,chr2_190354191_T_C_b38,rs2015744,ENSG00000151689.13,INPP1,3628,1.73623431597841e-09,-0.310763686895371,10621
chr2,hsa04070,Phosphatidylinositol signaling system - Homo sapiens (human),Brain_Substantia_nigra,chr2_190354191_T_C_b38,rs2015744,ENSG00000151689.13,INPP1,3628,1.73623431597841e-09,-0.310763686895371,10621
chr2,hsa00562,Inositol phosphate metabolism - Homo sapiens (human),Brain_Substantia_nigra,chr2_190354338_C_A_b38,rs1984626,ENSG00000151689.13,INPP1,3628,9.33667632363124e-09,0.301097273826599,10768
chr2,hsa01100,Metabolic pathways - Homo sapiens (human),Brain_Substantia_nigra,chr2_190354338_C_A_b38,rs1984626,ENSG00000151689.13,INPP1,3628,9.33667632363124e-09,0.301097273826599,10768
chr2,hsa04070,Phosphatidylinositol signaling system - Homo sapiens (human),Brain_Substantia_nigra,chr2_190354338_C_A_b38,rs1984626,ENSG00000151689.13,INPP1,3628,9.33667632363124e-09,0.301097273826599,10768
chr2,hsa00562,Inositol phosphate metabolism - Homo sapiens (human),Brain_Substantia_nigra,chr2_190354547_A_G_b38,rs4853694,ENSG00000151689.13,INPP1,3628,9.33667632363124e-09,0.301097273826599,10977
chr2,hsa01100,Metabolic pathways - Homo sapiens (human),Brain_Substantia_nigra,chr2_190354547_A_G_b38,rs4853694,ENSG00000151689.13,INPP1,3628,9.33667632363124e-09,0.301097273826599,10977
chr2,hsa04070,Phosphatidylinositol signaling system - Homo sapiens (human),Brain_Substantia_nigra,chr2_190354547_A_G_b38,rs4853694,ENSG00000151689.13,INPP1,3628,9.33667632363124e-09,0.301097273826599,10977
chr2,hsa00562,Inositol phosphate metabolism - Homo sapiens (human),Brain_Substantia_nigra,chr2_190355987_T_TA_b38,rs11412132,ENSG00000151689.13,INPP1,3628,9.33667632363124e-09,0.301097273826599,12417
chr2,hsa01100,Metabolic pathways - Homo sapiens (human),Brain_Substantia_nigra,chr2_190355987_T_TA_b38,rs11412132,ENSG00000151689.13,INPP1,3628,9.33667632363124e-09,0.301097273826599,12417
chr2,hsa04070,Phosphatidylinositol signaling system - Homo sapiens (human),Brain_Substantia_nigra,chr2_190355987_T_TA_b38,rs11412132,ENSG00000151689.13,INPP1,3628,9.33667632363124e-09,0.301097273826599,12417
chr2,hsa00562,Inositol phosphate metabolism - Homo sapiens (human),Brain_Substantia_nigra,chr2_190356640_A_C_b38,rs3791816,ENSG00000151689.13,INPP1,3628,1.02980182944292e-08,0.300935685634613,13070
chr2,hsa01100,Metabolic pathways - Homo sapiens (human),Brain_Substantia_nigra,chr2_190356640_A_C_b38,rs3791816,ENSG00000151689.13,INPP1,3628,1.02980182944292e-08,0.300935685634613,13070
chr2,hsa04070,Phosphatidylinositol signaling system - Homo sapiens (human),Brain_Substantia_nigra,chr2_190356640_A_C_b38,rs3791816,ENSG00000151689.13,INPP1,3628,1.02980182944292e-08,0.300935685634613,13070
chr2,hsa00562,Inositol phosphate metabolism - Homo sapiens (human),Brain_Substantia_nigra,chr2_190357202_C_T_b38,rs2067391,ENSG00000151689.13,INPP1,3628,1.78280254243893e-09,0.312631011009216,13632
chr2,hsa01100,Metabolic pathways - Homo sapiens (human),Brain_Substantia_nigra,chr2_190357202_C_T_b38,rs2067391,ENSG00000151689.13,INPP1,3628,1.78280254243893e-09,0.312631011009216,13632
chr2,hsa04070,Phosphatidylinositol signaling system - Homo sapiens (human),Brain_Substantia_nigra,chr2_190357202_C_T_b38,rs2067391,ENSG00000151689.13,INPP1,3628,1.78280254243893e-09,0.312631011009216,13632
chr2,hsa00562,Inositol phosphate metabolism - Homo sapiens (human),Brain_Substantia_nigra,chr2_190357387_T_C_b38,rs2067392,ENSG00000151689.13,INPP1,3628,1.02980182944292e-08,0.300935685634613,13817
chr2,hsa01100,Metabolic pathways - Homo sapiens (human),Brain_Substantia_nigra,chr2_190357387_T_C_b38,rs2067392,ENSG00000151689.13,INPP1,3628,1.02980182944292e-08,0.300935685634613,13817
chr2,hsa04070,Phosphatidylinositol signaling system - Homo sapiens (human),Brain_Substantia_nigra,chr2_190357387_T_C_b38,rs2067392,ENSG00000151689.13,INPP1,3628,1.02980182944292e-08,0.300935685634613,13817
chr2,hsa00562,Inositol phosphate metabolism - Homo sapiens (human),Brain_Substantia_nigra,chr2_190357605_C_A_b38,rs2067393,ENSG00000151689.13,INPP1,3628,9.33667632363124e-09,0.301097273826599,14035
chr2,hsa01100,Metabolic pathways - Homo sapiens (human),Brain_Substantia_nigra,chr2_190357605_C_A_b38,rs2067393,ENSG00000151689.13,INPP1,3628,9.33667632363124e-09,0.301097273826599,14035
chr2,hsa04070,Phosphatidylinositol signaling system - Homo sapiens (human),Brain_Substantia_nigra,chr2_190357605_C_A_b38,rs2067393,ENSG00000151689.13,INPP1,3628,9.33667632363124e-09,0.301097273826599,14035
chr2,hsa00562,Inositol phosphate metabolism - Homo sapiens (human),Brain_Substantia_nigra,chr2_190357784_G_A_b38,rs2067394,ENSG00000151689.13,INPP1,3628,9.33667632363124e-09,0.301097273826599,14214
chr2,hsa01100,Metabolic pathways - Homo sapiens (human),Brain_Substantia_nigra,chr2_190357784_G_A_b38,rs2067394,ENSG00000151689.13,INPP1,3628,9.33667632363124e-09,0.301097273826599,14214
chr2,hsa04070,Phosphatidylinositol signaling system - Homo sapiens (human),Brain_Substantia_nigra,chr2_190357784_G_A_b38,rs2067394,ENSG00000151689.13,INPP1,3628,9.33667632363124e-09,0.301097273826599,14214
chr2,hsa00562,Inositol phosphate metabolism - Homo sapiens (human),Brain_Substantia_nigra,chr2_190358021_T_C_b38,rs2067395,ENSG00000151689.13,INPP1,3628,9.33665295508569e-09,0.301097303628922,14451
chr2,hsa01100,Metabolic pathways - Homo sapiens (human),Brain_Substantia_nigra,chr2_190358021_T_C_b38,rs2067395,ENSG00000151689.13,INPP1,3628,9.33665295508569e-09,0.301097303628922,14451
chr2,hsa04070,Phosphatidylinositol signaling system - Homo sapiens (human),Brain_Substantia_nigra,chr2_190358021_T_C_b38,rs2067395,ENSG00000151689.13,INPP1,3628,9.33665295508569e-09,0.301097303628922,14451
chr2,hsa00562,Inositol phosphate metabolism - Homo sapiens (human),Brain_Substantia_nigra,chr2_190359324_G_C_b38,rs2067397,ENSG00000151689.13,INPP1,3628,9.33667632363124e-09,0.301097273826599,15754
chr2,hsa01100,Metabolic pathways - Homo sapiens (human),Brain_Substantia_nigra,chr2_190359324_G_C_b38,rs2067397,ENSG00000151689.13,INPP1,3628,9.33667632363124e-09,0.301097273826599,15754
chr2,hsa04070,Phosphatidylinositol signaling system - Homo sapiens (human),Brain_Substantia_nigra,chr2_190359324_G_C_b38,rs2067397,ENSG00000151689.13,INPP1,3628,9.33667632363124e-09,0.301097273826599,15754
chr2,hsa00562,Inositol phosphate metabolism - Homo sapiens (human),Brain_Substantia_nigra,chr2_190359671_T_C_b38,rs2067400,ENSG00000151689.13,INPP1,3628,9.33665295508569e-09,0.301097303628922,16101
chr2,hsa01100,Metabolic pathways - Homo sapiens (human),Brain_Substantia_nigra,chr2_190359671_T_C_b38,rs2067400,ENSG00000151689.13,INPP1,3628,9.33665295508569e-09,0.301097303628922,16101
chr2,hsa04070,Phosphatidylinositol signaling system - Homo sapiens (human),Brain_Substantia_nigra,chr2_190359671_T_C_b38,rs2067400,ENSG00000151689.13,INPP1,3628,9.33665295508569e-09,0.301097303628922,16101
chr2,hsa00562,Inositol phosphate metabolism - Homo sapiens (human),Brain_Substantia_nigra,chr2_190359682_C_CCT_b38,rs113646908,ENSG00000151689.13,INPP1,3628,9.33667632363124e-09,0.301097273826599,16112
chr2,hsa01100,Metabolic pathways - Homo sapiens (human),Brain_Substantia_nigra,chr2_190359682_C_CCT_b38,rs113646908,ENSG00000151689.13,INPP1,3628,9.33667632363124e-09,0.301097273826599,16112
chr2,hsa04070,Phosphatidylinositol signaling system - Homo sapiens (human),Brain_Substantia_nigra,chr2_190359682_C_CCT_b38,rs113646908,ENSG00000151689.13,INPP1,3628,9.33667632363124e-09,0.301097273826599,16112
chr2,hsa00562,Inositol phosphate metabolism - Homo sapiens (human),Brain_Substantia_nigra,chr2_190359685_A_G_b38,rs71217541,ENSG00000151689.13,INPP1,3628,9.33667632363124e-09,0.301097273826599,16115
chr2,hsa01100,Metabolic pathways - Homo sapiens (human),Brain_Substantia_nigra,chr2_190359685_A_G_b38,rs71217541,ENSG00000151689.13,INPP1,3628,9.33667632363124e-09,0.301097273826599,16115
chr2,hsa04070,Phosphatidylinositol signaling system - Homo sapiens (human),Brain_Substantia_nigra,chr2_190359685_A_G_b38,rs71217541,ENSG00000151689.13,INPP1,3628,9.33667632363124e-09,0.301097273826599,16115
chr2,hsa00562,Inositol phosphate metabolism - Homo sapiens (human),Brain_Substantia_nigra,chr2_190360255_G_T_b38,rs4656,ENSG00000151689.13,INPP1,3628,1.02980182944292e-08,0.300935685634613,16685
chr2,hsa01100,Metabolic pathways - Homo sapiens (human),Brain_Substantia_nigra,chr2_190360255_G_T_b38,rs4656,ENSG00000151689.13,INPP1,3628,1.02980182944292e-08,0.300935685634613,16685
chr2,hsa04070,Phosphatidylinositol signaling system - Homo sapiens (human),Brain_Substantia_nigra,chr2_190360255_G_T_b38,rs4656,ENSG00000151689.13,INPP1,3628,1.02980182944292e-08,0.300935685634613,16685
chr2,hsa00562,Inositol phosphate metabolism - Homo sapiens (human),Brain_Substantia_nigra,chr2_190360471_A_G_b38,rs2067405,ENSG00000151689.13,INPP1,3628,9.33667632363124e-09,0.301097273826599,16901
chr2,hsa01100,Metabolic pathways - Homo sapiens (human),Brain_Substantia_nigra,chr2_190360471_A_G_b38,rs2067405,ENSG00000151689.13,INPP1,3628,9.33667632363124e-09,0.301097273826599,16901
chr2,hsa04070,Phosphatidylinositol signaling system - Homo sapiens (human),Brain_Substantia_nigra,chr2_190360471_A_G_b38,rs2067405,ENSG00000151689.13,INPP1,3628,9.33667632363124e-09,0.301097273826599,16901
chr2,hsa00562,Inositol phosphate metabolism - Homo sapiens (human),Brain_Substantia_nigra,chr2_190360512_G_C_b38,rs2067406,ENSG00000151689.13,INPP1,3628,9.33667632363124e-09,0.301097273826599,16942
chr2,hsa01100,Metabolic pathways - Homo sapiens (human),Brain_Substantia_nigra,chr2_190360512_G_C_b38,rs2067406,ENSG00000151689.13,INPP1,3628,9.33667632363124e-09,0.301097273826599,16942
chr2,hsa04070,Phosphatidylinositol signaling system - Homo sapiens (human),Brain_Substantia_nigra,chr2_190360512_G_C_b38,rs2067406,ENSG00000151689.13,INPP1,3628,9.33667632363124e-09,0.301097273826599,16942
chr2,hsa00562,Inositol phosphate metabolism - Homo sapiens (human),Brain_Substantia_nigra,chr2_190360551_A_G_b38,rs2067407,ENSG00000151689.13,INPP1,3628,9.33667632363124e-09,0.301097273826599,16981
chr2,hsa01100,Metabolic pathways - Homo sapiens (human),Brain_Substantia_nigra,chr2_190360551_A_G_b38,rs2067407,ENSG00000151689.13,INPP1,3628,9.33667632363124e-09,0.301097273826599,16981
chr2,hsa04070,Phosphatidylinositol signaling system - Homo sapiens (human),Brain_Substantia_nigra,chr2_190360551_A_G_b38,rs2067407,ENSG00000151689.13,INPP1,3628,9.33667632363124e-09,0.301097273826599,16981
chr2,hsa00562,Inositol phosphate metabolism - Homo sapiens (human),Brain_Substantia_nigra,chr2_190360580_C_T_b38,rs2067408,ENSG00000151689.13,INPP1,3628,9.33665295508569e-09,0.301097303628922,17010
chr2,hsa01100,Metabolic pathways - Homo sapiens (human),Brain_Substantia_nigra,chr2_190360580_C_T_b38,rs2067408,ENSG00000151689.13,INPP1,3628,9.33665295508569e-09,0.301097303628922,17010
chr2,hsa04070,Phosphatidylinositol signaling system - Homo sapiens (human),Brain_Substantia_nigra,chr2_190360580_C_T_b38,rs2067408,ENSG00000151689.13,INPP1,3628,9.33665295508569e-09,0.301097303628922,17010
chr2,hsa00562,Inositol phosphate metabolism - Homo sapiens (human),Brain_Substantia_nigra,chr2_190360676_C_G_b38,rs2067409,ENSG00000151689.13,INPP1,3628,1.02980182944292e-08,0.300935685634613,17106
chr2,hsa01100,Metabolic pathways - Homo sapiens (human),Brain_Substantia_nigra,chr2_190360676_C_G_b38,rs2067409,ENSG00000151689.13,INPP1,3628,1.02980182944292e-08,0.300935685634613,17106
chr2,hsa04070,Phosphatidylinositol signaling system - Homo sapiens (human),Brain_Substantia_nigra,chr2_190360676_C_G_b38,rs2067409,ENSG00000151689.13,INPP1,3628,1.02980182944292e-08,0.300935685634613,17106
chr2,hsa00562,Inositol phosphate metabolism - Homo sapiens (human),Brain_Substantia_nigra,chr2_190361056_A_G_b38,rs2067412,ENSG00000151689.13,INPP1,3628,9.33667632363124e-09,0.301097273826599,17486
chr2,hsa01100,Metabolic pathways - Homo sapiens (human),Brain_Substantia_nigra,chr2_190361056_A_G_b38,rs2067412,ENSG00000151689.13,INPP1,3628,9.33667632363124e-09,0.301097273826599,17486
chr2,hsa04070,Phosphatidylinositol signaling system - Homo sapiens (human),Brain_Substantia_nigra,chr2_190361056_A_G_b38,rs2067412,ENSG00000151689.13,INPP1,3628,9.33667632363124e-09,0.301097273826599,17486
chr2,hsa00562,Inositol phosphate metabolism - Homo sapiens (human),Brain_Substantia_nigra,chr2_190361140_AG_A_b38,rs11321941,ENSG00000151689.13,INPP1,3628,9.33665295508569e-09,0.301097303628922,17570
chr2,hsa01100,Metabolic pathways - Homo sapiens (human),Brain_Substantia_nigra,chr2_190361140_AG_A_b38,rs11321941,ENSG00000151689.13,INPP1,3628,9.33665295508569e-09,0.301097303628922,17570
chr2,hsa04070,Phosphatidylinositol signaling system - Homo sapiens (human),Brain_Substantia_nigra,chr2_190361140_AG_A_b38,rs11321941,ENSG00000151689.13,INPP1,3628,9.33665295508569e-09,0.301097303628922,17570
chr2,hsa00562,Inositol phosphate metabolism - Homo sapiens (human),Brain_Substantia_nigra,chr2_190361214_C_T_b38,rs2067414,ENSG00000151689.13,INPP1,3628,9.33667632363124e-09,0.301097273826599,17644
chr2,hsa01100,Metabolic pathways - Homo sapiens (human),Brain_Substantia_nigra,chr2_190361214_C_T_b38,rs2067414,ENSG00000151689.13,INPP1,3628,9.33667632363124e-09,0.301097273826599,17644
chr2,hsa04070,Phosphatidylinositol signaling system - Homo sapiens (human),Brain_Substantia_nigra,chr2_190361214_C_T_b38,rs2067414,ENSG00000151689.13,INPP1,3628,9.33667632363124e-09,0.301097273826599,17644
chr2,hsa00562,Inositol phosphate metabolism - Homo sapiens (human),Brain_Substantia_nigra,chr2_190361886_C_T_b38,rs2067415,ENSG00000151689.13,INPP1,3628,9.33667632363124e-09,0.301097273826599,18316
chr2,hsa01100,Metabolic pathways - Homo sapiens (human),Brain_Substantia_nigra,chr2_190361886_C_T_b38,rs2067415,ENSG00000151689.13,INPP1,3628,9.33667632363124e-09,0.301097273826599,18316
chr2,hsa04070,Phosphatidylinositol signaling system - Homo sapiens (human),Brain_Substantia_nigra,chr2_190361886_C_T_b38,rs2067415,ENSG00000151689.13,INPP1,3628,9.33667632363124e-09,0.301097273826599,18316
chr2,hsa00562,Inositol phosphate metabolism - Homo sapiens (human),Brain_Substantia_nigra,chr2_190362016_A_G_b38,rs2067416,ENSG00000151689.13,INPP1,3628,9.33665295508569e-09,0.301097303628922,18446
chr2,hsa01100,Metabolic pathways - Homo sapiens (human),Brain_Substantia_nigra,chr2_190362016_A_G_b38,rs2067416,ENSG00000151689.13,INPP1,3628,9.33665295508569e-09,0.301097303628922,18446
chr2,hsa04070,Phosphatidylinositol signaling system - Homo sapiens (human),Brain_Substantia_nigra,chr2_190362016_A_G_b38,rs2067416,ENSG00000151689.13,INPP1,3628,9.33665295508569e-09,0.301097303628922,18446
chr2,hsa00562,Inositol phosphate metabolism - Homo sapiens (human),Brain_Substantia_nigra,chr2_190362160_A_G_b38,rs2067417,ENSG00000151689.13,INPP1,3628,1.02980182944292e-08,0.300935685634613,18590
chr2,hsa01100,Metabolic pathways - Homo sapiens (human),Brain_Substantia_nigra,chr2_190362160_A_G_b38,rs2067417,ENSG00000151689.13,INPP1,3628,1.02980182944292e-08,0.300935685634613,18590
chr2,hsa04070,Phosphatidylinositol signaling system - Homo sapiens (human),Brain_Substantia_nigra,chr2_190362160_A_G_b38,rs2067417,ENSG00000151689.13,INPP1,3628,1.02980182944292e-08,0.300935685634613,18590
chr2,hsa00562,Inositol phosphate metabolism - Homo sapiens (human),Brain_Substantia_nigra,chr2_190362471_G_A_b38,rs2067420,ENSG00000151689.13,INPP1,3628,1.58938189109694e-09,0.312949925661087,18901
chr2,hsa01100,Metabolic pathways - Homo sapiens (human),Brain_Substantia_nigra,chr2_190362471_G_A_b38,rs2067420,ENSG00000151689.13,INPP1,3628,1.58938189109694e-09,0.312949925661087,18901
chr2,hsa04070,Phosphatidylinositol signaling system - Homo sapiens (human),Brain_Substantia_nigra,chr2_190362471_G_A_b38,rs2067420,ENSG00000151689.13,INPP1,3628,1.58938189109694e-09,0.312949925661087,18901
chr2,hsa00562,Inositol phosphate metabolism - Homo sapiens (human),Brain_Substantia_nigra,chr2_190362509_T_G_b38,rs2067421,ENSG00000151689.13,INPP1,3628,1.02980182944292e-08,0.300935685634613,18939
chr2,hsa01100,Metabolic pathways - Homo sapiens (human),Brain_Substantia_nigra,chr2_190362509_T_G_b38,rs2067421,ENSG00000151689.13,INPP1,3628,1.02980182944292e-08,0.300935685634613,18939
chr2,hsa04070,Phosphatidylinositol signaling system - Homo sapiens (human),Brain_Substantia_nigra,chr2_190362509_T_G_b38,rs2067421,ENSG00000151689.13,INPP1,3628,1.02980182944292e-08,0.300935685634613,18939
chr2,hsa00562,Inositol phosphate metabolism - Homo sapiens (human),Brain_Substantia_nigra,chr2_190362766_A_G_b38,rs972689,ENSG00000151689.13,INPP1,3628,9.33667632363124e-09,0.301097273826599,19196
chr2,hsa01100,Metabolic pathways - Homo sapiens (human),Brain_Substantia_nigra,chr2_190362766_A_G_b38,rs972689,ENSG00000151689.13,INPP1,3628,9.33667632363124e-09,0.301097273826599,19196
chr2,hsa04070,Phosphatidylinositol signaling system - Homo sapiens (human),Brain_Substantia_nigra,chr2_190362766_A_G_b38,rs972689,ENSG00000151689.13,INPP1,3628,9.33667632363124e-09,0.301097273826599,19196
chr2,hsa00562,Inositol phosphate metabolism - Homo sapiens (human),Brain_Substantia_nigra,chr2_190363008_A_G_b38,rs972690,ENSG00000151689.13,INPP1,3628,1.58938189109694e-09,0.312949925661087,19438
chr2,hsa01100,Metabolic pathways - Homo sapiens (human),Brain_Substantia_nigra,chr2_190363008_A_G_b38,rs972690,ENSG00000151689.13,INPP1,3628,1.58938189109694e-09,0.312949925661087,19438
chr2,hsa04070,Phosphatidylinositol signaling system - Homo sapiens (human),Brain_Substantia_nigra,chr2_190363008_A_G_b38,rs972690,ENSG00000151689.13,INPP1,3628,1.58938189109694e-09,0.312949925661087,19438
chr2,hsa00562,Inositol phosphate metabolism - Homo sapiens (human),Brain_Substantia_nigra,chr2_190363029_A_G_b38,rs972691,ENSG00000151689.13,INPP1,3628,1.02980182944292e-08,0.300935685634613,19459
chr2,hsa01100,Metabolic pathways - Homo sapiens (human),Brain_Substantia_nigra,chr2_190363029_A_G_b38,rs972691,ENSG00000151689.13,INPP1,3628,1.02980182944292e-08,0.300935685634613,19459
chr2,hsa04070,Phosphatidylinositol signaling system - Homo sapiens (human),Brain_Substantia_nigra,chr2_190363029_A_G_b38,rs972691,ENSG00000151689.13,INPP1,3628,1.02980182944292e-08,0.300935685634613,19459
chr2,hsa00562,Inositol phosphate metabolism - Homo sapiens (human),Brain_Substantia_nigra,chr2_190363152_T_C_b38,rs972692,ENSG00000151689.13,INPP1,3628,1.02980182944292e-08,0.300935685634613,19582
chr2,hsa01100,Metabolic pathways - Homo sapiens (human),Brain_Substantia_nigra,chr2_190363152_T_C_b38,rs972692,ENSG00000151689.13,INPP1,3628,1.02980182944292e-08,0.300935685634613,19582
chr2,hsa04070,Phosphatidylinositol signaling system - Homo sapiens (human),Brain_Substantia_nigra,chr2_190363152_T_C_b38,rs972692,ENSG00000151689.13,INPP1,3628,1.02980182944292e-08,0.300935685634613,19582
chr2,hsa00562,Inositol phosphate metabolism - Homo sapiens (human),Brain_Substantia_nigra,chr2_190363154_A_C_b38,rs2067423,ENSG00000151689.13,INPP1,3628,1.02980182944292e-08,0.300935685634613,19584
chr2,hsa01100,Metabolic pathways - Homo sapiens (human),Brain_Substantia_nigra,chr2_190363154_A_C_b38,rs2067423,ENSG00000151689.13,INPP1,3628,1.02980182944292e-08,0.300935685634613,19584
chr2,hsa04070,Phosphatidylinositol signaling system - Homo sapiens (human),Brain_Substantia_nigra,chr2_190363154_A_C_b38,rs2067423,ENSG00000151689.13,INPP1,3628,1.02980182944292e-08,0.300935685634613,19584
chr2,hsa00562,Inositol phosphate metabolism - Homo sapiens (human),Brain_Substantia_nigra,chr2_190363350_A_G_b38,rs2067424,ENSG00000151689.13,INPP1,3628,9.33667632363124e-09,0.301097273826599,19780
chr2,hsa01100,Metabolic pathways - Homo sapiens (human),Brain_Substantia_nigra,chr2_190363350_A_G_b38,rs2067424,ENSG00000151689.13,INPP1,3628,9.33667632363124e-09,0.301097273826599,19780
chr2,hsa04070,Phosphatidylinositol signaling system - Homo sapiens (human),Brain_Substantia_nigra,chr2_190363350_A_G_b38,rs2067424,ENSG00000151689.13,INPP1,3628,9.33667632363124e-09,0.301097273826599,19780
chr2,hsa00562,Inositol phosphate metabolism - Homo sapiens (human),Brain_Substantia_nigra,chr2_190363613_G_A_b38,rs2067425,ENSG00000151689.13,INPP1,3628,9.33665295508569e-09,0.301097303628922,20043
chr2,hsa01100,Metabolic pathways - Homo sapiens (human),Brain_Substantia_nigra,chr2_190363613_G_A_b38,rs2067425,ENSG00000151689.13,INPP1,3628,9.33665295508569e-09,0.301097303628922,20043
chr2,hsa04070,Phosphatidylinositol signaling system - Homo sapiens (human),Brain_Substantia_nigra,chr2_190363613_G_A_b38,rs2067425,ENSG00000151689.13,INPP1,3628,9.33665295508569e-09,0.301097303628922,20043
chr2,hsa00562,Inositol phosphate metabolism - Homo sapiens (human),Brain_Substantia_nigra,chr2_190363694_C_A_b38,rs2067427,ENSG00000151689.13,INPP1,3628,9.33667632363124e-09,0.301097273826599,20124
chr2,hsa01100,Metabolic pathways - Homo sapiens (human),Brain_Substantia_nigra,chr2_190363694_C_A_b38,rs2067427,ENSG00000151689.13,INPP1,3628,9.33667632363124e-09,0.301097273826599,20124
chr2,hsa04070,Phosphatidylinositol signaling system - Homo sapiens (human),Brain_Substantia_nigra,chr2_190363694_C_A_b38,rs2067427,ENSG00000151689.13,INPP1,3628,9.33667632363124e-09,0.301097273826599,20124
chr2,hsa00562,Inositol phosphate metabolism - Homo sapiens (human),Brain_Substantia_nigra,chr2_190363701_G_T_b38,rs6707681,ENSG00000151689.13,INPP1,3628,9.33667632363124e-09,0.301097273826599,20131
chr2,hsa01100,Metabolic pathways - Homo sapiens (human),Brain_Substantia_nigra,chr2_190363701_G_T_b38,rs6707681,ENSG00000151689.13,INPP1,3628,9.33667632363124e-09,0.301097273826599,20131
chr2,hsa04070,Phosphatidylinositol signaling system - Homo sapiens (human),Brain_Substantia_nigra,chr2_190363701_G_T_b38,rs6707681,ENSG00000151689.13,INPP1,3628,9.33667632363124e-09,0.301097273826599,20131
chr2,hsa00562,Inositol phosphate metabolism - Homo sapiens (human),Brain_Substantia_nigra,chr2_190363799_C_T_b38,rs6707602,ENSG00000151689.13,INPP1,3628,9.33667632363124e-09,0.301097273826599,20229
chr2,hsa01100,Metabolic pathways - Homo sapiens (human),Brain_Substantia_nigra,chr2_190363799_C_T_b38,rs6707602,ENSG00000151689.13,INPP1,3628,9.33667632363124e-09,0.301097273826599,20229
chr2,hsa04070,Phosphatidylinositol signaling system - Homo sapiens (human),Brain_Substantia_nigra,chr2_190363799_C_T_b38,rs6707602,ENSG00000151689.13,INPP1,3628,9.33667632363124e-09,0.301097273826599,20229
chr2,hsa00562,Inositol phosphate metabolism - Homo sapiens (human),Brain_Substantia_nigra,chr2_190366777_G_A_b38,rs4940,ENSG00000151689.13,INPP1,3628,3.62269863308739e-08,0.320912688970566,23207
chr2,hsa01100,Metabolic pathways - Homo sapiens (human),Brain_Substantia_nigra,chr2_190366777_G_A_b38,rs4940,ENSG00000151689.13,INPP1,3628,3.62269863308739e-08,0.320912688970566,23207
chr2,hsa04070,Phosphatidylinositol signaling system - Homo sapiens (human),Brain_Substantia_nigra,chr2_190366777_G_A_b38,rs4940,ENSG00000151689.13,INPP1,3628,3.62269863308739e-08,0.320912688970566,23207
chr2,hsa00562,Inositol phosphate metabolism - Homo sapiens (human),Brain_Substantia_nigra,chr2_190371653_A_G_b38,rs2067454,ENSG00000151689.13,INPP1,3628,3.25474865747604e-08,0.304796814918518,28083
chr2,hsa01100,Metabolic pathways - Homo sapiens (human),Brain_Substantia_nigra,chr2_190371653_A_G_b38,rs2067454,ENSG00000151689.13,INPP1,3628,3.25474865747604e-08,0.304796814918518,28083
chr2,hsa04070,Phosphatidylinositol signaling system - Homo sapiens (human),Brain_Substantia_nigra,chr2_190371653_A_G_b38,rs2067454,ENSG00000151689.13,INPP1,3628,3.25474865747604e-08,0.304796814918518,28083
chr2,hsa04145,Phagosome - Homo sapiens (human),Brain_Substantia_nigra,chr2_186638499_T_C_b38,rs4667108,ENSG00000138448.12,ITGAV,3685,1.01015576439685e-08,-0.295347929000855,48443
chr2,hsa04510,Focal adhesion - Homo sapiens (human),Brain_Substantia_nigra,chr2_186638499_T_C_b38,rs4667108,ENSG00000138448.12,ITGAV,3685,1.01015576439685e-08,-0.295347929000855,48443
chr2,hsa04512,ECM-receptor interaction - Homo sapiens (human),Brain_Substantia_nigra,chr2_186638499_T_C_b38,rs4667108,ENSG00000138448.12,ITGAV,3685,1.01015576439685e-08,-0.295347929000855,48443
chr2,hsa04514,Cell adhesion molecules - Homo sapiens (human),Brain_Substantia_nigra,chr2_186638499_T_C_b38,rs4667108,ENSG00000138448.12,ITGAV,3685,1.01015576439685e-08,-0.295347929000855,48443
chr2,hsa04810,Regulation of actin cytoskeleton - Homo sapiens (human),Brain_Substantia_nigra,chr2_186638499_T_C_b38,rs4667108,ENSG00000138448.12,ITGAV,3685,1.01015576439685e-08,-0.295347929000855,48443
chr2,hsa05200,Pathways in cancer - Homo sapiens (human),Brain_Substantia_nigra,chr2_186638499_T_C_b38,rs4667108,ENSG00000138448.12,ITGAV,3685,1.01015576439685e-08,-0.295347929000855,48443
chr2,hsa05222,Small cell lung cancer - Homo sapiens (human),Brain_Substantia_nigra,chr2_186638499_T_C_b38,rs4667108,ENSG00000138448.12,ITGAV,3685,1.01015576439685e-08,-0.295347929000855,48443
chr2,hsa05410,Hypertrophic cardiomyopathy - Homo sapiens (human),Brain_Substantia_nigra,chr2_186638499_T_C_b38,rs4667108,ENSG00000138448.12,ITGAV,3685,1.01015576439685e-08,-0.295347929000855,48443
chr2,hsa05412,Arrhythmogenic right ventricular cardiomyopathy - Homo sapiens (human),Brain_Substantia_nigra,chr2_186638499_T_C_b38,rs4667108,ENSG00000138448.12,ITGAV,3685,1.01015576439685e-08,-0.295347929000855,48443
chr2,hsa05414,Dilated cardiomyopathy - Homo sapiens (human),Brain_Substantia_nigra,chr2_186638499_T_C_b38,rs4667108,ENSG00000138448.12,ITGAV,3685,1.01015576439685e-08,-0.295347929000855,48443
chr2,hsa04145,Phagosome - Homo sapiens (human),Brain_Substantia_nigra,chr2_186640759_A_G_b38,rs3816375,ENSG00000138448.12,ITGAV,3685,1.0101582850762e-08,-0.295347899198532,50703
chr2,hsa04510,Focal adhesion - Homo sapiens (human),Brain_Substantia_nigra,chr2_186640759_A_G_b38,rs3816375,ENSG00000138448.12,ITGAV,3685,1.0101582850762e-08,-0.295347899198532,50703
chr2,hsa04512,ECM-receptor interaction - Homo sapiens (human),Brain_Substantia_nigra,chr2_186640759_A_G_b38,rs3816375,ENSG00000138448.12,ITGAV,3685,1.0101582850762e-08,-0.295347899198532,50703
chr2,hsa04514,Cell adhesion molecules - Homo sapiens (human),Brain_Substantia_nigra,chr2_186640759_A_G_b38,rs3816375,ENSG00000138448.12,ITGAV,3685,1.0101582850762e-08,-0.295347899198532,50703
chr2,hsa04810,Regulation of actin cytoskeleton - Homo sapiens (human),Brain_Substantia_nigra,chr2_186640759_A_G_b38,rs3816375,ENSG00000138448.12,ITGAV,3685,1.0101582850762e-08,-0.295347899198532,50703
chr2,hsa05200,Pathways in cancer - Homo sapiens (human),Brain_Substantia_nigra,chr2_186640759_A_G_b38,rs3816375,ENSG00000138448.12,ITGAV,3685,1.0101582850762e-08,-0.295347899198532,50703
chr2,hsa05222,Small cell lung cancer - Homo sapiens (human),Brain_Substantia_nigra,chr2_186640759_A_G_b38,rs3816375,ENSG00000138448.12,ITGAV,3685,1.0101582850762e-08,-0.295347899198532,50703
chr2,hsa05410,Hypertrophic cardiomyopathy - Homo sapiens (human),Brain_Substantia_nigra,chr2_186640759_A_G_b38,rs3816375,ENSG00000138448.12,ITGAV,3685,1.0101582850762e-08,-0.295347899198532,50703
chr2,hsa05412,Arrhythmogenic right ventricular cardiomyopathy - Homo sapiens (human),Brain_Substantia_nigra,chr2_186640759_A_G_b38,rs3816375,ENSG00000138448.12,ITGAV,3685,1.0101582850762e-08,-0.295347899198532,50703
chr2,hsa05414,Dilated cardiomyopathy - Homo sapiens (human),Brain_Substantia_nigra,chr2_186640759_A_G_b38,rs3816375,ENSG00000138448.12,ITGAV,3685,1.0101582850762e-08,-0.295347899198532,50703
chr2,hsa04145,Phagosome - Homo sapiens (human),Brain_Substantia_nigra,chr2_186667283_G_T_b38,rs41265951,ENSG00000138448.12,ITGAV,3685,1.52522635726661e-08,-0.299461901187897,77227
chr2,hsa04510,Focal adhesion - Homo sapiens (human),Brain_Substantia_nigra,chr2_186667283_G_T_b38,rs41265951,ENSG00000138448.12,ITGAV,3685,1.52522635726661e-08,-0.299461901187897,77227
chr2,hsa04512,ECM-receptor interaction - Homo sapiens (human),Brain_Substantia_nigra,chr2_186667283_G_T_b38,rs41265951,ENSG00000138448.12,ITGAV,3685,1.52522635726661e-08,-0.299461901187897,77227
chr2,hsa04514,Cell adhesion molecules - Homo sapiens (human),Brain_Substantia_nigra,chr2_186667283_G_T_b38,rs41265951,ENSG00000138448.12,ITGAV,3685,1.52522635726661e-08,-0.299461901187897,77227
chr2,hsa04810,Regulation of actin cytoskeleton - Homo sapiens (human),Brain_Substantia_nigra,chr2_186667283_G_T_b38,rs41265951,ENSG00000138448.12,ITGAV,3685,1.52522635726661e-08,-0.299461901187897,77227
chr2,hsa05200,Pathways in cancer - Homo sapiens (human),Brain_Substantia_nigra,chr2_186667283_G_T_b38,rs41265951,ENSG00000138448.12,ITGAV,3685,1.52522635726661e-08,-0.299461901187897,77227
chr2,hsa05222,Small cell lung cancer - Homo sapiens (human),Brain_Substantia_nigra,chr2_186667283_G_T_b38,rs41265951,ENSG00000138448.12,ITGAV,3685,1.52522635726661e-08,-0.299461901187897,77227
chr2,hsa05410,Hypertrophic cardiomyopathy - Homo sapiens (human),Brain_Substantia_nigra,chr2_186667283_G_T_b38,rs41265951,ENSG00000138448.12,ITGAV,3685,1.52522635726661e-08,-0.299461901187897,77227
chr2,hsa05412,Arrhythmogenic right ventricular cardiomyopathy - Homo sapiens (human),Brain_Substantia_nigra,chr2_186667283_G_T_b38,rs41265951,ENSG00000138448.12,ITGAV,3685,1.52522635726661e-08,-0.299461901187897,77227
chr2,hsa05414,Dilated cardiomyopathy - Homo sapiens (human),Brain_Substantia_nigra,chr2_186667283_G_T_b38,rs41265951,ENSG00000138448.12,ITGAV,3685,1.52522635726661e-08,-0.299461901187897,77227
chr2,hsa04145,Phagosome - Homo sapiens (human),Brain_Substantia_nigra,chr2_186669014_T_C_b38,rs2290083,ENSG00000138448.12,ITGAV,3685,1.67115266245759e-08,-0.297296822071075,78958
chr2,hsa04510,Focal adhesion - Homo sapiens (human),Brain_Substantia_nigra,chr2_186669014_T_C_b38,rs2290083,ENSG00000138448.12,ITGAV,3685,1.67115266245759e-08,-0.297296822071075,78958
chr2,hsa04512,ECM-receptor interaction - Homo sapiens (human),Brain_Substantia_nigra,chr2_186669014_T_C_b38,rs2290083,ENSG00000138448.12,ITGAV,3685,1.67115266245759e-08,-0.297296822071075,78958
chr2,hsa04514,Cell adhesion molecules - Homo sapiens (human),Brain_Substantia_nigra,chr2_186669014_T_C_b38,rs2290083,ENSG00000138448.12,ITGAV,3685,1.67115266245759e-08,-0.297296822071075,78958
chr2,hsa04810,Regulation of actin cytoskeleton - Homo sapiens (human),Brain_Substantia_nigra,chr2_186669014_T_C_b38,rs2290083,ENSG00000138448.12,ITGAV,3685,1.67115266245759e-08,-0.297296822071075,78958
chr2,hsa05200,Pathways in cancer - Homo sapiens (human),Brain_Substantia_nigra,chr2_186669014_T_C_b38,rs2290083,ENSG00000138448.12,ITGAV,3685,1.67115266245759e-08,-0.297296822071075,78958
chr2,hsa05222,Small cell lung cancer - Homo sapiens (human),Brain_Substantia_nigra,chr2_186669014_T_C_b38,rs2290083,ENSG00000138448.12,ITGAV,3685,1.67115266245759e-08,-0.297296822071075,78958
chr2,hsa05410,Hypertrophic cardiomyopathy - Homo sapiens (human),Brain_Substantia_nigra,chr2_186669014_T_C_b38,rs2290083,ENSG00000138448.12,ITGAV,3685,1.67115266245759e-08,-0.297296822071075,78958
chr2,hsa05412,Arrhythmogenic right ventricular cardiomyopathy - Homo sapiens (human),Brain_Substantia_nigra,chr2_186669014_T_C_b38,rs2290083,ENSG00000138448.12,ITGAV,3685,1.67115266245759e-08,-0.297296822071075,78958
chr2,hsa05414,Dilated cardiomyopathy - Homo sapiens (human),Brain_Substantia_nigra,chr2_186669014_T_C_b38,rs2290083,ENSG00000138448.12,ITGAV,3685,1.67115266245759e-08,-0.297296822071075,78958
chr2,hsa04145,Phagosome - Homo sapiens (human),Brain_Substantia_nigra,chr2_186708751_G_A_b38,rs1072901,ENSG00000138448.12,ITGAV,3685,2.55233122682522e-08,-0.309212386608124,118695
chr2,hsa04510,Focal adhesion - Homo sapiens (human),Brain_Substantia_nigra,chr2_186708751_G_A_b38,rs1072901,ENSG00000138448.12,ITGAV,3685,2.55233122682522e-08,-0.309212386608124,118695
chr2,hsa04512,ECM-receptor interaction - Homo sapiens (human),Brain_Substantia_nigra,chr2_186708751_G_A_b38,rs1072901,ENSG00000138448.12,ITGAV,3685,2.55233122682522e-08,-0.309212386608124,118695
chr2,hsa04514,Cell adhesion molecules - Homo sapiens (human),Brain_Substantia_nigra,chr2_186708751_G_A_b38,rs1072901,ENSG00000138448.12,ITGAV,3685,2.55233122682522e-08,-0.309212386608124,118695
chr2,hsa04810,Regulation of actin cytoskeleton - Homo sapiens (human),Brain_Substantia_nigra,chr2_186708751_G_A_b38,rs1072901,ENSG00000138448.12,ITGAV,3685,2.55233122682522e-08,-0.309212386608124,118695
chr2,hsa05200,Pathways in cancer - Homo sapiens (human),Brain_Substantia_nigra,chr2_186708751_G_A_b38,rs1072901,ENSG00000138448.12,ITGAV,3685,2.55233122682522e-08,-0.309212386608124,118695
chr2,hsa05222,Small cell lung cancer - Homo sapiens (human),Brain_Substantia_nigra,chr2_186708751_G_A_b38,rs1072901,ENSG00000138448.12,ITGAV,3685,2.55233122682522e-08,-0.309212386608124,118695
chr2,hsa05410,Hypertrophic cardiomyopathy - Homo sapiens (human),Brain_Substantia_nigra,chr2_186708751_G_A_b38,rs1072901,ENSG00000138448.12,ITGAV,3685,2.55233122682522e-08,-0.309212386608124,118695
chr2,hsa05412,Arrhythmogenic right ventricular cardiomyopathy - Homo sapiens (human),Brain_Substantia_nigra,chr2_186708751_G_A_b38,rs1072901,ENSG00000138448.12,ITGAV,3685,2.55233122682522e-08,-0.309212386608124,118695
chr2,hsa05414,Dilated cardiomyopathy - Homo sapiens (human),Brain_Substantia_nigra,chr2_186708751_G_A_b38,rs1072901,ENSG00000138448.12,ITGAV,3685,2.55233122682522e-08,-0.309212386608124,118695
chr2,hsa04145,Phagosome - Homo sapiens (human),Brain_Substantia_nigra,chr2_186715967_A_C_b38,rs17406346,ENSG00000138448.12,ITGAV,3685,2.55233122682522e-08,-0.309212386608124,125911
chr2,hsa04510,Focal adhesion - Homo sapiens (human),Brain_Substantia_nigra,chr2_186715967_A_C_b38,rs17406346,ENSG00000138448.12,ITGAV,3685,2.55233122682522e-08,-0.309212386608124,125911
chr2,hsa04512,ECM-receptor interaction - Homo sapiens (human),Brain_Substantia_nigra,chr2_186715967_A_C_b38,rs17406346,ENSG00000138448.12,ITGAV,3685,2.55233122682522e-08,-0.309212386608124,125911
chr2,hsa04514,Cell adhesion molecules - Homo sapiens (human),Brain_Substantia_nigra,chr2_186715967_A_C_b38,rs17406346,ENSG00000138448.12,ITGAV,3685,2.55233122682522e-08,-0.309212386608124,125911
chr2,hsa04810,Regulation of actin cytoskeleton - Homo sapiens (human),Brain_Substantia_nigra,chr2_186715967_A_C_b38,rs17406346,ENSG00000138448.12,ITGAV,3685,2.55233122682522e-08,-0.309212386608124,125911
chr2,hsa05200,Pathways in cancer - Homo sapiens (human),Brain_Substantia_nigra,chr2_186715967_A_C_b38,rs17406346,ENSG00000138448.12,ITGAV,3685,2.55233122682522e-08,-0.309212386608124,125911
chr2,hsa05222,Small cell lung cancer - Homo sapiens (human),Brain_Substantia_nigra,chr2_186715967_A_C_b38,rs17406346,ENSG00000138448.12,ITGAV,3685,2.55233122682522e-08,-0.309212386608124,125911
chr2,hsa05410,Hypertrophic cardiomyopathy - Homo sapiens (human),Brain_Substantia_nigra,chr2_186715967_A_C_b38,rs17406346,ENSG00000138448.12,ITGAV,3685,2.55233122682522e-08,-0.309212386608124,125911
chr2,hsa05412,Arrhythmogenic right ventricular cardiomyopathy - Homo sapiens (human),Brain_Substantia_nigra,chr2_186715967_A_C_b38,rs17406346,ENSG00000138448.12,ITGAV,3685,2.55233122682522e-08,-0.309212386608124,125911
chr2,hsa05414,Dilated cardiomyopathy - Homo sapiens (human),Brain_Substantia_nigra,chr2_186715967_A_C_b38,rs17406346,ENSG00000138448.12,ITGAV,3685,2.55233122682522e-08,-0.309212386608124,125911
chr2,hsa04145,Phagosome - Homo sapiens (human),Brain_Substantia_nigra,chr2_186719324_G_A_b38,rs62173041,ENSG00000138448.12,ITGAV,3685,2.39902089418567e-08,-0.317494869232178,129268
chr2,hsa04510,Focal adhesion - Homo sapiens (human),Brain_Substantia_nigra,chr2_186719324_G_A_b38,rs62173041,ENSG00000138448.12,ITGAV,3685,2.39902089418567e-08,-0.317494869232178,129268
chr2,hsa04512,ECM-receptor interaction - Homo sapiens (human),Brain_Substantia_nigra,chr2_186719324_G_A_b38,rs62173041,ENSG00000138448.12,ITGAV,3685,2.39902089418567e-08,-0.317494869232178,129268
chr2,hsa04514,Cell adhesion molecules - Homo sapiens (human),Brain_Substantia_nigra,chr2_186719324_G_A_b38,rs62173041,ENSG00000138448.12,ITGAV,3685,2.39902089418567e-08,-0.317494869232178,129268
chr2,hsa04810,Regulation of actin cytoskeleton - Homo sapiens (human),Brain_Substantia_nigra,chr2_186719324_G_A_b38,rs62173041,ENSG00000138448.12,ITGAV,3685,2.39902089418567e-08,-0.317494869232178,129268
chr2,hsa05200,Pathways in cancer - Homo sapiens (human),Brain_Substantia_nigra,chr2_186719324_G_A_b38,rs62173041,ENSG00000138448.12,ITGAV,3685,2.39902089418567e-08,-0.317494869232178,129268
chr2,hsa05222,Small cell lung cancer - Homo sapiens (human),Brain_Substantia_nigra,chr2_186719324_G_A_b38,rs62173041,ENSG00000138448.12,ITGAV,3685,2.39902089418567e-08,-0.317494869232178,129268
chr2,hsa05410,Hypertrophic cardiomyopathy - Homo sapiens (human),Brain_Substantia_nigra,chr2_186719324_G_A_b38,rs62173041,ENSG00000138448.12,ITGAV,3685,2.39902089418567e-08,-0.317494869232178,129268
chr2,hsa05412,Arrhythmogenic right ventricular cardiomyopathy - Homo sapiens (human),Brain_Substantia_nigra,chr2_186719324_G_A_b38,rs62173041,ENSG00000138448.12,ITGAV,3685,2.39902089418567e-08,-0.317494869232178,129268
chr2,hsa05414,Dilated cardiomyopathy - Homo sapiens (human),Brain_Substantia_nigra,chr2_186719324_G_A_b38,rs62173041,ENSG00000138448.12,ITGAV,3685,2.39902089418567e-08,-0.317494869232178,129268
chr2,hsa04145,Phagosome - Homo sapiens (human),Brain_Substantia_nigra,chr2_186726444_G_A_b38,rs9967663,ENSG00000138448.12,ITGAV,3685,2.42403692273051e-08,-0.316259205341339,136388
chr2,hsa04510,Focal adhesion - Homo sapiens (human),Brain_Substantia_nigra,chr2_186726444_G_A_b38,rs9967663,ENSG00000138448.12,ITGAV,3685,2.42403692273051e-08,-0.316259205341339,136388
chr2,hsa04512,ECM-receptor interaction - Homo sapiens (human),Brain_Substantia_nigra,chr2_186726444_G_A_b38,rs9967663,ENSG00000138448.12,ITGAV,3685,2.42403692273051e-08,-0.316259205341339,136388
chr2,hsa04514,Cell adhesion molecules - Homo sapiens (human),Brain_Substantia_nigra,chr2_186726444_G_A_b38,rs9967663,ENSG00000138448.12,ITGAV,3685,2.42403692273051e-08,-0.316259205341339,136388
chr2,hsa04810,Regulation of actin cytoskeleton - Homo sapiens (human),Brain_Substantia_nigra,chr2_186726444_G_A_b38,rs9967663,ENSG00000138448.12,ITGAV,3685,2.42403692273051e-08,-0.316259205341339,136388
chr2,hsa05200,Pathways in cancer - Homo sapiens (human),Brain_Substantia_nigra,chr2_186726444_G_A_b38,rs9967663,ENSG00000138448.12,ITGAV,3685,2.42403692273051e-08,-0.316259205341339,136388
chr2,hsa05222,Small cell lung cancer - Homo sapiens (human),Brain_Substantia_nigra,chr2_186726444_G_A_b38,rs9967663,ENSG00000138448.12,ITGAV,3685,2.42403692273051e-08,-0.316259205341339,136388
chr2,hsa05410,Hypertrophic cardiomyopathy - Homo sapiens (human),Brain_Substantia_nigra,chr2_186726444_G_A_b38,rs9967663,ENSG00000138448.12,ITGAV,3685,2.42403692273051e-08,-0.316259205341339,136388
chr2,hsa05412,Arrhythmogenic right ventricular cardiomyopathy - Homo sapiens (human),Brain_Substantia_nigra,chr2_186726444_G_A_b38,rs9967663,ENSG00000138448.12,ITGAV,3685,2.42403692273051e-08,-0.316259205341339,136388
chr2,hsa05414,Dilated cardiomyopathy - Homo sapiens (human),Brain_Substantia_nigra,chr2_186726444_G_A_b38,rs9967663,ENSG00000138448.12,ITGAV,3685,2.42403692273051e-08,-0.316259205341339,136388
chr2,hsa04145,Phagosome - Homo sapiens (human),Brain_Substantia_nigra,chr2_186729163_T_C_b38,rs12471718,ENSG00000138448.12,ITGAV,3685,2.70136429913383e-08,-0.313564777374268,139107
chr2,hsa04510,Focal adhesion - Homo sapiens (human),Brain_Substantia_nigra,chr2_186729163_T_C_b38,rs12471718,ENSG00000138448.12,ITGAV,3685,2.70136429913383e-08,-0.313564777374268,139107
chr2,hsa04512,ECM-receptor interaction - Homo sapiens (human),Brain_Substantia_nigra,chr2_186729163_T_C_b38,rs12471718,ENSG00000138448.12,ITGAV,3685,2.70136429913383e-08,-0.313564777374268,139107
chr2,hsa04514,Cell adhesion molecules - Homo sapiens (human),Brain_Substantia_nigra,chr2_186729163_T_C_b38,rs12471718,ENSG00000138448.12,ITGAV,3685,2.70136429913383e-08,-0.313564777374268,139107
chr2,hsa04810,Regulation of actin cytoskeleton - Homo sapiens (human),Brain_Substantia_nigra,chr2_186729163_T_C_b38,rs12471718,ENSG00000138448.12,ITGAV,3685,2.70136429913383e-08,-0.313564777374268,139107
chr2,hsa05200,Pathways in cancer - Homo sapiens (human),Brain_Substantia_nigra,chr2_186729163_T_C_b38,rs12471718,ENSG00000138448.12,ITGAV,3685,2.70136429913383e-08,-0.313564777374268,139107
chr2,hsa05222,Small cell lung cancer - Homo sapiens (human),Brain_Substantia_nigra,chr2_186729163_T_C_b38,rs12471718,ENSG00000138448.12,ITGAV,3685,2.70136429913383e-08,-0.313564777374268,139107
chr2,hsa05410,Hypertrophic cardiomyopathy - Homo sapiens (human),Brain_Substantia_nigra,chr2_186729163_T_C_b38,rs12471718,ENSG00000138448.12,ITGAV,3685,2.70136429913383e-08,-0.313564777374268,139107
chr2,hsa05412,Arrhythmogenic right ventricular cardiomyopathy - Homo sapiens (human),Brain_Substantia_nigra,chr2_186729163_T_C_b38,rs12471718,ENSG00000138448.12,ITGAV,3685,2.70136429913383e-08,-0.313564777374268,139107
chr2,hsa05414,Dilated cardiomyopathy - Homo sapiens (human),Brain_Substantia_nigra,chr2_186729163_T_C_b38,rs12471718,ENSG00000138448.12,ITGAV,3685,2.70136429913383e-08,-0.313564777374268,139107
chr2,hsa04145,Phagosome - Homo sapiens (human),Brain_Substantia_nigra,chr2_186735608_A_C_b38,rs62173045,ENSG00000138448.12,ITGAV,3685,1.26265507211939e-08,-0.315240204334259,145552
chr2,hsa04510,Focal adhesion - Homo sapiens (human),Brain_Substantia_nigra,chr2_186735608_A_C_b38,rs62173045,ENSG00000138448.12,ITGAV,3685,1.26265507211939e-08,-0.315240204334259,145552
chr2,hsa04512,ECM-receptor interaction - Homo sapiens (human),Brain_Substantia_nigra,chr2_186735608_A_C_b38,rs62173045,ENSG00000138448.12,ITGAV,3685,1.26265507211939e-08,-0.315240204334259,145552
chr2,hsa04514,Cell adhesion molecules - Homo sapiens (human),Brain_Substantia_nigra,chr2_186735608_A_C_b38,rs62173045,ENSG00000138448.12,ITGAV,3685,1.26265507211939e-08,-0.315240204334259,145552
chr2,hsa04810,Regulation of actin cytoskeleton - Homo sapiens (human),Brain_Substantia_nigra,chr2_186735608_A_C_b38,rs62173045,ENSG00000138448.12,ITGAV,3685,1.26265507211939e-08,-0.315240204334259,145552
chr2,hsa05200,Pathways in cancer - Homo sapiens (human),Brain_Substantia_nigra,chr2_186735608_A_C_b38,rs62173045,ENSG00000138448.12,ITGAV,3685,1.26265507211939e-08,-0.315240204334259,145552
chr2,hsa05222,Small cell lung cancer - Homo sapiens (human),Brain_Substantia_nigra,chr2_186735608_A_C_b38,rs62173045,ENSG00000138448.12,ITGAV,3685,1.26265507211939e-08,-0.315240204334259,145552
chr2,hsa05410,Hypertrophic cardiomyopathy - Homo sapiens (human),Brain_Substantia_nigra,chr2_186735608_A_C_b38,rs62173045,ENSG00000138448.12,ITGAV,3685,1.26265507211939e-08,-0.315240204334259,145552
chr2,hsa05412,Arrhythmogenic right ventricular cardiomyopathy - Homo sapiens (human),Brain_Substantia_nigra,chr2_186735608_A_C_b38,rs62173045,ENSG00000138448.12,ITGAV,3685,1.26265507211939e-08,-0.315240204334259,145552
chr2,hsa05414,Dilated cardiomyopathy - Homo sapiens (human),Brain_Substantia_nigra,chr2_186735608_A_C_b38,rs62173045,ENSG00000138448.12,ITGAV,3685,1.26265507211939e-08,-0.315240204334259,145552
chr2,hsa04145,Phagosome - Homo sapiens (human),Brain_Substantia_nigra,chr2_186737461_T_G_b38,rs4666713,ENSG00000138448.12,ITGAV,3685,1.02892400213913e-08,-0.309587866067886,147405
chr2,hsa04510,Focal adhesion - Homo sapiens (human),Brain_Substantia_nigra,chr2_186737461_T_G_b38,rs4666713,ENSG00000138448.12,ITGAV,3685,1.02892400213913e-08,-0.309587866067886,147405
chr2,hsa04512,ECM-receptor interaction - Homo sapiens (human),Brain_Substantia_nigra,chr2_186737461_T_G_b38,rs4666713,ENSG00000138448.12,ITGAV,3685,1.02892400213913e-08,-0.309587866067886,147405
chr2,hsa04514,Cell adhesion molecules - Homo sapiens (human),Brain_Substantia_nigra,chr2_186737461_T_G_b38,rs4666713,ENSG00000138448.12,ITGAV,3685,1.02892400213913e-08,-0.309587866067886,147405
chr2,hsa04810,Regulation of actin cytoskeleton - Homo sapiens (human),Brain_Substantia_nigra,chr2_186737461_T_G_b38,rs4666713,ENSG00000138448.12,ITGAV,3685,1.02892400213913e-08,-0.309587866067886,147405
chr2,hsa05200,Pathways in cancer - Homo sapiens (human),Brain_Substantia_nigra,chr2_186737461_T_G_b38,rs4666713,ENSG00000138448.12,ITGAV,3685,1.02892400213913e-08,-0.309587866067886,147405
chr2,hsa05222,Small cell lung cancer - Homo sapiens (human),Brain_Substantia_nigra,chr2_186737461_T_G_b38,rs4666713,ENSG00000138448.12,ITGAV,3685,1.02892400213913e-08,-0.309587866067886,147405
chr2,hsa05410,Hypertrophic cardiomyopathy - Homo sapiens (human),Brain_Substantia_nigra,chr2_186737461_T_G_b38,rs4666713,ENSG00000138448.12,ITGAV,3685,1.02892400213913e-08,-0.309587866067886,147405
chr2,hsa05412,Arrhythmogenic right ventricular cardiomyopathy - Homo sapiens (human),Brain_Substantia_nigra,chr2_186737461_T_G_b38,rs4666713,ENSG00000138448.12,ITGAV,3685,1.02892400213913e-08,-0.309587866067886,147405
chr2,hsa05414,Dilated cardiomyopathy - Homo sapiens (human),Brain_Substantia_nigra,chr2_186737461_T_G_b38,rs4666713,ENSG00000138448.12,ITGAV,3685,1.02892400213913e-08,-0.309587866067886,147405
chr2,hsa04145,Phagosome - Homo sapiens (human),Brain_Substantia_nigra,chr2_186747924_C_A_b38,rs13020260,ENSG00000138448.12,ITGAV,3685,2.70135781312901e-08,-0.31356480717659,157868
chr2,hsa04510,Focal adhesion - Homo sapiens (human),Brain_Substantia_nigra,chr2_186747924_C_A_b38,rs13020260,ENSG00000138448.12,ITGAV,3685,2.70135781312901e-08,-0.31356480717659,157868
chr2,hsa04512,ECM-receptor interaction - Homo sapiens (human),Brain_Substantia_nigra,chr2_186747924_C_A_b38,rs13020260,ENSG00000138448.12,ITGAV,3685,2.70135781312901e-08,-0.31356480717659,157868
chr2,hsa04514,Cell adhesion molecules - Homo sapiens (human),Brain_Substantia_nigra,chr2_186747924_C_A_b38,rs13020260,ENSG00000138448.12,ITGAV,3685,2.70135781312901e-08,-0.31356480717659,157868
chr2,hsa04810,Regulation of actin cytoskeleton - Homo sapiens (human),Brain_Substantia_nigra,chr2_186747924_C_A_b38,rs13020260,ENSG00000138448.12,ITGAV,3685,2.70135781312901e-08,-0.31356480717659,157868
chr2,hsa05200,Pathways in cancer - Homo sapiens (human),Brain_Substantia_nigra,chr2_186747924_C_A_b38,rs13020260,ENSG00000138448.12,ITGAV,3685,2.70135781312901e-08,-0.31356480717659,157868
chr2,hsa05222,Small cell lung cancer - Homo sapiens (human),Brain_Substantia_nigra,chr2_186747924_C_A_b38,rs13020260,ENSG00000138448.12,ITGAV,3685,2.70135781312901e-08,-0.31356480717659,157868
chr2,hsa05410,Hypertrophic cardiomyopathy - Homo sapiens (human),Brain_Substantia_nigra,chr2_186747924_C_A_b38,rs13020260,ENSG00000138448.12,ITGAV,3685,2.70135781312901e-08,-0.31356480717659,157868
chr2,hsa05412,Arrhythmogenic right ventricular cardiomyopathy - Homo sapiens (human),Brain_Substantia_nigra,chr2_186747924_C_A_b38,rs13020260,ENSG00000138448.12,ITGAV,3685,2.70135781312901e-08,-0.31356480717659,157868
chr2,hsa05414,Dilated cardiomyopathy - Homo sapiens (human),Brain_Substantia_nigra,chr2_186747924_C_A_b38,rs13020260,ENSG00000138448.12,ITGAV,3685,2.70135781312901e-08,-0.31356480717659,157868
chr2,hsa04145,Phagosome - Homo sapiens (human),Brain_Substantia_nigra,chr2_186767090_A_T_b38,rs2012401,ENSG00000138448.12,ITGAV,3685,2.8373400942261e-08,-0.317968189716339,177034
chr2,hsa04510,Focal adhesion - Homo sapiens (human),Brain_Substantia_nigra,chr2_186767090_A_T_b38,rs2012401,ENSG00000138448.12,ITGAV,3685,2.8373400942261e-08,-0.317968189716339,177034
chr2,hsa04512,ECM-receptor interaction - Homo sapiens (human),Brain_Substantia_nigra,chr2_186767090_A_T_b38,rs2012401,ENSG00000138448.12,ITGAV,3685,2.8373400942261e-08,-0.317968189716339,177034
chr2,hsa04514,Cell adhesion molecules - Homo sapiens (human),Brain_Substantia_nigra,chr2_186767090_A_T_b38,rs2012401,ENSG00000138448.12,ITGAV,3685,2.8373400942261e-08,-0.317968189716339,177034
chr2,hsa04810,Regulation of actin cytoskeleton - Homo sapiens (human),Brain_Substantia_nigra,chr2_186767090_A_T_b38,rs2012401,ENSG00000138448.12,ITGAV,3685,2.8373400942261e-08,-0.317968189716339,177034
chr2,hsa05200,Pathways in cancer - Homo sapiens (human),Brain_Substantia_nigra,chr2_186767090_A_T_b38,rs2012401,ENSG00000138448.12,ITGAV,3685,2.8373400942261e-08,-0.317968189716339,177034
chr2,hsa05222,Small cell lung cancer - Homo sapiens (human),Brain_Substantia_nigra,chr2_186767090_A_T_b38,rs2012401,ENSG00000138448.12,ITGAV,3685,2.8373400942261e-08,-0.317968189716339,177034
chr2,hsa05410,Hypertrophic cardiomyopathy - Homo sapiens (human),Brain_Substantia_nigra,chr2_186767090_A_T_b38,rs2012401,ENSG00000138448.12,ITGAV,3685,2.8373400942261e-08,-0.317968189716339,177034
chr2,hsa05412,Arrhythmogenic right ventricular cardiomyopathy - Homo sapiens (human),Brain_Substantia_nigra,chr2_186767090_A_T_b38,rs2012401,ENSG00000138448.12,ITGAV,3685,2.8373400942261e-08,-0.317968189716339,177034
chr2,hsa05414,Dilated cardiomyopathy - Homo sapiens (human),Brain_Substantia_nigra,chr2_186767090_A_T_b38,rs2012401,ENSG00000138448.12,ITGAV,3685,2.8373400942261e-08,-0.317968189716339,177034
chr2,hsa04145,Phagosome - Homo sapiens (human),Brain_Substantia_nigra,chr2_186768989_T_C_b38,rs2595384,ENSG00000138448.12,ITGAV,3685,3.78477112541084e-08,-0.311722546815872,178933
chr2,hsa04510,Focal adhesion - Homo sapiens (human),Brain_Substantia_nigra,chr2_186768989_T_C_b38,rs2595384,ENSG00000138448.12,ITGAV,3685,3.78477112541084e-08,-0.311722546815872,178933
chr2,hsa04512,ECM-receptor interaction - Homo sapiens (human),Brain_Substantia_nigra,chr2_186768989_T_C_b38,rs2595384,ENSG00000138448.12,ITGAV,3685,3.78477112541084e-08,-0.311722546815872,178933
chr2,hsa04514,Cell adhesion molecules - Homo sapiens (human),Brain_Substantia_nigra,chr2_186768989_T_C_b38,rs2595384,ENSG00000138448.12,ITGAV,3685,3.78477112541084e-08,-0.311722546815872,178933
chr2,hsa04810,Regulation of actin cytoskeleton - Homo sapiens (human),Brain_Substantia_nigra,chr2_186768989_T_C_b38,rs2595384,ENSG00000138448.12,ITGAV,3685,3.78477112541084e-08,-0.311722546815872,178933
chr2,hsa05200,Pathways in cancer - Homo sapiens (human),Brain_Substantia_nigra,chr2_186768989_T_C_b38,rs2595384,ENSG00000138448.12,ITGAV,3685,3.78477112541084e-08,-0.311722546815872,178933
chr2,hsa05222,Small cell lung cancer - Homo sapiens (human),Brain_Substantia_nigra,chr2_186768989_T_C_b38,rs2595384,ENSG00000138448.12,ITGAV,3685,3.78477112541084e-08,-0.311722546815872,178933
chr2,hsa05410,Hypertrophic cardiomyopathy - Homo sapiens (human),Brain_Substantia_nigra,chr2_186768989_T_C_b38,rs2595384,ENSG00000138448.12,ITGAV,3685,3.78477112541084e-08,-0.311722546815872,178933
chr2,hsa05412,Arrhythmogenic right ventricular cardiomyopathy - Homo sapiens (human),Brain_Substantia_nigra,chr2_186768989_T_C_b38,rs2595384,ENSG00000138448.12,ITGAV,3685,3.78477112541084e-08,-0.311722546815872,178933
chr2,hsa05414,Dilated cardiomyopathy - Homo sapiens (human),Brain_Substantia_nigra,chr2_186768989_T_C_b38,rs2595384,ENSG00000138448.12,ITGAV,3685,3.78477112541084e-08,-0.311722546815872,178933
chr2,hsa04145,Phagosome - Homo sapiens (human),Brain_Substantia_nigra,chr2_186770150_G_A_b38,rs3114941,ENSG00000138448.12,ITGAV,3685,4.17576733576093e-08,-0.310237348079681,180094
chr2,hsa04510,Focal adhesion - Homo sapiens (human),Brain_Substantia_nigra,chr2_186770150_G_A_b38,rs3114941,ENSG00000138448.12,ITGAV,3685,4.17576733576093e-08,-0.310237348079681,180094
chr2,hsa04512,ECM-receptor interaction - Homo sapiens (human),Brain_Substantia_nigra,chr2_186770150_G_A_b38,rs3114941,ENSG00000138448.12,ITGAV,3685,4.17576733576093e-08,-0.310237348079681,180094
chr2,hsa04514,Cell adhesion molecules - Homo sapiens (human),Brain_Substantia_nigra,chr2_186770150_G_A_b38,rs3114941,ENSG00000138448.12,ITGAV,3685,4.17576733576093e-08,-0.310237348079681,180094
chr2,hsa04810,Regulation of actin cytoskeleton - Homo sapiens (human),Brain_Substantia_nigra,chr2_186770150_G_A_b38,rs3114941,ENSG00000138448.12,ITGAV,3685,4.17576733576093e-08,-0.310237348079681,180094
chr2,hsa05200,Pathways in cancer - Homo sapiens (human),Brain_Substantia_nigra,chr2_186770150_G_A_b38,rs3114941,ENSG00000138448.12,ITGAV,3685,4.17576733576093e-08,-0.310237348079681,180094
chr2,hsa05222,Small cell lung cancer - Homo sapiens (human),Brain_Substantia_nigra,chr2_186770150_G_A_b38,rs3114941,ENSG00000138448.12,ITGAV,3685,4.17576733576093e-08,-0.310237348079681,180094
chr2,hsa05410,Hypertrophic cardiomyopathy - Homo sapiens (human),Brain_Substantia_nigra,chr2_186770150_G_A_b38,rs3114941,ENSG00000138448.12,ITGAV,3685,4.17576733576093e-08,-0.310237348079681,180094
chr2,hsa05412,Arrhythmogenic right ventricular cardiomyopathy - Homo sapiens (human),Brain_Substantia_nigra,chr2_186770150_G_A_b38,rs3114941,ENSG00000138448.12,ITGAV,3685,4.17576733576093e-08,-0.310237348079681,180094
chr2,hsa05414,Dilated cardiomyopathy - Homo sapiens (human),Brain_Substantia_nigra,chr2_186770150_G_A_b38,rs3114941,ENSG00000138448.12,ITGAV,3685,4.17576733576093e-08,-0.310237348079681,180094
chr2,hsa00190,Oxidative phosphorylation - Homo sapiens (human),Brain_Substantia_nigra,chr2_239929802_C_A_b38,rs11690789,ENSG00000130414.13,NDUFA10,4705,2.45971526220007e-08,-0.356070876121521,-95595
chr2,hsa01100,Metabolic pathways - Homo sapiens (human),Brain_Substantia_nigra,chr2_239929802_C_A_b38,rs11690789,ENSG00000130414.13,NDUFA10,4705,2.45971526220007e-08,-0.356070876121521,-95595
chr2,hsa05010,Alzheimer disease - Homo sapiens (human),Brain_Substantia_nigra,chr2_239929802_C_A_b38,rs11690789,ENSG00000130414.13,NDUFA10,4705,2.45971526220007e-08,-0.356070876121521,-95595
chr2,hsa05012,Parkinson disease - Homo sapiens (human),Brain_Substantia_nigra,chr2_239929802_C_A_b38,rs11690789,ENSG00000130414.13,NDUFA10,4705,2.45971526220007e-08,-0.356070876121521,-95595
chr2,hsa05016,Huntington disease - Homo sapiens (human),Brain_Substantia_nigra,chr2_239929802_C_A_b38,rs11690789,ENSG00000130414.13,NDUFA10,4705,2.45971526220007e-08,-0.356070876121521,-95595
chr2,hsa00190,Oxidative phosphorylation - Homo sapiens (human),Brain_Substantia_nigra,chr2_239930626_C_G_b38,rs34026189,ENSG00000130414.13,NDUFA10,4705,3.41535666713614e-09,-0.34257698059082,-94771
chr2,hsa01100,Metabolic pathways - Homo sapiens (human),Brain_Substantia_nigra,chr2_239930626_C_G_b38,rs34026189,ENSG00000130414.13,NDUFA10,4705,3.41535666713614e-09,-0.34257698059082,-94771
chr2,hsa05010,Alzheimer disease - Homo sapiens (human),Brain_Substantia_nigra,chr2_239930626_C_G_b38,rs34026189,ENSG00000130414.13,NDUFA10,4705,3.41535666713614e-09,-0.34257698059082,-94771
chr2,hsa05012,Parkinson disease - Homo sapiens (human),Brain_Substantia_nigra,chr2_239930626_C_G_b38,rs34026189,ENSG00000130414.13,NDUFA10,4705,3.41535666713614e-09,-0.34257698059082,-94771
chr2,hsa05016,Huntington disease - Homo sapiens (human),Brain_Substantia_nigra,chr2_239930626_C_G_b38,rs34026189,ENSG00000130414.13,NDUFA10,4705,3.41535666713614e-09,-0.34257698059082,-94771
chr2,hsa00190,Oxidative phosphorylation - Homo sapiens (human),Brain_Substantia_nigra,chr2_239931341_C_T_b38,rs11693812,ENSG00000130414.13,NDUFA10,4705,3.41535666713614e-09,-0.34257698059082,-94056
chr2,hsa01100,Metabolic pathways - Homo sapiens (human),Brain_Substantia_nigra,chr2_239931341_C_T_b38,rs11693812,ENSG00000130414.13,NDUFA10,4705,3.41535666713614e-09,-0.34257698059082,-94056
chr2,hsa05010,Alzheimer disease - Homo sapiens (human),Brain_Substantia_nigra,chr2_239931341_C_T_b38,rs11693812,ENSG00000130414.13,NDUFA10,4705,3.41535666713614e-09,-0.34257698059082,-94056
chr2,hsa05012,Parkinson disease - Homo sapiens (human),Brain_Substantia_nigra,chr2_239931341_C_T_b38,rs11693812,ENSG00000130414.13,NDUFA10,4705,3.41535666713614e-09,-0.34257698059082,-94056
chr2,hsa05016,Huntington disease - Homo sapiens (human),Brain_Substantia_nigra,chr2_239931341_C_T_b38,rs11693812,ENSG00000130414.13,NDUFA10,4705,3.41535666713614e-09,-0.34257698059082,-94056
chr2,hsa00190,Oxidative phosphorylation - Homo sapiens (human),Brain_Substantia_nigra,chr2_239932610_C_T_b38,rs11695542,ENSG00000130414.13,NDUFA10,4705,3.41535666713614e-09,-0.34257698059082,-92787
chr2,hsa01100,Metabolic pathways - Homo sapiens (human),Brain_Substantia_nigra,chr2_239932610_C_T_b38,rs11695542,ENSG00000130414.13,NDUFA10,4705,3.41535666713614e-09,-0.34257698059082,-92787
chr2,hsa05010,Alzheimer disease - Homo sapiens (human),Brain_Substantia_nigra,chr2_239932610_C_T_b38,rs11695542,ENSG00000130414.13,NDUFA10,4705,3.41535666713614e-09,-0.34257698059082,-92787
chr2,hsa05012,Parkinson disease - Homo sapiens (human),Brain_Substantia_nigra,chr2_239932610_C_T_b38,rs11695542,ENSG00000130414.13,NDUFA10,4705,3.41535666713614e-09,-0.34257698059082,-92787
chr2,hsa05016,Huntington disease - Homo sapiens (human),Brain_Substantia_nigra,chr2_239932610_C_T_b38,rs11695542,ENSG00000130414.13,NDUFA10,4705,3.41535666713614e-09,-0.34257698059082,-92787
chr2,hsa00190,Oxidative phosphorylation - Homo sapiens (human),Brain_Substantia_nigra,chr2_239933048_G_A_b38,rs11684384,ENSG00000130414.13,NDUFA10,4705,3.41535666713614e-09,-0.34257698059082,-92349
chr2,hsa01100,Metabolic pathways - Homo sapiens (human),Brain_Substantia_nigra,chr2_239933048_G_A_b38,rs11684384,ENSG00000130414.13,NDUFA10,4705,3.41535666713614e-09,-0.34257698059082,-92349
chr2,hsa05010,Alzheimer disease - Homo sapiens (human),Brain_Substantia_nigra,chr2_239933048_G_A_b38,rs11684384,ENSG00000130414.13,NDUFA10,4705,3.41535666713614e-09,-0.34257698059082,-92349
chr2,hsa05012,Parkinson disease - Homo sapiens (human),Brain_Substantia_nigra,chr2_239933048_G_A_b38,rs11684384,ENSG00000130414.13,NDUFA10,4705,3.41535666713614e-09,-0.34257698059082,-92349
chr2,hsa05016,Huntington disease - Homo sapiens (human),Brain_Substantia_nigra,chr2_239933048_G_A_b38,rs11684384,ENSG00000130414.13,NDUFA10,4705,3.41535666713614e-09,-0.34257698059082,-92349
chr2,hsa00190,Oxidative phosphorylation - Homo sapiens (human),Brain_Substantia_nigra,chr2_239933611_C_T_b38,rs74002023,ENSG00000130414.13,NDUFA10,4705,3.41535666713614e-09,-0.34257698059082,-91786
chr2,hsa01100,Metabolic pathways - Homo sapiens (human),Brain_Substantia_nigra,chr2_239933611_C_T_b38,rs74002023,ENSG00000130414.13,NDUFA10,4705,3.41535666713614e-09,-0.34257698059082,-91786
chr2,hsa05010,Alzheimer disease - Homo sapiens (human),Brain_Substantia_nigra,chr2_239933611_C_T_b38,rs74002023,ENSG00000130414.13,NDUFA10,4705,3.41535666713614e-09,-0.34257698059082,-91786
chr2,hsa05012,Parkinson disease - Homo sapiens (human),Brain_Substantia_nigra,chr2_239933611_C_T_b38,rs74002023,ENSG00000130414.13,NDUFA10,4705,3.41535666713614e-09,-0.34257698059082,-91786
chr2,hsa05016,Huntington disease - Homo sapiens (human),Brain_Substantia_nigra,chr2_239933611_C_T_b38,rs74002023,ENSG00000130414.13,NDUFA10,4705,3.41535666713614e-09,-0.34257698059082,-91786
chr2,hsa00190,Oxidative phosphorylation - Homo sapiens (human),Brain_Substantia_nigra,chr2_239935353_G_A_b38,rs74002025,ENSG00000130414.13,NDUFA10,4705,1.09771516886061e-08,-0.335703492164612,-90044
chr2,hsa01100,Metabolic pathways - Homo sapiens (human),Brain_Substantia_nigra,chr2_239935353_G_A_b38,rs74002025,ENSG00000130414.13,NDUFA10,4705,1.09771516886061e-08,-0.335703492164612,-90044
chr2,hsa05010,Alzheimer disease - Homo sapiens (human),Brain_Substantia_nigra,chr2_239935353_G_A_b38,rs74002025,ENSG00000130414.13,NDUFA10,4705,1.09771516886061e-08,-0.335703492164612,-90044
chr2,hsa05012,Parkinson disease - Homo sapiens (human),Brain_Substantia_nigra,chr2_239935353_G_A_b38,rs74002025,ENSG00000130414.13,NDUFA10,4705,1.09771516886061e-08,-0.335703492164612,-90044
chr2,hsa05016,Huntington disease - Homo sapiens (human),Brain_Substantia_nigra,chr2_239935353_G_A_b38,rs74002025,ENSG00000130414.13,NDUFA10,4705,1.09771516886061e-08,-0.335703492164612,-90044
chr2,hsa00190,Oxidative phosphorylation - Homo sapiens (human),Brain_Substantia_nigra,chr2_239936197_T_A_b38,rs11674432,ENSG00000130414.13,NDUFA10,4705,1.69506964130364e-09,-0.363357454538345,-89200
chr2,hsa01100,Metabolic pathways - Homo sapiens (human),Brain_Substantia_nigra,chr2_239936197_T_A_b38,rs11674432,ENSG00000130414.13,NDUFA10,4705,1.69506964130364e-09,-0.363357454538345,-89200
chr2,hsa05010,Alzheimer disease - Homo sapiens (human),Brain_Substantia_nigra,chr2_239936197_T_A_b38,rs11674432,ENSG00000130414.13,NDUFA10,4705,1.69506964130364e-09,-0.363357454538345,-89200
chr2,hsa05012,Parkinson disease - Homo sapiens (human),Brain_Substantia_nigra,chr2_239936197_T_A_b38,rs11674432,ENSG00000130414.13,NDUFA10,4705,1.69506964130364e-09,-0.363357454538345,-89200
chr2,hsa05016,Huntington disease - Homo sapiens (human),Brain_Substantia_nigra,chr2_239936197_T_A_b38,rs11674432,ENSG00000130414.13,NDUFA10,4705,1.69506964130364e-09,-0.363357454538345,-89200
chr2,hsa00190,Oxidative phosphorylation - Homo sapiens (human),Brain_Substantia_nigra,chr2_239942730_T_G_b38,rs11684044,ENSG00000130414.13,NDUFA10,4705,6.68207123113991e-15,-0.462357550859451,-82667
chr2,hsa01100,Metabolic pathways - Homo sapiens (human),Brain_Substantia_nigra,chr2_239942730_T_G_b38,rs11684044,ENSG00000130414.13,NDUFA10,4705,6.68207123113991e-15,-0.462357550859451,-82667
chr2,hsa05010,Alzheimer disease - Homo sapiens (human),Brain_Substantia_nigra,chr2_239942730_T_G_b38,rs11684044,ENSG00000130414.13,NDUFA10,4705,6.68207123113991e-15,-0.462357550859451,-82667
chr2,hsa05012,Parkinson disease - Homo sapiens (human),Brain_Substantia_nigra,chr2_239942730_T_G_b38,rs11684044,ENSG00000130414.13,NDUFA10,4705,6.68207123113991e-15,-0.462357550859451,-82667
chr2,hsa05016,Huntington disease - Homo sapiens (human),Brain_Substantia_nigra,chr2_239942730_T_G_b38,rs11684044,ENSG00000130414.13,NDUFA10,4705,6.68207123113991e-15,-0.462357550859451,-82667
chr2,hsa00190,Oxidative phosphorylation - Homo sapiens (human),Brain_Substantia_nigra,chr2_239943942_A_C_b38,rs7609200,ENSG00000130414.13,NDUFA10,4705,8.72798864955319e-15,0.318338423967361,-81455
chr2,hsa01100,Metabolic pathways - Homo sapiens (human),Brain_Substantia_nigra,chr2_239943942_A_C_b38,rs7609200,ENSG00000130414.13,NDUFA10,4705,8.72798864955319e-15,0.318338423967361,-81455
chr2,hsa05010,Alzheimer disease - Homo sapiens (human),Brain_Substantia_nigra,chr2_239943942_A_C_b38,rs7609200,ENSG00000130414.13,NDUFA10,4705,8.72798864955319e-15,0.318338423967361,-81455
chr2,hsa05012,Parkinson disease - Homo sapiens (human),Brain_Substantia_nigra,chr2_239943942_A_C_b38,rs7609200,ENSG00000130414.13,NDUFA10,4705,8.72798864955319e-15,0.318338423967361,-81455
chr2,hsa05016,Huntington disease - Homo sapiens (human),Brain_Substantia_nigra,chr2_239943942_A_C_b38,rs7609200,ENSG00000130414.13,NDUFA10,4705,8.72798864955319e-15,0.318338423967361,-81455
chr2,hsa00190,Oxidative phosphorylation - Homo sapiens (human),Brain_Substantia_nigra,chr2_239944350_G_A_b38,rs7565839,ENSG00000130414.13,NDUFA10,4705,8.72798864955319e-15,0.318338423967361,-81047
chr2,hsa01100,Metabolic pathways - Homo sapiens (human),Brain_Substantia_nigra,chr2_239944350_G_A_b38,rs7565839,ENSG00000130414.13,NDUFA10,4705,8.72798864955319e-15,0.318338423967361,-81047
chr2,hsa05010,Alzheimer disease - Homo sapiens (human),Brain_Substantia_nigra,chr2_239944350_G_A_b38,rs7565839,ENSG00000130414.13,NDUFA10,4705,8.72798864955319e-15,0.318338423967361,-81047
chr2,hsa05012,Parkinson disease - Homo sapiens (human),Brain_Substantia_nigra,chr2_239944350_G_A_b38,rs7565839,ENSG00000130414.13,NDUFA10,4705,8.72798864955319e-15,0.318338423967361,-81047
chr2,hsa05016,Huntington disease - Homo sapiens (human),Brain_Substantia_nigra,chr2_239944350_G_A_b38,rs7565839,ENSG00000130414.13,NDUFA10,4705,8.72798864955319e-15,0.318338423967361,-81047
chr2,hsa00190,Oxidative phosphorylation - Homo sapiens (human),Brain_Substantia_nigra,chr2_239945015_GCTT_G_b38,rs35575752,ENSG00000130414.13,NDUFA10,4705,2.64116505514699e-15,0.331934362649918,-80382
chr2,hsa01100,Metabolic pathways - Homo sapiens (human),Brain_Substantia_nigra,chr2_239945015_GCTT_G_b38,rs35575752,ENSG00000130414.13,NDUFA10,4705,2.64116505514699e-15,0.331934362649918,-80382
chr2,hsa05010,Alzheimer disease - Homo sapiens (human),Brain_Substantia_nigra,chr2_239945015_GCTT_G_b38,rs35575752,ENSG00000130414.13,NDUFA10,4705,2.64116505514699e-15,0.331934362649918,-80382
chr2,hsa05012,Parkinson disease - Homo sapiens (human),Brain_Substantia_nigra,chr2_239945015_GCTT_G_b38,rs35575752,ENSG00000130414.13,NDUFA10,4705,2.64116505514699e-15,0.331934362649918,-80382
chr2,hsa05016,Huntington disease - Homo sapiens (human),Brain_Substantia_nigra,chr2_239945015_GCTT_G_b38,rs35575752,ENSG00000130414.13,NDUFA10,4705,2.64116505514699e-15,0.331934362649918,-80382
chr2,hsa00190,Oxidative phosphorylation - Homo sapiens (human),Brain_Substantia_nigra,chr2_239945633_C_T_b38,rs4854071,ENSG00000130414.13,NDUFA10,4705,2.75038610741745e-17,0.376095682382584,-79764
chr2,hsa01100,Metabolic pathways - Homo sapiens (human),Brain_Substantia_nigra,chr2_239945633_C_T_b38,rs4854071,ENSG00000130414.13,NDUFA10,4705,2.75038610741745e-17,0.376095682382584,-79764
chr2,hsa05010,Alzheimer disease - Homo sapiens (human),Brain_Substantia_nigra,chr2_239945633_C_T_b38,rs4854071,ENSG00000130414.13,NDUFA10,4705,2.75038610741745e-17,0.376095682382584,-79764
chr2,hsa05012,Parkinson disease - Homo sapiens (human),Brain_Substantia_nigra,chr2_239945633_C_T_b38,rs4854071,ENSG00000130414.13,NDUFA10,4705,2.75038610741745e-17,0.376095682382584,-79764
chr2,hsa05016,Huntington disease - Homo sapiens (human),Brain_Substantia_nigra,chr2_239945633_C_T_b38,rs4854071,ENSG00000130414.13,NDUFA10,4705,2.75038610741745e-17,0.376095682382584,-79764
chr2,hsa00190,Oxidative phosphorylation - Homo sapiens (human),Brain_Substantia_nigra,chr2_239945833_T_G_b38,rs4502452,ENSG00000130414.13,NDUFA10,4705,5.72363601381532e-10,0.277089953422546,-79564
chr2,hsa01100,Metabolic pathways - Homo sapiens (human),Brain_Substantia_nigra,chr2_239945833_T_G_b38,rs4502452,ENSG00000130414.13,NDUFA10,4705,5.72363601381532e-10,0.277089953422546,-79564
chr2,hsa05010,Alzheimer disease - Homo sapiens (human),Brain_Substantia_nigra,chr2_239945833_T_G_b38,rs4502452,ENSG00000130414.13,NDUFA10,4705,5.72363601381532e-10,0.277089953422546,-79564
chr2,hsa05012,Parkinson disease - Homo sapiens (human),Brain_Substantia_nigra,chr2_239945833_T_G_b38,rs4502452,ENSG00000130414.13,NDUFA10,4705,5.72363601381532e-10,0.277089953422546,-79564
chr2,hsa05016,Huntington disease - Homo sapiens (human),Brain_Substantia_nigra,chr2_239945833_T_G_b38,rs4502452,ENSG00000130414.13,NDUFA10,4705,5.72363601381532e-10,0.277089953422546,-79564
chr2,hsa00190,Oxidative phosphorylation - Homo sapiens (human),Brain_Substantia_nigra,chr2_239945845_AG_A_b38,rs5839822,ENSG00000130414.13,NDUFA10,4705,5.72368358571534e-10,0.277089893817902,-79552
chr2,hsa01100,Metabolic pathways - Homo sapiens (human),Brain_Substantia_nigra,chr2_239945845_AG_A_b38,rs5839822,ENSG00000130414.13,NDUFA10,4705,5.72368358571534e-10,0.277089893817902,-79552
chr2,hsa05010,Alzheimer disease - Homo sapiens (human),Brain_Substantia_nigra,chr2_239945845_AG_A_b38,rs5839822,ENSG00000130414.13,NDUFA10,4705,5.72368358571534e-10,0.277089893817902,-79552
chr2,hsa05012,Parkinson disease - Homo sapiens (human),Brain_Substantia_nigra,chr2_239945845_AG_A_b38,rs5839822,ENSG00000130414.13,NDUFA10,4705,5.72368358571534e-10,0.277089893817902,-79552
chr2,hsa05016,Huntington disease - Homo sapiens (human),Brain_Substantia_nigra,chr2_239945845_AG_A_b38,rs5839822,ENSG00000130414.13,NDUFA10,4705,5.72368358571534e-10,0.277089893817902,-79552
chr2,hsa00190,Oxidative phosphorylation - Homo sapiens (human),Brain_Substantia_nigra,chr2_239946200_C_T_b38,rs4264588,ENSG00000130414.13,NDUFA10,4705,1.74848222179591e-09,0.259655356407166,-79197
chr2,hsa01100,Metabolic pathways - Homo sapiens (human),Brain_Substantia_nigra,chr2_239946200_C_T_b38,rs4264588,ENSG00000130414.13,NDUFA10,4705,1.74848222179591e-09,0.259655356407166,-79197
chr2,hsa05010,Alzheimer disease - Homo sapiens (human),Brain_Substantia_nigra,chr2_239946200_C_T_b38,rs4264588,ENSG00000130414.13,NDUFA10,4705,1.74848222179591e-09,0.259655356407166,-79197
chr2,hsa05012,Parkinson disease - Homo sapiens (human),Brain_Substantia_nigra,chr2_239946200_C_T_b38,rs4264588,ENSG00000130414.13,NDUFA10,4705,1.74848222179591e-09,0.259655356407166,-79197
chr2,hsa05016,Huntington disease - Homo sapiens (human),Brain_Substantia_nigra,chr2_239946200_C_T_b38,rs4264588,ENSG00000130414.13,NDUFA10,4705,1.74848222179591e-09,0.259655356407166,-79197
chr2,hsa00190,Oxidative phosphorylation - Homo sapiens (human),Brain_Substantia_nigra,chr2_239946500_A_G_b38,rs4077907,ENSG00000130414.13,NDUFA10,4705,4.04300736031097e-11,0.287115424871445,-78897
chr2,hsa01100,Metabolic pathways - Homo sapiens (human),Brain_Substantia_nigra,chr2_239946500_A_G_b38,rs4077907,ENSG00000130414.13,NDUFA10,4705,4.04300736031097e-11,0.287115424871445,-78897
chr2,hsa05010,Alzheimer disease - Homo sapiens (human),Brain_Substantia_nigra,chr2_239946500_A_G_b38,rs4077907,ENSG00000130414.13,NDUFA10,4705,4.04300736031097e-11,0.287115424871445,-78897
chr2,hsa05012,Parkinson disease - Homo sapiens (human),Brain_Substantia_nigra,chr2_239946500_A_G_b38,rs4077907,ENSG00000130414.13,NDUFA10,4705,4.04300736031097e-11,0.287115424871445,-78897
chr2,hsa05016,Huntington disease - Homo sapiens (human),Brain_Substantia_nigra,chr2_239946500_A_G_b38,rs4077907,ENSG00000130414.13,NDUFA10,4705,4.04300736031097e-11,0.287115424871445,-78897
chr2,hsa00190,Oxidative phosphorylation - Homo sapiens (human),Brain_Substantia_nigra,chr2_239946990_T_C_b38,rs4497899,ENSG00000130414.13,NDUFA10,4705,1.28052526311475e-10,0.282885640859604,-78407
chr2,hsa01100,Metabolic pathways - Homo sapiens (human),Brain_Substantia_nigra,chr2_239946990_T_C_b38,rs4497899,ENSG00000130414.13,NDUFA10,4705,1.28052526311475e-10,0.282885640859604,-78407
chr2,hsa05010,Alzheimer disease - Homo sapiens (human),Brain_Substantia_nigra,chr2_239946990_T_C_b38,rs4497899,ENSG00000130414.13,NDUFA10,4705,1.28052526311475e-10,0.282885640859604,-78407
chr2,hsa05012,Parkinson disease - Homo sapiens (human),Brain_Substantia_nigra,chr2_239946990_T_C_b38,rs4497899,ENSG00000130414.13,NDUFA10,4705,1.28052526311475e-10,0.282885640859604,-78407
chr2,hsa05016,Huntington disease - Homo sapiens (human),Brain_Substantia_nigra,chr2_239946990_T_C_b38,rs4497899,ENSG00000130414.13,NDUFA10,4705,1.28052526311475e-10,0.282885640859604,-78407
chr2,hsa00190,Oxidative phosphorylation - Homo sapiens (human),Brain_Substantia_nigra,chr2_239946999_C_T_b38,rs3923003,ENSG00000130414.13,NDUFA10,4705,9.8525846768502e-17,0.349724352359772,-78398
chr2,hsa01100,Metabolic pathways - Homo sapiens (human),Brain_Substantia_nigra,chr2_239946999_C_T_b38,rs3923003,ENSG00000130414.13,NDUFA10,4705,9.8525846768502e-17,0.349724352359772,-78398
chr2,hsa05010,Alzheimer disease - Homo sapiens (human),Brain_Substantia_nigra,chr2_239946999_C_T_b38,rs3923003,ENSG00000130414.13,NDUFA10,4705,9.8525846768502e-17,0.349724352359772,-78398
chr2,hsa05012,Parkinson disease - Homo sapiens (human),Brain_Substantia_nigra,chr2_239946999_C_T_b38,rs3923003,ENSG00000130414.13,NDUFA10,4705,9.8525846768502e-17,0.349724352359772,-78398
chr2,hsa05016,Huntington disease - Homo sapiens (human),Brain_Substantia_nigra,chr2_239946999_C_T_b38,rs3923003,ENSG00000130414.13,NDUFA10,4705,9.8525846768502e-17,0.349724352359772,-78398
chr2,hsa00190,Oxidative phosphorylation - Homo sapiens (human),Brain_Substantia_nigra,chr2_239947598_C_T_b38,rs6758764,ENSG00000130414.13,NDUFA10,4705,9.50804749685813e-12,0.292647421360016,-77799
chr2,hsa01100,Metabolic pathways - Homo sapiens (human),Brain_Substantia_nigra,chr2_239947598_C_T_b38,rs6758764,ENSG00000130414.13,NDUFA10,4705,9.50804749685813e-12,0.292647421360016,-77799
chr2,hsa05010,Alzheimer disease - Homo sapiens (human),Brain_Substantia_nigra,chr2_239947598_C_T_b38,rs6758764,ENSG00000130414.13,NDUFA10,4705,9.50804749685813e-12,0.292647421360016,-77799
chr2,hsa05012,Parkinson disease - Homo sapiens (human),Brain_Substantia_nigra,chr2_239947598_C_T_b38,rs6758764,ENSG00000130414.13,NDUFA10,4705,9.50804749685813e-12,0.292647421360016,-77799
chr2,hsa05016,Huntington disease - Homo sapiens (human),Brain_Substantia_nigra,chr2_239947598_C_T_b38,rs6758764,ENSG00000130414.13,NDUFA10,4705,9.50804749685813e-12,0.292647421360016,-77799
chr2,hsa00190,Oxidative phosphorylation - Homo sapiens (human),Brain_Substantia_nigra,chr2_239947851_C_T_b38,rs6761898,ENSG00000130414.13,NDUFA10,4705,4.04303182767113e-11,0.287115395069122,-77546
chr2,hsa01100,Metabolic pathways - Homo sapiens (human),Brain_Substantia_nigra,chr2_239947851_C_T_b38,rs6761898,ENSG00000130414.13,NDUFA10,4705,4.04303182767113e-11,0.287115395069122,-77546
chr2,hsa05010,Alzheimer disease - Homo sapiens (human),Brain_Substantia_nigra,chr2_239947851_C_T_b38,rs6761898,ENSG00000130414.13,NDUFA10,4705,4.04303182767113e-11,0.287115395069122,-77546
chr2,hsa05012,Parkinson disease - Homo sapiens (human),Brain_Substantia_nigra,chr2_239947851_C_T_b38,rs6761898,ENSG00000130414.13,NDUFA10,4705,4.04303182767113e-11,0.287115395069122,-77546
chr2,hsa05016,Huntington disease - Homo sapiens (human),Brain_Substantia_nigra,chr2_239947851_C_T_b38,rs6761898,ENSG00000130414.13,NDUFA10,4705,4.04303182767113e-11,0.287115395069122,-77546
chr2,hsa00190,Oxidative phosphorylation - Homo sapiens (human),Brain_Substantia_nigra,chr2_239948115_GGCA_G_b38,rs79882483,ENSG00000130414.13,NDUFA10,4705,1.18552677602271e-17,0.386267989873886,-77282
chr2,hsa01100,Metabolic pathways - Homo sapiens (human),Brain_Substantia_nigra,chr2_239948115_GGCA_G_b38,rs79882483,ENSG00000130414.13,NDUFA10,4705,1.18552677602271e-17,0.386267989873886,-77282
chr2,hsa05010,Alzheimer disease - Homo sapiens (human),Brain_Substantia_nigra,chr2_239948115_GGCA_G_b38,rs79882483,ENSG00000130414.13,NDUFA10,4705,1.18552677602271e-17,0.386267989873886,-77282
chr2,hsa05012,Parkinson disease - Homo sapiens (human),Brain_Substantia_nigra,chr2_239948115_GGCA_G_b38,rs79882483,ENSG00000130414.13,NDUFA10,4705,1.18552677602271e-17,0.386267989873886,-77282
chr2,hsa05016,Huntington disease - Homo sapiens (human),Brain_Substantia_nigra,chr2_239948115_GGCA_G_b38,rs79882483,ENSG00000130414.13,NDUFA10,4705,1.18552677602271e-17,0.386267989873886,-77282
chr2,hsa00190,Oxidative phosphorylation - Homo sapiens (human),Brain_Substantia_nigra,chr2_239949097_C_T_b38,rs12695027,ENSG00000130414.13,NDUFA10,4705,4.04300736031097e-11,0.287115424871445,-76300
chr2,hsa01100,Metabolic pathways - Homo sapiens (human),Brain_Substantia_nigra,chr2_239949097_C_T_b38,rs12695027,ENSG00000130414.13,NDUFA10,4705,4.04300736031097e-11,0.287115424871445,-76300
chr2,hsa05010,Alzheimer disease - Homo sapiens (human),Brain_Substantia_nigra,chr2_239949097_C_T_b38,rs12695027,ENSG00000130414.13,NDUFA10,4705,4.04300736031097e-11,0.287115424871445,-76300
chr2,hsa05012,Parkinson disease - Homo sapiens (human),Brain_Substantia_nigra,chr2_239949097_C_T_b38,rs12695027,ENSG00000130414.13,NDUFA10,4705,4.04300736031097e-11,0.287115424871445,-76300
chr2,hsa05016,Huntington disease - Homo sapiens (human),Brain_Substantia_nigra,chr2_239949097_C_T_b38,rs12695027,ENSG00000130414.13,NDUFA10,4705,4.04300736031097e-11,0.287115424871445,-76300
chr2,hsa00190,Oxidative phosphorylation - Homo sapiens (human),Brain_Substantia_nigra,chr2_239949126_T_C_b38,rs13411444,ENSG00000130414.13,NDUFA10,4705,9.50804749685813e-12,0.292647421360016,-76271
chr2,hsa01100,Metabolic pathways - Homo sapiens (human),Brain_Substantia_nigra,chr2_239949126_T_C_b38,rs13411444,ENSG00000130414.13,NDUFA10,4705,9.50804749685813e-12,0.292647421360016,-76271
chr2,hsa05010,Alzheimer disease - Homo sapiens (human),Brain_Substantia_nigra,chr2_239949126_T_C_b38,rs13411444,ENSG00000130414.13,NDUFA10,4705,9.50804749685813e-12,0.292647421360016,-76271
chr2,hsa05012,Parkinson disease - Homo sapiens (human),Brain_Substantia_nigra,chr2_239949126_T_C_b38,rs13411444,ENSG00000130414.13,NDUFA10,4705,9.50804749685813e-12,0.292647421360016,-76271
chr2,hsa05016,Huntington disease - Homo sapiens (human),Brain_Substantia_nigra,chr2_239949126_T_C_b38,rs13411444,ENSG00000130414.13,NDUFA10,4705,9.50804749685813e-12,0.292647421360016,-76271
chr2,hsa00190,Oxidative phosphorylation - Homo sapiens (human),Brain_Substantia_nigra,chr2_239949347_A_T_b38,rs62185251,ENSG00000130414.13,NDUFA10,4705,9.50804749685813e-12,0.292647421360016,-76050
chr2,hsa01100,Metabolic pathways - Homo sapiens (human),Brain_Substantia_nigra,chr2_239949347_A_T_b38,rs62185251,ENSG00000130414.13,NDUFA10,4705,9.50804749685813e-12,0.292647421360016,-76050
chr2,hsa05010,Alzheimer disease - Homo sapiens (human),Brain_Substantia_nigra,chr2_239949347_A_T_b38,rs62185251,ENSG00000130414.13,NDUFA10,4705,9.50804749685813e-12,0.292647421360016,-76050
chr2,hsa05012,Parkinson disease - Homo sapiens (human),Brain_Substantia_nigra,chr2_239949347_A_T_b38,rs62185251,ENSG00000130414.13,NDUFA10,4705,9.50804749685813e-12,0.292647421360016,-76050
chr2,hsa05016,Huntington disease - Homo sapiens (human),Brain_Substantia_nigra,chr2_239949347_A_T_b38,rs62185251,ENSG00000130414.13,NDUFA10,4705,9.50804749685813e-12,0.292647421360016,-76050
chr2,hsa00190,Oxidative phosphorylation - Homo sapiens (human),Brain_Substantia_nigra,chr2_239949621_A_G_b38,rs4514904,ENSG00000130414.13,NDUFA10,4705,9.50804749685813e-12,0.292647421360016,-75776
chr2,hsa01100,Metabolic pathways - Homo sapiens (human),Brain_Substantia_nigra,chr2_239949621_A_G_b38,rs4514904,ENSG00000130414.13,NDUFA10,4705,9.50804749685813e-12,0.292647421360016,-75776
chr2,hsa05010,Alzheimer disease - Homo sapiens (human),Brain_Substantia_nigra,chr2_239949621_A_G_b38,rs4514904,ENSG00000130414.13,NDUFA10,4705,9.50804749685813e-12,0.292647421360016,-75776
chr2,hsa05012,Parkinson disease - Homo sapiens (human),Brain_Substantia_nigra,chr2_239949621_A_G_b38,rs4514904,ENSG00000130414.13,NDUFA10,4705,9.50804749685813e-12,0.292647421360016,-75776
chr2,hsa05016,Huntington disease - Homo sapiens (human),Brain_Substantia_nigra,chr2_239949621_A_G_b38,rs4514904,ENSG00000130414.13,NDUFA10,4705,9.50804749685813e-12,0.292647421360016,-75776
chr2,hsa00190,Oxidative phosphorylation - Homo sapiens (human),Brain_Substantia_nigra,chr2_239949639_G_A_b38,rs62185252,ENSG00000130414.13,NDUFA10,4705,2.58393002385673e-16,0.345955401659012,-75758
chr2,hsa01100,Metabolic pathways - Homo sapiens (human),Brain_Substantia_nigra,chr2_239949639_G_A_b38,rs62185252,ENSG00000130414.13,NDUFA10,4705,2.58393002385673e-16,0.345955401659012,-75758
chr2,hsa05010,Alzheimer disease - Homo sapiens (human),Brain_Substantia_nigra,chr2_239949639_G_A_b38,rs62185252,ENSG00000130414.13,NDUFA10,4705,2.58393002385673e-16,0.345955401659012,-75758
chr2,hsa05012,Parkinson disease - Homo sapiens (human),Brain_Substantia_nigra,chr2_239949639_G_A_b38,rs62185252,ENSG00000130414.13,NDUFA10,4705,2.58393002385673e-16,0.345955401659012,-75758
chr2,hsa05016,Huntington disease - Homo sapiens (human),Brain_Substantia_nigra,chr2_239949639_G_A_b38,rs62185252,ENSG00000130414.13,NDUFA10,4705,2.58393002385673e-16,0.345955401659012,-75758
chr2,hsa00190,Oxidative phosphorylation - Homo sapiens (human),Brain_Substantia_nigra,chr2_239949640_C_T_b38,rs62185253,ENSG00000130414.13,NDUFA10,4705,4.25683467351778e-16,0.336814969778061,-75757
chr2,hsa01100,Metabolic pathways - Homo sapiens (human),Brain_Substantia_nigra,chr2_239949640_C_T_b38,rs62185253,ENSG00000130414.13,NDUFA10,4705,4.25683467351778e-16,0.336814969778061,-75757
chr2,hsa05010,Alzheimer disease - Homo sapiens (human),Brain_Substantia_nigra,chr2_239949640_C_T_b38,rs62185253,ENSG00000130414.13,NDUFA10,4705,4.25683467351778e-16,0.336814969778061,-75757
chr2,hsa05012,Parkinson disease - Homo sapiens (human),Brain_Substantia_nigra,chr2_239949640_C_T_b38,rs62185253,ENSG00000130414.13,NDUFA10,4705,4.25683467351778e-16,0.336814969778061,-75757
chr2,hsa05016,Huntington disease - Homo sapiens (human),Brain_Substantia_nigra,chr2_239949640_C_T_b38,rs62185253,ENSG00000130414.13,NDUFA10,4705,4.25683467351778e-16,0.336814969778061,-75757
chr2,hsa00190,Oxidative phosphorylation - Homo sapiens (human),Brain_Substantia_nigra,chr2_239950100_G_A_b38,rs66550334,ENSG00000130414.13,NDUFA10,4705,5.08213720303768e-12,0.305831968784332,-75297
chr2,hsa01100,Metabolic pathways - Homo sapiens (human),Brain_Substantia_nigra,chr2_239950100_G_A_b38,rs66550334,ENSG00000130414.13,NDUFA10,4705,5.08213720303768e-12,0.305831968784332,-75297
chr2,hsa05010,Alzheimer disease - Homo sapiens (human),Brain_Substantia_nigra,chr2_239950100_G_A_b38,rs66550334,ENSG00000130414.13,NDUFA10,4705,5.08213720303768e-12,0.305831968784332,-75297
chr2,hsa05012,Parkinson disease - Homo sapiens (human),Brain_Substantia_nigra,chr2_239950100_G_A_b38,rs66550334,ENSG00000130414.13,NDUFA10,4705,5.08213720303768e-12,0.305831968784332,-75297
chr2,hsa05016,Huntington disease - Homo sapiens (human),Brain_Substantia_nigra,chr2_239950100_G_A_b38,rs66550334,ENSG00000130414.13,NDUFA10,4705,5.08213720303768e-12,0.305831968784332,-75297
chr2,hsa00190,Oxidative phosphorylation - Homo sapiens (human),Brain_Substantia_nigra,chr2_239950121_C_T_b38,rs66958587,ENSG00000130414.13,NDUFA10,4705,5.08213720303768e-12,0.305831968784332,-75276
chr2,hsa01100,Metabolic pathways - Homo sapiens (human),Brain_Substantia_nigra,chr2_239950121_C_T_b38,rs66958587,ENSG00000130414.13,NDUFA10,4705,5.08213720303768e-12,0.305831968784332,-75276
chr2,hsa05010,Alzheimer disease - Homo sapiens (human),Brain_Substantia_nigra,chr2_239950121_C_T_b38,rs66958587,ENSG00000130414.13,NDUFA10,4705,5.08213720303768e-12,0.305831968784332,-75276
chr2,hsa05012,Parkinson disease - Homo sapiens (human),Brain_Substantia_nigra,chr2_239950121_C_T_b38,rs66958587,ENSG00000130414.13,NDUFA10,4705,5.08213720303768e-12,0.305831968784332,-75276
chr2,hsa05016,Huntington disease - Homo sapiens (human),Brain_Substantia_nigra,chr2_239950121_C_T_b38,rs66958587,ENSG00000130414.13,NDUFA10,4705,5.08213720303768e-12,0.305831968784332,-75276
chr2,hsa00190,Oxidative phosphorylation - Homo sapiens (human),Brain_Substantia_nigra,chr2_239950974_C_T_b38,rs11684940,ENSG00000130414.13,NDUFA10,4705,1.06469430364326e-14,-0.442123264074326,-74423
chr2,hsa01100,Metabolic pathways - Homo sapiens (human),Brain_Substantia_nigra,chr2_239950974_C_T_b38,rs11684940,ENSG00000130414.13,NDUFA10,4705,1.06469430364326e-14,-0.442123264074326,-74423
chr2,hsa05010,Alzheimer disease - Homo sapiens (human),Brain_Substantia_nigra,chr2_239950974_C_T_b38,rs11684940,ENSG00000130414.13,NDUFA10,4705,1.06469430364326e-14,-0.442123264074326,-74423
chr2,hsa05012,Parkinson disease - Homo sapiens (human),Brain_Substantia_nigra,chr2_239950974_C_T_b38,rs11684940,ENSG00000130414.13,NDUFA10,4705,1.06469430364326e-14,-0.442123264074326,-74423
chr2,hsa05016,Huntington disease - Homo sapiens (human),Brain_Substantia_nigra,chr2_239950974_C_T_b38,rs11684940,ENSG00000130414.13,NDUFA10,4705,1.06469430364326e-14,-0.442123264074326,-74423
chr2,hsa00190,Oxidative phosphorylation - Homo sapiens (human),Brain_Substantia_nigra,chr2_239953711_C_T_b38,rs56331950,ENSG00000130414.13,NDUFA10,4705,6.68207123113991e-15,-0.462357550859451,-71686
chr2,hsa01100,Metabolic pathways - Homo sapiens (human),Brain_Substantia_nigra,chr2_239953711_C_T_b38,rs56331950,ENSG00000130414.13,NDUFA10,4705,6.68207123113991e-15,-0.462357550859451,-71686
chr2,hsa05010,Alzheimer disease - Homo sapiens (human),Brain_Substantia_nigra,chr2_239953711_C_T_b38,rs56331950,ENSG00000130414.13,NDUFA10,4705,6.68207123113991e-15,-0.462357550859451,-71686
chr2,hsa05012,Parkinson disease - Homo sapiens (human),Brain_Substantia_nigra,chr2_239953711_C_T_b38,rs56331950,ENSG00000130414.13,NDUFA10,4705,6.68207123113991e-15,-0.462357550859451,-71686
chr2,hsa05016,Huntington disease - Homo sapiens (human),Brain_Substantia_nigra,chr2_239953711_C_T_b38,rs56331950,ENSG00000130414.13,NDUFA10,4705,6.68207123113991e-15,-0.462357550859451,-71686
chr2,hsa00190,Oxidative phosphorylation - Homo sapiens (human),Brain_Substantia_nigra,chr2_239954010_G_A_b38,rs12466838,ENSG00000130414.13,NDUFA10,4705,8.98221009112766e-17,0.374010056257248,-71387
chr2,hsa01100,Metabolic pathways - Homo sapiens (human),Brain_Substantia_nigra,chr2_239954010_G_A_b38,rs12466838,ENSG00000130414.13,NDUFA10,4705,8.98221009112766e-17,0.374010056257248,-71387
chr2,hsa05010,Alzheimer disease - Homo sapiens (human),Brain_Substantia_nigra,chr2_239954010_G_A_b38,rs12466838,ENSG00000130414.13,NDUFA10,4705,8.98221009112766e-17,0.374010056257248,-71387
chr2,hsa05012,Parkinson disease - Homo sapiens (human),Brain_Substantia_nigra,chr2_239954010_G_A_b38,rs12466838,ENSG00000130414.13,NDUFA10,4705,8.98221009112766e-17,0.374010056257248,-71387
chr2,hsa05016,Huntington disease - Homo sapiens (human),Brain_Substantia_nigra,chr2_239954010_G_A_b38,rs12466838,ENSG00000130414.13,NDUFA10,4705,8.98221009112766e-17,0.374010056257248,-71387
chr2,hsa00190,Oxidative phosphorylation - Homo sapiens (human),Brain_Substantia_nigra,chr2_239954814_G_GGTGGCGCT_b38,rs71045921,ENSG00000130414.13,NDUFA10,4705,1.28052526311475e-10,0.282885640859604,-70583
chr2,hsa01100,Metabolic pathways - Homo sapiens (human),Brain_Substantia_nigra,chr2_239954814_G_GGTGGCGCT_b38,rs71045921,ENSG00000130414.13,NDUFA10,4705,1.28052526311475e-10,0.282885640859604,-70583
chr2,hsa05010,Alzheimer disease - Homo sapiens (human),Brain_Substantia_nigra,chr2_239954814_G_GGTGGCGCT_b38,rs71045921,ENSG00000130414.13,NDUFA10,4705,1.28052526311475e-10,0.282885640859604,-70583
chr2,hsa05012,Parkinson disease - Homo sapiens (human),Brain_Substantia_nigra,chr2_239954814_G_GGTGGCGCT_b38,rs71045921,ENSG00000130414.13,NDUFA10,4705,1.28052526311475e-10,0.282885640859604,-70583
chr2,hsa05016,Huntington disease - Homo sapiens (human),Brain_Substantia_nigra,chr2_239954814_G_GGTGGCGCT_b38,rs71045921,ENSG00000130414.13,NDUFA10,4705,1.28052526311475e-10,0.282885640859604,-70583
chr2,hsa00190,Oxidative phosphorylation - Homo sapiens (human),Brain_Substantia_nigra,chr2_239954858_G_A_b38,rs12467120,ENSG00000130414.13,NDUFA10,4705,2.75038610741745e-17,0.376095682382584,-70539
chr2,hsa01100,Metabolic pathways - Homo sapiens (human),Brain_Substantia_nigra,chr2_239954858_G_A_b38,rs12467120,ENSG00000130414.13,NDUFA10,4705,2.75038610741745e-17,0.376095682382584,-70539
chr2,hsa05010,Alzheimer disease - Homo sapiens (human),Brain_Substantia_nigra,chr2_239954858_G_A_b38,rs12467120,ENSG00000130414.13,NDUFA10,4705,2.75038610741745e-17,0.376095682382584,-70539
chr2,hsa05012,Parkinson disease - Homo sapiens (human),Brain_Substantia_nigra,chr2_239954858_G_A_b38,rs12467120,ENSG00000130414.13,NDUFA10,4705,2.75038610741745e-17,0.376095682382584,-70539
chr2,hsa05016,Huntington disease - Homo sapiens (human),Brain_Substantia_nigra,chr2_239954858_G_A_b38,rs12467120,ENSG00000130414.13,NDUFA10,4705,2.75038610741745e-17,0.376095682382584,-70539
chr2,hsa00190,Oxidative phosphorylation - Homo sapiens (human),Brain_Substantia_nigra,chr2_239955146_C_T_b38,rs55786159,ENSG00000130414.13,NDUFA10,4705,6.68207123113991e-15,-0.462357550859451,-70251
chr2,hsa01100,Metabolic pathways - Homo sapiens (human),Brain_Substantia_nigra,chr2_239955146_C_T_b38,rs55786159,ENSG00000130414.13,NDUFA10,4705,6.68207123113991e-15,-0.462357550859451,-70251
chr2,hsa05010,Alzheimer disease - Homo sapiens (human),Brain_Substantia_nigra,chr2_239955146_C_T_b38,rs55786159,ENSG00000130414.13,NDUFA10,4705,6.68207123113991e-15,-0.462357550859451,-70251
chr2,hsa05012,Parkinson disease - Homo sapiens (human),Brain_Substantia_nigra,chr2_239955146_C_T_b38,rs55786159,ENSG00000130414.13,NDUFA10,4705,6.68207123113991e-15,-0.462357550859451,-70251
chr2,hsa05016,Huntington disease - Homo sapiens (human),Brain_Substantia_nigra,chr2_239955146_C_T_b38,rs55786159,ENSG00000130414.13,NDUFA10,4705,6.68207123113991e-15,-0.462357550859451,-70251
chr2,hsa00190,Oxidative phosphorylation - Homo sapiens (human),Brain_Substantia_nigra,chr2_239955453_A_T_b38,rs4853977,ENSG00000130414.13,NDUFA10,4705,1.28052526311475e-10,0.282885640859604,-69944
chr2,hsa01100,Metabolic pathways - Homo sapiens (human),Brain_Substantia_nigra,chr2_239955453_A_T_b38,rs4853977,ENSG00000130414.13,NDUFA10,4705,1.28052526311475e-10,0.282885640859604,-69944
chr2,hsa05010,Alzheimer disease - Homo sapiens (human),Brain_Substantia_nigra,chr2_239955453_A_T_b38,rs4853977,ENSG00000130414.13,NDUFA10,4705,1.28052526311475e-10,0.282885640859604,-69944
chr2,hsa05012,Parkinson disease - Homo sapiens (human),Brain_Substantia_nigra,chr2_239955453_A_T_b38,rs4853977,ENSG00000130414.13,NDUFA10,4705,1.28052526311475e-10,0.282885640859604,-69944
chr2,hsa05016,Huntington disease - Homo sapiens (human),Brain_Substantia_nigra,chr2_239955453_A_T_b38,rs4853977,ENSG00000130414.13,NDUFA10,4705,1.28052526311475e-10,0.282885640859604,-69944
chr2,hsa00190,Oxidative phosphorylation - Homo sapiens (human),Brain_Substantia_nigra,chr2_239957668_C_T_b38,rs7573892,ENSG00000130414.13,NDUFA10,4705,1.86248694546839e-09,0.261536449193954,-67729
chr2,hsa01100,Metabolic pathways - Homo sapiens (human),Brain_Substantia_nigra,chr2_239957668_C_T_b38,rs7573892,ENSG00000130414.13,NDUFA10,4705,1.86248694546839e-09,0.261536449193954,-67729
chr2,hsa05010,Alzheimer disease - Homo sapiens (human),Brain_Substantia_nigra,chr2_239957668_C_T_b38,rs7573892,ENSG00000130414.13,NDUFA10,4705,1.86248694546839e-09,0.261536449193954,-67729
chr2,hsa05012,Parkinson disease - Homo sapiens (human),Brain_Substantia_nigra,chr2_239957668_C_T_b38,rs7573892,ENSG00000130414.13,NDUFA10,4705,1.86248694546839e-09,0.261536449193954,-67729
chr2,hsa05016,Huntington disease - Homo sapiens (human),Brain_Substantia_nigra,chr2_239957668_C_T_b38,rs7573892,ENSG00000130414.13,NDUFA10,4705,1.86248694546839e-09,0.261536449193954,-67729
chr2,hsa00190,Oxidative phosphorylation - Homo sapiens (human),Brain_Substantia_nigra,chr2_239957914_G_A_b38,rs34277046,ENSG00000130414.13,NDUFA10,4705,3.95300857986689e-19,0.398565471172333,-67483
chr2,hsa01100,Metabolic pathways - Homo sapiens (human),Brain_Substantia_nigra,chr2_239957914_G_A_b38,rs34277046,ENSG00000130414.13,NDUFA10,4705,3.95300857986689e-19,0.398565471172333,-67483
chr2,hsa05010,Alzheimer disease - Homo sapiens (human),Brain_Substantia_nigra,chr2_239957914_G_A_b38,rs34277046,ENSG00000130414.13,NDUFA10,4705,3.95300857986689e-19,0.398565471172333,-67483
chr2,hsa05012,Parkinson disease - Homo sapiens (human),Brain_Substantia_nigra,chr2_239957914_G_A_b38,rs34277046,ENSG00000130414.13,NDUFA10,4705,3.95300857986689e-19,0.398565471172333,-67483
chr2,hsa05016,Huntington disease - Homo sapiens (human),Brain_Substantia_nigra,chr2_239957914_G_A_b38,rs34277046,ENSG00000130414.13,NDUFA10,4705,3.95300857986689e-19,0.398565471172333,-67483
chr2,hsa00190,Oxidative phosphorylation - Homo sapiens (human),Brain_Substantia_nigra,chr2_239958809_C_T_b38,rs1132778,ENSG00000130414.13,NDUFA10,4705,2.00326434219431e-15,-0.495095729827881,-66588
chr2,hsa01100,Metabolic pathways - Homo sapiens (human),Brain_Substantia_nigra,chr2_239958809_C_T_b38,rs1132778,ENSG00000130414.13,NDUFA10,4705,2.00326434219431e-15,-0.495095729827881,-66588
chr2,hsa05010,Alzheimer disease - Homo sapiens (human),Brain_Substantia_nigra,chr2_239958809_C_T_b38,rs1132778,ENSG00000130414.13,NDUFA10,4705,2.00326434219431e-15,-0.495095729827881,-66588
chr2,hsa05012,Parkinson disease - Homo sapiens (human),Brain_Substantia_nigra,chr2_239958809_C_T_b38,rs1132778,ENSG00000130414.13,NDUFA10,4705,2.00326434219431e-15,-0.495095729827881,-66588
chr2,hsa05016,Huntington disease - Homo sapiens (human),Brain_Substantia_nigra,chr2_239958809_C_T_b38,rs1132778,ENSG00000130414.13,NDUFA10,4705,2.00326434219431e-15,-0.495095729827881,-66588
chr2,hsa00190,Oxidative phosphorylation - Homo sapiens (human),Brain_Substantia_nigra,chr2_239959194_A_AT_b38,rs138899326,ENSG00000130414.13,NDUFA10,4705,5.27138236551163e-16,-0.484573900699616,-66203
chr2,hsa01100,Metabolic pathways - Homo sapiens (human),Brain_Substantia_nigra,chr2_239959194_A_AT_b38,rs138899326,ENSG00000130414.13,NDUFA10,4705,5.27138236551163e-16,-0.484573900699616,-66203
chr2,hsa05010,Alzheimer disease - Homo sapiens (human),Brain_Substantia_nigra,chr2_239959194_A_AT_b38,rs138899326,ENSG00000130414.13,NDUFA10,4705,5.27138236551163e-16,-0.484573900699616,-66203
chr2,hsa05012,Parkinson disease - Homo sapiens (human),Brain_Substantia_nigra,chr2_239959194_A_AT_b38,rs138899326,ENSG00000130414.13,NDUFA10,4705,5.27138236551163e-16,-0.484573900699616,-66203
chr2,hsa05016,Huntington disease - Homo sapiens (human),Brain_Substantia_nigra,chr2_239959194_A_AT_b38,rs138899326,ENSG00000130414.13,NDUFA10,4705,5.27138236551163e-16,-0.484573900699616,-66203
chr2,hsa00190,Oxidative phosphorylation - Homo sapiens (human),Brain_Substantia_nigra,chr2_239959200_ACACAGGGGATGATCAGAG_A_b38,rs377048112,ENSG00000130414.13,NDUFA10,4705,5.27138236551163e-16,-0.484573900699616,-66197
chr2,hsa01100,Metabolic pathways - Homo sapiens (human),Brain_Substantia_nigra,chr2_239959200_ACACAGGGGATGATCAGAG_A_b38,rs377048112,ENSG00000130414.13,NDUFA10,4705,5.27138236551163e-16,-0.484573900699616,-66197
chr2,hsa05010,Alzheimer disease - Homo sapiens (human),Brain_Substantia_nigra,chr2_239959200_ACACAGGGGATGATCAGAG_A_b38,rs377048112,ENSG00000130414.13,NDUFA10,4705,5.27138236551163e-16,-0.484573900699616,-66197
chr2,hsa05012,Parkinson disease - Homo sapiens (human),Brain_Substantia_nigra,chr2_239959200_ACACAGGGGATGATCAGAG_A_b38,rs377048112,ENSG00000130414.13,NDUFA10,4705,5.27138236551163e-16,-0.484573900699616,-66197
chr2,hsa05016,Huntington disease - Homo sapiens (human),Brain_Substantia_nigra,chr2_239959200_ACACAGGGGATGATCAGAG_A_b38,rs377048112,ENSG00000130414.13,NDUFA10,4705,5.27138236551163e-16,-0.484573900699616,-66197
chr2,hsa00190,Oxidative phosphorylation - Homo sapiens (human),Brain_Substantia_nigra,chr2_239959929_G_A_b38,rs66534347,ENSG00000130414.13,NDUFA10,4705,1.19213926039451e-19,0.401155829429626,-65468
chr2,hsa01100,Metabolic pathways - Homo sapiens (human),Brain_Substantia_nigra,chr2_239959929_G_A_b38,rs66534347,ENSG00000130414.13,NDUFA10,4705,1.19213926039451e-19,0.401155829429626,-65468
chr2,hsa05010,Alzheimer disease - Homo sapiens (human),Brain_Substantia_nigra,chr2_239959929_G_A_b38,rs66534347,ENSG00000130414.13,NDUFA10,4705,1.19213926039451e-19,0.401155829429626,-65468
chr2,hsa05012,Parkinson disease - Homo sapiens (human),Brain_Substantia_nigra,chr2_239959929_G_A_b38,rs66534347,ENSG00000130414.13,NDUFA10,4705,1.19213926039451e-19,0.401155829429626,-65468
chr2,hsa05016,Huntington disease - Homo sapiens (human),Brain_Substantia_nigra,chr2_239959929_G_A_b38,rs66534347,ENSG00000130414.13,NDUFA10,4705,1.19213926039451e-19,0.401155829429626,-65468
chr2,hsa00190,Oxidative phosphorylation - Homo sapiens (human),Brain_Substantia_nigra,chr2_239960704_C_T_b38,rs13424612,ENSG00000130414.13,NDUFA10,4705,1.14285131909668e-18,0.398682206869125,-64693
chr2,hsa01100,Metabolic pathways - Homo sapiens (human),Brain_Substantia_nigra,chr2_239960704_C_T_b38,rs13424612,ENSG00000130414.13,NDUFA10,4705,1.14285131909668e-18,0.398682206869125,-64693
chr2,hsa05010,Alzheimer disease - Homo sapiens (human),Brain_Substantia_nigra,chr2_239960704_C_T_b38,rs13424612,ENSG00000130414.13,NDUFA10,4705,1.14285131909668e-18,0.398682206869125,-64693
chr2,hsa05012,Parkinson disease - Homo sapiens (human),Brain_Substantia_nigra,chr2_239960704_C_T_b38,rs13424612,ENSG00000130414.13,NDUFA10,4705,1.14285131909668e-18,0.398682206869125,-64693
chr2,hsa05016,Huntington disease - Homo sapiens (human),Brain_Substantia_nigra,chr2_239960704_C_T_b38,rs13424612,ENSG00000130414.13,NDUFA10,4705,1.14285131909668e-18,0.398682206869125,-64693
chr2,hsa00190,Oxidative phosphorylation - Homo sapiens (human),Brain_Substantia_nigra,chr2_239960810_G_A_b38,rs8369,ENSG00000130414.13,NDUFA10,4705,5.27138236551163e-16,-0.484573900699616,-64587
chr2,hsa01100,Metabolic pathways - Homo sapiens (human),Brain_Substantia_nigra,chr2_239960810_G_A_b38,rs8369,ENSG00000130414.13,NDUFA10,4705,5.27138236551163e-16,-0.484573900699616,-64587
chr2,hsa05010,Alzheimer disease - Homo sapiens (human),Brain_Substantia_nigra,chr2_239960810_G_A_b38,rs8369,ENSG00000130414.13,NDUFA10,4705,5.27138236551163e-16,-0.484573900699616,-64587
chr2,hsa05012,Parkinson disease - Homo sapiens (human),Brain_Substantia_nigra,chr2_239960810_G_A_b38,rs8369,ENSG00000130414.13,NDUFA10,4705,5.27138236551163e-16,-0.484573900699616,-64587
chr2,hsa05016,Huntington disease - Homo sapiens (human),Brain_Substantia_nigra,chr2_239960810_G_A_b38,rs8369,ENSG00000130414.13,NDUFA10,4705,5.27138236551163e-16,-0.484573900699616,-64587
chr2,hsa00190,Oxidative phosphorylation - Homo sapiens (human),Brain_Substantia_nigra,chr2_239961190_TG_T_b38,.,ENSG00000130414.13,NDUFA10,4705,1.14285131909668e-18,0.398682206869125,-64207
chr2,hsa01100,Metabolic pathways - Homo sapiens (human),Brain_Substantia_nigra,chr2_239961190_TG_T_b38,.,ENSG00000130414.13,NDUFA10,4705,1.14285131909668e-18,0.398682206869125,-64207
chr2,hsa05010,Alzheimer disease - Homo sapiens (human),Brain_Substantia_nigra,chr2_239961190_TG_T_b38,.,ENSG00000130414.13,NDUFA10,4705,1.14285131909668e-18,0.398682206869125,-64207
chr2,hsa05012,Parkinson disease - Homo sapiens (human),Brain_Substantia_nigra,chr2_239961190_TG_T_b38,.,ENSG00000130414.13,NDUFA10,4705,1.14285131909668e-18,0.398682206869125,-64207
chr2,hsa05016,Huntington disease - Homo sapiens (human),Brain_Substantia_nigra,chr2_239961190_TG_T_b38,.,ENSG00000130414.13,NDUFA10,4705,1.14285131909668e-18,0.398682206869125,-64207
chr2,hsa00190,Oxidative phosphorylation - Homo sapiens (human),Brain_Substantia_nigra,chr2_239961274_C_G_b38,rs4077387,ENSG00000130414.13,NDUFA10,4705,5.27138236551163e-16,-0.484573900699616,-64123
chr2,hsa01100,Metabolic pathways - Homo sapiens (human),Brain_Substantia_nigra,chr2_239961274_C_G_b38,rs4077387,ENSG00000130414.13,NDUFA10,4705,5.27138236551163e-16,-0.484573900699616,-64123
chr2,hsa05010,Alzheimer disease - Homo sapiens (human),Brain_Substantia_nigra,chr2_239961274_C_G_b38,rs4077387,ENSG00000130414.13,NDUFA10,4705,5.27138236551163e-16,-0.484573900699616,-64123
chr2,hsa05012,Parkinson disease - Homo sapiens (human),Brain_Substantia_nigra,chr2_239961274_C_G_b38,rs4077387,ENSG00000130414.13,NDUFA10,4705,5.27138236551163e-16,-0.484573900699616,-64123
chr2,hsa05016,Huntington disease - Homo sapiens (human),Brain_Substantia_nigra,chr2_239961274_C_G_b38,rs4077387,ENSG00000130414.13,NDUFA10,4705,5.27138236551163e-16,-0.484573900699616,-64123
chr2,hsa00190,Oxidative phosphorylation - Homo sapiens (human),Brain_Substantia_nigra,chr2_239961502_C_A_b38,rs10206993,ENSG00000130414.13,NDUFA10,4705,3.06022460725502e-20,0.411133855581284,-63895
chr2,hsa01100,Metabolic pathways - Homo sapiens (human),Brain_Substantia_nigra,chr2_239961502_C_A_b38,rs10206993,ENSG00000130414.13,NDUFA10,4705,3.06022460725502e-20,0.411133855581284,-63895
chr2,hsa05010,Alzheimer disease - Homo sapiens (human),Brain_Substantia_nigra,chr2_239961502_C_A_b38,rs10206993,ENSG00000130414.13,NDUFA10,4705,3.06022460725502e-20,0.411133855581284,-63895
chr2,hsa05012,Parkinson disease - Homo sapiens (human),Brain_Substantia_nigra,chr2_239961502_C_A_b38,rs10206993,ENSG00000130414.13,NDUFA10,4705,3.06022460725502e-20,0.411133855581284,-63895
chr2,hsa05016,Huntington disease - Homo sapiens (human),Brain_Substantia_nigra,chr2_239961502_C_A_b38,rs10206993,ENSG00000130414.13,NDUFA10,4705,3.06022460725502e-20,0.411133855581284,-63895
chr2,hsa00190,Oxidative phosphorylation - Homo sapiens (human),Brain_Substantia_nigra,chr2_239961530_G_C_b38,rs7590071,ENSG00000130414.13,NDUFA10,4705,3.06022460725502e-20,0.411133855581284,-63867
chr2,hsa01100,Metabolic pathways - Homo sapiens (human),Brain_Substantia_nigra,chr2_239961530_G_C_b38,rs7590071,ENSG00000130414.13,NDUFA10,4705,3.06022460725502e-20,0.411133855581284,-63867
chr2,hsa05010,Alzheimer disease - Homo sapiens (human),Brain_Substantia_nigra,chr2_239961530_G_C_b38,rs7590071,ENSG00000130414.13,NDUFA10,4705,3.06022460725502e-20,0.411133855581284,-63867
chr2,hsa05012,Parkinson disease - Homo sapiens (human),Brain_Substantia_nigra,chr2_239961530_G_C_b38,rs7590071,ENSG00000130414.13,NDUFA10,4705,3.06022460725502e-20,0.411133855581284,-63867
chr2,hsa05016,Huntington disease - Homo sapiens (human),Brain_Substantia_nigra,chr2_239961530_G_C_b38,rs7590071,ENSG00000130414.13,NDUFA10,4705,3.06022460725502e-20,0.411133855581284,-63867
chr2,hsa00190,Oxidative phosphorylation - Homo sapiens (human),Brain_Substantia_nigra,chr2_239961873_T_C_b38,rs7577635,ENSG00000130414.13,NDUFA10,4705,2.06932061348733e-12,0.31237581372261,-63524
chr2,hsa01100,Metabolic pathways - Homo sapiens (human),Brain_Substantia_nigra,chr2_239961873_T_C_b38,rs7577635,ENSG00000130414.13,NDUFA10,4705,2.06932061348733e-12,0.31237581372261,-63524
chr2,hsa05010,Alzheimer disease - Homo sapiens (human),Brain_Substantia_nigra,chr2_239961873_T_C_b38,rs7577635,ENSG00000130414.13,NDUFA10,4705,2.06932061348733e-12,0.31237581372261,-63524
chr2,hsa05012,Parkinson disease - Homo sapiens (human),Brain_Substantia_nigra,chr2_239961873_T_C_b38,rs7577635,ENSG00000130414.13,NDUFA10,4705,2.06932061348733e-12,0.31237581372261,-63524
chr2,hsa05016,Huntington disease - Homo sapiens (human),Brain_Substantia_nigra,chr2_239961873_T_C_b38,rs7577635,ENSG00000130414.13,NDUFA10,4705,2.06932061348733e-12,0.31237581372261,-63524
chr2,hsa00190,Oxidative phosphorylation - Homo sapiens (human),Brain_Substantia_nigra,chr2_239963094_G_A_b38,rs6748327,ENSG00000130414.13,NDUFA10,4705,3.06022460725502e-20,0.411133855581284,-62303
chr2,hsa01100,Metabolic pathways - Homo sapiens (human),Brain_Substantia_nigra,chr2_239963094_G_A_b38,rs6748327,ENSG00000130414.13,NDUFA10,4705,3.06022460725502e-20,0.411133855581284,-62303
chr2,hsa05010,Alzheimer disease - Homo sapiens (human),Brain_Substantia_nigra,chr2_239963094_G_A_b38,rs6748327,ENSG00000130414.13,NDUFA10,4705,3.06022460725502e-20,0.411133855581284,-62303
chr2,hsa05012,Parkinson disease - Homo sapiens (human),Brain_Substantia_nigra,chr2_239963094_G_A_b38,rs6748327,ENSG00000130414.13,NDUFA10,4705,3.06022460725502e-20,0.411133855581284,-62303
chr2,hsa05016,Huntington disease - Homo sapiens (human),Brain_Substantia_nigra,chr2_239963094_G_A_b38,rs6748327,ENSG00000130414.13,NDUFA10,4705,3.06022460725502e-20,0.411133855581284,-62303
chr2,hsa00190,Oxidative phosphorylation - Homo sapiens (human),Brain_Substantia_nigra,chr2_239963152_C_A_b38,rs6722915,ENSG00000130414.13,NDUFA10,4705,2.06932061348733e-12,0.31237581372261,-62245
chr2,hsa01100,Metabolic pathways - Homo sapiens (human),Brain_Substantia_nigra,chr2_239963152_C_A_b38,rs6722915,ENSG00000130414.13,NDUFA10,4705,2.06932061348733e-12,0.31237581372261,-62245
chr2,hsa05010,Alzheimer disease - Homo sapiens (human),Brain_Substantia_nigra,chr2_239963152_C_A_b38,rs6722915,ENSG00000130414.13,NDUFA10,4705,2.06932061348733e-12,0.31237581372261,-62245
chr2,hsa05012,Parkinson disease - Homo sapiens (human),Brain_Substantia_nigra,chr2_239963152_C_A_b38,rs6722915,ENSG00000130414.13,NDUFA10,4705,2.06932061348733e-12,0.31237581372261,-62245
chr2,hsa05016,Huntington disease - Homo sapiens (human),Brain_Substantia_nigra,chr2_239963152_C_A_b38,rs6722915,ENSG00000130414.13,NDUFA10,4705,2.06932061348733e-12,0.31237581372261,-62245
chr2,hsa00190,Oxidative phosphorylation - Homo sapiens (human),Brain_Substantia_nigra,chr2_239963153_A_G_b38,rs6738667,ENSG00000130414.13,NDUFA10,4705,2.06932061348733e-12,0.31237581372261,-62244
chr2,hsa01100,Metabolic pathways - Homo sapiens (human),Brain_Substantia_nigra,chr2_239963153_A_G_b38,rs6738667,ENSG00000130414.13,NDUFA10,4705,2.06932061348733e-12,0.31237581372261,-62244
chr2,hsa05010,Alzheimer disease - Homo sapiens (human),Brain_Substantia_nigra,chr2_239963153_A_G_b38,rs6738667,ENSG00000130414.13,NDUFA10,4705,2.06932061348733e-12,0.31237581372261,-62244
chr2,hsa05012,Parkinson disease - Homo sapiens (human),Brain_Substantia_nigra,chr2_239963153_A_G_b38,rs6738667,ENSG00000130414.13,NDUFA10,4705,2.06932061348733e-12,0.31237581372261,-62244
chr2,hsa05016,Huntington disease - Homo sapiens (human),Brain_Substantia_nigra,chr2_239963153_A_G_b38,rs6738667,ENSG00000130414.13,NDUFA10,4705,2.06932061348733e-12,0.31237581372261,-62244
chr2,hsa00190,Oxidative phosphorylation - Homo sapiens (human),Brain_Substantia_nigra,chr2_239963571_G_C_b38,rs4076744,ENSG00000130414.13,NDUFA10,4705,2.06932061348733e-12,0.31237581372261,-61826
chr2,hsa01100,Metabolic pathways - Homo sapiens (human),Brain_Substantia_nigra,chr2_239963571_G_C_b38,rs4076744,ENSG00000130414.13,NDUFA10,4705,2.06932061348733e-12,0.31237581372261,-61826
chr2,hsa05010,Alzheimer disease - Homo sapiens (human),Brain_Substantia_nigra,chr2_239963571_G_C_b38,rs4076744,ENSG00000130414.13,NDUFA10,4705,2.06932061348733e-12,0.31237581372261,-61826
chr2,hsa05012,Parkinson disease - Homo sapiens (human),Brain_Substantia_nigra,chr2_239963571_G_C_b38,rs4076744,ENSG00000130414.13,NDUFA10,4705,2.06932061348733e-12,0.31237581372261,-61826
chr2,hsa05016,Huntington disease - Homo sapiens (human),Brain_Substantia_nigra,chr2_239963571_G_C_b38,rs4076744,ENSG00000130414.13,NDUFA10,4705,2.06932061348733e-12,0.31237581372261,-61826
chr2,hsa00190,Oxidative phosphorylation - Homo sapiens (human),Brain_Substantia_nigra,chr2_239964671_G_A_b38,rs56780904,ENSG00000130414.13,NDUFA10,4705,5.27138236551163e-16,-0.484573900699616,-60726
chr2,hsa01100,Metabolic pathways - Homo sapiens (human),Brain_Substantia_nigra,chr2_239964671_G_A_b38,rs56780904,ENSG00000130414.13,NDUFA10,4705,5.27138236551163e-16,-0.484573900699616,-60726
chr2,hsa05010,Alzheimer disease - Homo sapiens (human),Brain_Substantia_nigra,chr2_239964671_G_A_b38,rs56780904,ENSG00000130414.13,NDUFA10,4705,5.27138236551163e-16,-0.484573900699616,-60726
chr2,hsa05012,Parkinson disease - Homo sapiens (human),Brain_Substantia_nigra,chr2_239964671_G_A_b38,rs56780904,ENSG00000130414.13,NDUFA10,4705,5.27138236551163e-16,-0.484573900699616,-60726
chr2,hsa05016,Huntington disease - Homo sapiens (human),Brain_Substantia_nigra,chr2_239964671_G_A_b38,rs56780904,ENSG00000130414.13,NDUFA10,4705,5.27138236551163e-16,-0.484573900699616,-60726
chr2,hsa00190,Oxidative phosphorylation - Homo sapiens (human),Brain_Substantia_nigra,chr2_239965467_G_A_b38,rs58652766,ENSG00000130414.13,NDUFA10,4705,1.14285131909668e-18,0.398682206869125,-59930
chr2,hsa01100,Metabolic pathways - Homo sapiens (human),Brain_Substantia_nigra,chr2_239965467_G_A_b38,rs58652766,ENSG00000130414.13,NDUFA10,4705,1.14285131909668e-18,0.398682206869125,-59930
chr2,hsa05010,Alzheimer disease - Homo sapiens (human),Brain_Substantia_nigra,chr2_239965467_G_A_b38,rs58652766,ENSG00000130414.13,NDUFA10,4705,1.14285131909668e-18,0.398682206869125,-59930
chr2,hsa05012,Parkinson disease - Homo sapiens (human),Brain_Substantia_nigra,chr2_239965467_G_A_b38,rs58652766,ENSG00000130414.13,NDUFA10,4705,1.14285131909668e-18,0.398682206869125,-59930
chr2,hsa05016,Huntington disease - Homo sapiens (human),Brain_Substantia_nigra,chr2_239965467_G_A_b38,rs58652766,ENSG00000130414.13,NDUFA10,4705,1.14285131909668e-18,0.398682206869125,-59930
chr2,hsa00190,Oxidative phosphorylation - Homo sapiens (human),Brain_Substantia_nigra,chr2_239966133_G_C_b38,rs6437355,ENSG00000130414.13,NDUFA10,4705,2.06932061348733e-12,0.31237581372261,-59264
chr2,hsa01100,Metabolic pathways - Homo sapiens (human),Brain_Substantia_nigra,chr2_239966133_G_C_b38,rs6437355,ENSG00000130414.13,NDUFA10,4705,2.06932061348733e-12,0.31237581372261,-59264
chr2,hsa05010,Alzheimer disease - Homo sapiens (human),Brain_Substantia_nigra,chr2_239966133_G_C_b38,rs6437355,ENSG00000130414.13,NDUFA10,4705,2.06932061348733e-12,0.31237581372261,-59264
chr2,hsa05012,Parkinson disease - Homo sapiens (human),Brain_Substantia_nigra,chr2_239966133_G_C_b38,rs6437355,ENSG00000130414.13,NDUFA10,4705,2.06932061348733e-12,0.31237581372261,-59264
chr2,hsa05016,Huntington disease - Homo sapiens (human),Brain_Substantia_nigra,chr2_239966133_G_C_b38,rs6437355,ENSG00000130414.13,NDUFA10,4705,2.06932061348733e-12,0.31237581372261,-59264
chr2,hsa00190,Oxidative phosphorylation - Homo sapiens (human),Brain_Substantia_nigra,chr2_239966611_T_C_b38,rs4853976,ENSG00000130414.13,NDUFA10,4705,2.06932061348733e-12,0.31237581372261,-58786
chr2,hsa01100,Metabolic pathways - Homo sapiens (human),Brain_Substantia_nigra,chr2_239966611_T_C_b38,rs4853976,ENSG00000130414.13,NDUFA10,4705,2.06932061348733e-12,0.31237581372261,-58786
chr2,hsa05010,Alzheimer disease - Homo sapiens (human),Brain_Substantia_nigra,chr2_239966611_T_C_b38,rs4853976,ENSG00000130414.13,NDUFA10,4705,2.06932061348733e-12,0.31237581372261,-58786
chr2,hsa05012,Parkinson disease - Homo sapiens (human),Brain_Substantia_nigra,chr2_239966611_T_C_b38,rs4853976,ENSG00000130414.13,NDUFA10,4705,2.06932061348733e-12,0.31237581372261,-58786
chr2,hsa05016,Huntington disease - Homo sapiens (human),Brain_Substantia_nigra,chr2_239966611_T_C_b38,rs4853976,ENSG00000130414.13,NDUFA10,4705,2.06932061348733e-12,0.31237581372261,-58786
chr2,hsa00190,Oxidative phosphorylation - Homo sapiens (human),Brain_Substantia_nigra,chr2_239966688_G_A_b38,rs35891664,ENSG00000130414.13,NDUFA10,4705,5.27138236551163e-16,-0.484573900699616,-58709
chr2,hsa01100,Metabolic pathways - Homo sapiens (human),Brain_Substantia_nigra,chr2_239966688_G_A_b38,rs35891664,ENSG00000130414.13,NDUFA10,4705,5.27138236551163e-16,-0.484573900699616,-58709
chr2,hsa05010,Alzheimer disease - Homo sapiens (human),Brain_Substantia_nigra,chr2_239966688_G_A_b38,rs35891664,ENSG00000130414.13,NDUFA10,4705,5.27138236551163e-16,-0.484573900699616,-58709
chr2,hsa05012,Parkinson disease - Homo sapiens (human),Brain_Substantia_nigra,chr2_239966688_G_A_b38,rs35891664,ENSG00000130414.13,NDUFA10,4705,5.27138236551163e-16,-0.484573900699616,-58709
chr2,hsa05016,Huntington disease - Homo sapiens (human),Brain_Substantia_nigra,chr2_239966688_G_A_b38,rs35891664,ENSG00000130414.13,NDUFA10,4705,5.27138236551163e-16,-0.484573900699616,-58709
chr2,hsa00190,Oxidative phosphorylation - Homo sapiens (human),Brain_Substantia_nigra,chr2_239966785_C_A_b38,rs77857689,ENSG00000130414.13,NDUFA10,4705,5.27138236551163e-16,-0.484573900699616,-58612
chr2,hsa01100,Metabolic pathways - Homo sapiens (human),Brain_Substantia_nigra,chr2_239966785_C_A_b38,rs77857689,ENSG00000130414.13,NDUFA10,4705,5.27138236551163e-16,-0.484573900699616,-58612
chr2,hsa05010,Alzheimer disease - Homo sapiens (human),Brain_Substantia_nigra,chr2_239966785_C_A_b38,rs77857689,ENSG00000130414.13,NDUFA10,4705,5.27138236551163e-16,-0.484573900699616,-58612
chr2,hsa05012,Parkinson disease - Homo sapiens (human),Brain_Substantia_nigra,chr2_239966785_C_A_b38,rs77857689,ENSG00000130414.13,NDUFA10,4705,5.27138236551163e-16,-0.484573900699616,-58612
chr2,hsa05016,Huntington disease - Homo sapiens (human),Brain_Substantia_nigra,chr2_239966785_C_A_b38,rs77857689,ENSG00000130414.13,NDUFA10,4705,5.27138236551163e-16,-0.484573900699616,-58612
chr2,hsa00190,Oxidative phosphorylation - Homo sapiens (human),Brain_Substantia_nigra,chr2_239967157_C_T_b38,rs4461287,ENSG00000130414.13,NDUFA10,4705,2.06932061348733e-12,0.31237581372261,-58240
chr2,hsa01100,Metabolic pathways - Homo sapiens (human),Brain_Substantia_nigra,chr2_239967157_C_T_b38,rs4461287,ENSG00000130414.13,NDUFA10,4705,2.06932061348733e-12,0.31237581372261,-58240
chr2,hsa05010,Alzheimer disease - Homo sapiens (human),Brain_Substantia_nigra,chr2_239967157_C_T_b38,rs4461287,ENSG00000130414.13,NDUFA10,4705,2.06932061348733e-12,0.31237581372261,-58240
chr2,hsa05012,Parkinson disease - Homo sapiens (human),Brain_Substantia_nigra,chr2_239967157_C_T_b38,rs4461287,ENSG00000130414.13,NDUFA10,4705,2.06932061348733e-12,0.31237581372261,-58240
chr2,hsa05016,Huntington disease - Homo sapiens (human),Brain_Substantia_nigra,chr2_239967157_C_T_b38,rs4461287,ENSG00000130414.13,NDUFA10,4705,2.06932061348733e-12,0.31237581372261,-58240
chr2,hsa00190,Oxidative phosphorylation - Homo sapiens (human),Brain_Substantia_nigra,chr2_239967342_G_A_b38,rs4267538,ENSG00000130414.13,NDUFA10,4705,5.27138236551163e-16,-0.484573900699616,-58055
chr2,hsa01100,Metabolic pathways - Homo sapiens (human),Brain_Substantia_nigra,chr2_239967342_G_A_b38,rs4267538,ENSG00000130414.13,NDUFA10,4705,5.27138236551163e-16,-0.484573900699616,-58055
chr2,hsa05010,Alzheimer disease - Homo sapiens (human),Brain_Substantia_nigra,chr2_239967342_G_A_b38,rs4267538,ENSG00000130414.13,NDUFA10,4705,5.27138236551163e-16,-0.484573900699616,-58055
chr2,hsa05012,Parkinson disease - Homo sapiens (human),Brain_Substantia_nigra,chr2_239967342_G_A_b38,rs4267538,ENSG00000130414.13,NDUFA10,4705,5.27138236551163e-16,-0.484573900699616,-58055
chr2,hsa05016,Huntington disease - Homo sapiens (human),Brain_Substantia_nigra,chr2_239967342_G_A_b38,rs4267538,ENSG00000130414.13,NDUFA10,4705,5.27138236551163e-16,-0.484573900699616,-58055
chr2,hsa00190,Oxidative phosphorylation - Homo sapiens (human),Brain_Substantia_nigra,chr2_239967977_T_A_b38,rs4854066,ENSG00000130414.13,NDUFA10,4705,4.52198047497731e-09,0.281472831964493,-57420
chr2,hsa01100,Metabolic pathways - Homo sapiens (human),Brain_Substantia_nigra,chr2_239967977_T_A_b38,rs4854066,ENSG00000130414.13,NDUFA10,4705,4.52198047497731e-09,0.281472831964493,-57420
chr2,hsa05010,Alzheimer disease - Homo sapiens (human),Brain_Substantia_nigra,chr2_239967977_T_A_b38,rs4854066,ENSG00000130414.13,NDUFA10,4705,4.52198047497731e-09,0.281472831964493,-57420
chr2,hsa05012,Parkinson disease - Homo sapiens (human),Brain_Substantia_nigra,chr2_239967977_T_A_b38,rs4854066,ENSG00000130414.13,NDUFA10,4705,4.52198047497731e-09,0.281472831964493,-57420
chr2,hsa05016,Huntington disease - Homo sapiens (human),Brain_Substantia_nigra,chr2_239967977_T_A_b38,rs4854066,ENSG00000130414.13,NDUFA10,4705,4.52198047497731e-09,0.281472831964493,-57420
chr2,hsa00190,Oxidative phosphorylation - Homo sapiens (human),Brain_Substantia_nigra,chr2_239969383_G_A_b38,rs10189996,ENSG00000130414.13,NDUFA10,4705,1.14285131909668e-18,0.398682206869125,-56014
chr2,hsa01100,Metabolic pathways - Homo sapiens (human),Brain_Substantia_nigra,chr2_239969383_G_A_b38,rs10189996,ENSG00000130414.13,NDUFA10,4705,1.14285131909668e-18,0.398682206869125,-56014
chr2,hsa05010,Alzheimer disease - Homo sapiens (human),Brain_Substantia_nigra,chr2_239969383_G_A_b38,rs10189996,ENSG00000130414.13,NDUFA10,4705,1.14285131909668e-18,0.398682206869125,-56014
chr2,hsa05012,Parkinson disease - Homo sapiens (human),Brain_Substantia_nigra,chr2_239969383_G_A_b38,rs10189996,ENSG00000130414.13,NDUFA10,4705,1.14285131909668e-18,0.398682206869125,-56014
chr2,hsa05016,Huntington disease - Homo sapiens (human),Brain_Substantia_nigra,chr2_239969383_G_A_b38,rs10189996,ENSG00000130414.13,NDUFA10,4705,1.14285131909668e-18,0.398682206869125,-56014
chr2,hsa00190,Oxidative phosphorylation - Homo sapiens (human),Brain_Substantia_nigra,chr2_239969887_CAG_C_b38,rs34036698,ENSG00000130414.13,NDUFA10,4705,1.14285131909668e-18,0.398682206869125,-55510
chr2,hsa01100,Metabolic pathways - Homo sapiens (human),Brain_Substantia_nigra,chr2_239969887_CAG_C_b38,rs34036698,ENSG00000130414.13,NDUFA10,4705,1.14285131909668e-18,0.398682206869125,-55510
chr2,hsa05010,Alzheimer disease - Homo sapiens (human),Brain_Substantia_nigra,chr2_239969887_CAG_C_b38,rs34036698,ENSG00000130414.13,NDUFA10,4705,1.14285131909668e-18,0.398682206869125,-55510
chr2,hsa05012,Parkinson disease - Homo sapiens (human),Brain_Substantia_nigra,chr2_239969887_CAG_C_b38,rs34036698,ENSG00000130414.13,NDUFA10,4705,1.14285131909668e-18,0.398682206869125,-55510
chr2,hsa05016,Huntington disease - Homo sapiens (human),Brain_Substantia_nigra,chr2_239969887_CAG_C_b38,rs34036698,ENSG00000130414.13,NDUFA10,4705,1.14285131909668e-18,0.398682206869125,-55510
chr2,hsa00190,Oxidative phosphorylation - Homo sapiens (human),Brain_Substantia_nigra,chr2_239970741_A_G_b38,rs4854065,ENSG00000130414.13,NDUFA10,4705,2.06932061348733e-12,0.31237581372261,-54656
chr2,hsa01100,Metabolic pathways - Homo sapiens (human),Brain_Substantia_nigra,chr2_239970741_A_G_b38,rs4854065,ENSG00000130414.13,NDUFA10,4705,2.06932061348733e-12,0.31237581372261,-54656
chr2,hsa05010,Alzheimer disease - Homo sapiens (human),Brain_Substantia_nigra,chr2_239970741_A_G_b38,rs4854065,ENSG00000130414.13,NDUFA10,4705,2.06932061348733e-12,0.31237581372261,-54656
chr2,hsa05012,Parkinson disease - Homo sapiens (human),Brain_Substantia_nigra,chr2_239970741_A_G_b38,rs4854065,ENSG00000130414.13,NDUFA10,4705,2.06932061348733e-12,0.31237581372261,-54656
chr2,hsa05016,Huntington disease - Homo sapiens (human),Brain_Substantia_nigra,chr2_239970741_A_G_b38,rs4854065,ENSG00000130414.13,NDUFA10,4705,2.06932061348733e-12,0.31237581372261,-54656
chr2,hsa00190,Oxidative phosphorylation - Homo sapiens (human),Brain_Substantia_nigra,chr2_239974171_C_T_b38,rs59540972,ENSG00000130414.13,NDUFA10,4705,5.27138236551163e-16,-0.484573900699616,-51226
chr2,hsa01100,Metabolic pathways - Homo sapiens (human),Brain_Substantia_nigra,chr2_239974171_C_T_b38,rs59540972,ENSG00000130414.13,NDUFA10,4705,5.27138236551163e-16,-0.484573900699616,-51226
chr2,hsa05010,Alzheimer disease - Homo sapiens (human),Brain_Substantia_nigra,chr2_239974171_C_T_b38,rs59540972,ENSG00000130414.13,NDUFA10,4705,5.27138236551163e-16,-0.484573900699616,-51226
chr2,hsa05012,Parkinson disease - Homo sapiens (human),Brain_Substantia_nigra,chr2_239974171_C_T_b38,rs59540972,ENSG00000130414.13,NDUFA10,4705,5.27138236551163e-16,-0.484573900699616,-51226
chr2,hsa05016,Huntington disease - Homo sapiens (human),Brain_Substantia_nigra,chr2_239974171_C_T_b38,rs59540972,ENSG00000130414.13,NDUFA10,4705,5.27138236551163e-16,-0.484573900699616,-51226
chr2,hsa00190,Oxidative phosphorylation - Homo sapiens (human),Brain_Substantia_nigra,chr2_239974673_T_C_b38,rs4854063,ENSG00000130414.13,NDUFA10,4705,1.08747136585434e-12,0.318291544914246,-50724
chr2,hsa01100,Metabolic pathways - Homo sapiens (human),Brain_Substantia_nigra,chr2_239974673_T_C_b38,rs4854063,ENSG00000130414.13,NDUFA10,4705,1.08747136585434e-12,0.318291544914246,-50724
chr2,hsa05010,Alzheimer disease - Homo sapiens (human),Brain_Substantia_nigra,chr2_239974673_T_C_b38,rs4854063,ENSG00000130414.13,NDUFA10,4705,1.08747136585434e-12,0.318291544914246,-50724
chr2,hsa05012,Parkinson disease - Homo sapiens (human),Brain_Substantia_nigra,chr2_239974673_T_C_b38,rs4854063,ENSG00000130414.13,NDUFA10,4705,1.08747136585434e-12,0.318291544914246,-50724
chr2,hsa05016,Huntington disease - Homo sapiens (human),Brain_Substantia_nigra,chr2_239974673_T_C_b38,rs4854063,ENSG00000130414.13,NDUFA10,4705,1.08747136585434e-12,0.318291544914246,-50724
chr2,hsa00190,Oxidative phosphorylation - Homo sapiens (human),Brain_Substantia_nigra,chr2_239974908_A_G_b38,rs74002068,ENSG00000130414.13,NDUFA10,4705,1.88965395656939e-12,-0.447386026382446,-50489
chr2,hsa01100,Metabolic pathways - Homo sapiens (human),Brain_Substantia_nigra,chr2_239974908_A_G_b38,rs74002068,ENSG00000130414.13,NDUFA10,4705,1.88965395656939e-12,-0.447386026382446,-50489
chr2,hsa05010,Alzheimer disease - Homo sapiens (human),Brain_Substantia_nigra,chr2_239974908_A_G_b38,rs74002068,ENSG00000130414.13,NDUFA10,4705,1.88965395656939e-12,-0.447386026382446,-50489
chr2,hsa05012,Parkinson disease - Homo sapiens (human),Brain_Substantia_nigra,chr2_239974908_A_G_b38,rs74002068,ENSG00000130414.13,NDUFA10,4705,1.88965395656939e-12,-0.447386026382446,-50489
chr2,hsa05016,Huntington disease - Homo sapiens (human),Brain_Substantia_nigra,chr2_239974908_A_G_b38,rs74002068,ENSG00000130414.13,NDUFA10,4705,1.88965395656939e-12,-0.447386026382446,-50489
chr2,hsa00190,Oxidative phosphorylation - Homo sapiens (human),Brain_Substantia_nigra,chr2_239975535_A_C_b38,rs4854059,ENSG00000130414.13,NDUFA10,4705,2.81708114146709e-10,0.273971170186996,-49862
chr2,hsa01100,Metabolic pathways - Homo sapiens (human),Brain_Substantia_nigra,chr2_239975535_A_C_b38,rs4854059,ENSG00000130414.13,NDUFA10,4705,2.81708114146709e-10,0.273971170186996,-49862
chr2,hsa05010,Alzheimer disease - Homo sapiens (human),Brain_Substantia_nigra,chr2_239975535_A_C_b38,rs4854059,ENSG00000130414.13,NDUFA10,4705,2.81708114146709e-10,0.273971170186996,-49862
chr2,hsa05012,Parkinson disease - Homo sapiens (human),Brain_Substantia_nigra,chr2_239975535_A_C_b38,rs4854059,ENSG00000130414.13,NDUFA10,4705,2.81708114146709e-10,0.273971170186996,-49862
chr2,hsa05016,Huntington disease - Homo sapiens (human),Brain_Substantia_nigra,chr2_239975535_A_C_b38,rs4854059,ENSG00000130414.13,NDUFA10,4705,2.81708114146709e-10,0.273971170186996,-49862
chr2,hsa00190,Oxidative phosphorylation - Homo sapiens (human),Brain_Substantia_nigra,chr2_239975884_A_G_b38,rs11691544,ENSG00000130414.13,NDUFA10,4705,5.27138236551163e-16,-0.484573900699616,-49513
chr2,hsa01100,Metabolic pathways - Homo sapiens (human),Brain_Substantia_nigra,chr2_239975884_A_G_b38,rs11691544,ENSG00000130414.13,NDUFA10,4705,5.27138236551163e-16,-0.484573900699616,-49513
chr2,hsa05010,Alzheimer disease - Homo sapiens (human),Brain_Substantia_nigra,chr2_239975884_A_G_b38,rs11691544,ENSG00000130414.13,NDUFA10,4705,5.27138236551163e-16,-0.484573900699616,-49513
chr2,hsa05012,Parkinson disease - Homo sapiens (human),Brain_Substantia_nigra,chr2_239975884_A_G_b38,rs11691544,ENSG00000130414.13,NDUFA10,4705,5.27138236551163e-16,-0.484573900699616,-49513
chr2,hsa05016,Huntington disease - Homo sapiens (human),Brain_Substantia_nigra,chr2_239975884_A_G_b38,rs11691544,ENSG00000130414.13,NDUFA10,4705,5.27138236551163e-16,-0.484573900699616,-49513
chr2,hsa00190,Oxidative phosphorylation - Homo sapiens (human),Brain_Substantia_nigra,chr2_239975890_C_T_b38,rs4149556,ENSG00000130414.13,NDUFA10,4705,8.45289868319193e-18,0.392309308052063,-49507
chr2,hsa01100,Metabolic pathways - Homo sapiens (human),Brain_Substantia_nigra,chr2_239975890_C_T_b38,rs4149556,ENSG00000130414.13,NDUFA10,4705,8.45289868319193e-18,0.392309308052063,-49507
chr2,hsa05010,Alzheimer disease - Homo sapiens (human),Brain_Substantia_nigra,chr2_239975890_C_T_b38,rs4149556,ENSG00000130414.13,NDUFA10,4705,8.45289868319193e-18,0.392309308052063,-49507
chr2,hsa05012,Parkinson disease - Homo sapiens (human),Brain_Substantia_nigra,chr2_239975890_C_T_b38,rs4149556,ENSG00000130414.13,NDUFA10,4705,8.45289868319193e-18,0.392309308052063,-49507
chr2,hsa05016,Huntington disease - Homo sapiens (human),Brain_Substantia_nigra,chr2_239975890_C_T_b38,rs4149556,ENSG00000130414.13,NDUFA10,4705,8.45289868319193e-18,0.392309308052063,-49507
chr2,hsa00190,Oxidative phosphorylation - Homo sapiens (human),Brain_Substantia_nigra,chr2_239976945_T_C_b38,rs74002069,ENSG00000130414.13,NDUFA10,4705,5.27138236551163e-16,-0.484573900699616,-48452
chr2,hsa01100,Metabolic pathways - Homo sapiens (human),Brain_Substantia_nigra,chr2_239976945_T_C_b38,rs74002069,ENSG00000130414.13,NDUFA10,4705,5.27138236551163e-16,-0.484573900699616,-48452
chr2,hsa05010,Alzheimer disease - Homo sapiens (human),Brain_Substantia_nigra,chr2_239976945_T_C_b38,rs74002069,ENSG00000130414.13,NDUFA10,4705,5.27138236551163e-16,-0.484573900699616,-48452
chr2,hsa05012,Parkinson disease - Homo sapiens (human),Brain_Substantia_nigra,chr2_239976945_T_C_b38,rs74002069,ENSG00000130414.13,NDUFA10,4705,5.27138236551163e-16,-0.484573900699616,-48452
chr2,hsa05016,Huntington disease - Homo sapiens (human),Brain_Substantia_nigra,chr2_239976945_T_C_b38,rs74002069,ENSG00000130414.13,NDUFA10,4705,5.27138236551163e-16,-0.484573900699616,-48452
chr2,hsa00190,Oxidative phosphorylation - Homo sapiens (human),Brain_Substantia_nigra,chr2_239979085_A_G_b38,rs878925,ENSG00000130414.13,NDUFA10,4705,1.14285131909668e-18,0.398682206869125,-46312
chr2,hsa01100,Metabolic pathways - Homo sapiens (human),Brain_Substantia_nigra,chr2_239979085_A_G_b38,rs878925,ENSG00000130414.13,NDUFA10,4705,1.14285131909668e-18,0.398682206869125,-46312
chr2,hsa05010,Alzheimer disease - Homo sapiens (human),Brain_Substantia_nigra,chr2_239979085_A_G_b38,rs878925,ENSG00000130414.13,NDUFA10,4705,1.14285131909668e-18,0.398682206869125,-46312
chr2,hsa05012,Parkinson disease - Homo sapiens (human),Brain_Substantia_nigra,chr2_239979085_A_G_b38,rs878925,ENSG00000130414.13,NDUFA10,4705,1.14285131909668e-18,0.398682206869125,-46312
chr2,hsa05016,Huntington disease - Homo sapiens (human),Brain_Substantia_nigra,chr2_239979085_A_G_b38,rs878925,ENSG00000130414.13,NDUFA10,4705,1.14285131909668e-18,0.398682206869125,-46312
chr2,hsa00190,Oxidative phosphorylation - Homo sapiens (human),Brain_Substantia_nigra,chr2_239980495_T_C_b38,rs34849118,ENSG00000130414.13,NDUFA10,4705,1.73304240987558e-19,0.405130505561829,-44902
chr2,hsa01100,Metabolic pathways - Homo sapiens (human),Brain_Substantia_nigra,chr2_239980495_T_C_b38,rs34849118,ENSG00000130414.13,NDUFA10,4705,1.73304240987558e-19,0.405130505561829,-44902
chr2,hsa05010,Alzheimer disease - Homo sapiens (human),Brain_Substantia_nigra,chr2_239980495_T_C_b38,rs34849118,ENSG00000130414.13,NDUFA10,4705,1.73304240987558e-19,0.405130505561829,-44902
chr2,hsa05012,Parkinson disease - Homo sapiens (human),Brain_Substantia_nigra,chr2_239980495_T_C_b38,rs34849118,ENSG00000130414.13,NDUFA10,4705,1.73304240987558e-19,0.405130505561829,-44902
chr2,hsa05016,Huntington disease - Homo sapiens (human),Brain_Substantia_nigra,chr2_239980495_T_C_b38,rs34849118,ENSG00000130414.13,NDUFA10,4705,1.73304240987558e-19,0.405130505561829,-44902
chr2,hsa00190,Oxidative phosphorylation - Homo sapiens (human),Brain_Substantia_nigra,chr2_239980783_G_C_b38,rs967477,ENSG00000130414.13,NDUFA10,4705,5.05512672868371e-14,-0.449737966060638,-44614
chr2,hsa01100,Metabolic pathways - Homo sapiens (human),Brain_Substantia_nigra,chr2_239980783_G_C_b38,rs967477,ENSG00000130414.13,NDUFA10,4705,5.05512672868371e-14,-0.449737966060638,-44614
chr2,hsa05010,Alzheimer disease - Homo sapiens (human),Brain_Substantia_nigra,chr2_239980783_G_C_b38,rs967477,ENSG00000130414.13,NDUFA10,4705,5.05512672868371e-14,-0.449737966060638,-44614
chr2,hsa05012,Parkinson disease - Homo sapiens (human),Brain_Substantia_nigra,chr2_239980783_G_C_b38,rs967477,ENSG00000130414.13,NDUFA10,4705,5.05512672868371e-14,-0.449737966060638,-44614
chr2,hsa05016,Huntington disease - Homo sapiens (human),Brain_Substantia_nigra,chr2_239980783_G_C_b38,rs967477,ENSG00000130414.13,NDUFA10,4705,5.05512672868371e-14,-0.449737966060638,-44614
chr2,hsa00190,Oxidative phosphorylation - Homo sapiens (human),Brain_Substantia_nigra,chr2_239980874_G_A_b38,rs967476,ENSG00000130414.13,NDUFA10,4705,5.12234491395998e-13,-0.415187567472458,-44523
chr2,hsa01100,Metabolic pathways - Homo sapiens (human),Brain_Substantia_nigra,chr2_239980874_G_A_b38,rs967476,ENSG00000130414.13,NDUFA10,4705,5.12234491395998e-13,-0.415187567472458,-44523
chr2,hsa05010,Alzheimer disease - Homo sapiens (human),Brain_Substantia_nigra,chr2_239980874_G_A_b38,rs967476,ENSG00000130414.13,NDUFA10,4705,5.12234491395998e-13,-0.415187567472458,-44523
chr2,hsa05012,Parkinson disease - Homo sapiens (human),Brain_Substantia_nigra,chr2_239980874_G_A_b38,rs967476,ENSG00000130414.13,NDUFA10,4705,5.12234491395998e-13,-0.415187567472458,-44523
chr2,hsa05016,Huntington disease - Homo sapiens (human),Brain_Substantia_nigra,chr2_239980874_G_A_b38,rs967476,ENSG00000130414.13,NDUFA10,4705,5.12234491395998e-13,-0.415187567472458,-44523
chr2,hsa00190,Oxidative phosphorylation - Homo sapiens (human),Brain_Substantia_nigra,chr2_239982046_C_T_b38,rs4149551,ENSG00000130414.13,NDUFA10,4705,3.06022460725502e-20,0.411133855581284,-43351
chr2,hsa01100,Metabolic pathways - Homo sapiens (human),Brain_Substantia_nigra,chr2_239982046_C_T_b38,rs4149551,ENSG00000130414.13,NDUFA10,4705,3.06022460725502e-20,0.411133855581284,-43351
chr2,hsa05010,Alzheimer disease - Homo sapiens (human),Brain_Substantia_nigra,chr2_239982046_C_T_b38,rs4149551,ENSG00000130414.13,NDUFA10,4705,3.06022460725502e-20,0.411133855581284,-43351
chr2,hsa05012,Parkinson disease - Homo sapiens (human),Brain_Substantia_nigra,chr2_239982046_C_T_b38,rs4149551,ENSG00000130414.13,NDUFA10,4705,3.06022460725502e-20,0.411133855581284,-43351
chr2,hsa05016,Huntington disease - Homo sapiens (human),Brain_Substantia_nigra,chr2_239982046_C_T_b38,rs4149551,ENSG00000130414.13,NDUFA10,4705,3.06022460725502e-20,0.411133855581284,-43351
chr2,hsa00190,Oxidative phosphorylation - Homo sapiens (human),Brain_Substantia_nigra,chr2_239982959_G_T_b38,rs11675781,ENSG00000130414.13,NDUFA10,4705,5.27138236551163e-16,-0.484573900699616,-42438
chr2,hsa01100,Metabolic pathways - Homo sapiens (human),Brain_Substantia_nigra,chr2_239982959_G_T_b38,rs11675781,ENSG00000130414.13,NDUFA10,4705,5.27138236551163e-16,-0.484573900699616,-42438
chr2,hsa05010,Alzheimer disease - Homo sapiens (human),Brain_Substantia_nigra,chr2_239982959_G_T_b38,rs11675781,ENSG00000130414.13,NDUFA10,4705,5.27138236551163e-16,-0.484573900699616,-42438
chr2,hsa05012,Parkinson disease - Homo sapiens (human),Brain_Substantia_nigra,chr2_239982959_G_T_b38,rs11675781,ENSG00000130414.13,NDUFA10,4705,5.27138236551163e-16,-0.484573900699616,-42438
chr2,hsa05016,Huntington disease - Homo sapiens (human),Brain_Substantia_nigra,chr2_239982959_G_T_b38,rs11675781,ENSG00000130414.13,NDUFA10,4705,5.27138236551163e-16,-0.484573900699616,-42438
chr2,hsa00190,Oxidative phosphorylation - Homo sapiens (human),Brain_Substantia_nigra,chr2_239982960_A_T_b38,rs11694337,ENSG00000130414.13,NDUFA10,4705,5.27138236551163e-16,-0.484573900699616,-42437
chr2,hsa01100,Metabolic pathways - Homo sapiens (human),Brain_Substantia_nigra,chr2_239982960_A_T_b38,rs11694337,ENSG00000130414.13,NDUFA10,4705,5.27138236551163e-16,-0.484573900699616,-42437
chr2,hsa05010,Alzheimer disease - Homo sapiens (human),Brain_Substantia_nigra,chr2_239982960_A_T_b38,rs11694337,ENSG00000130414.13,NDUFA10,4705,5.27138236551163e-16,-0.484573900699616,-42437
chr2,hsa05012,Parkinson disease - Homo sapiens (human),Brain_Substantia_nigra,chr2_239982960_A_T_b38,rs11694337,ENSG00000130414.13,NDUFA10,4705,5.27138236551163e-16,-0.484573900699616,-42437
chr2,hsa05016,Huntington disease - Homo sapiens (human),Brain_Substantia_nigra,chr2_239982960_A_T_b38,rs11694337,ENSG00000130414.13,NDUFA10,4705,5.27138236551163e-16,-0.484573900699616,-42437
chr2,hsa00190,Oxidative phosphorylation - Homo sapiens (human),Brain_Substantia_nigra,chr2_239983633_C_T_b38,rs1530144,ENSG00000130414.13,NDUFA10,4705,1.06050554014888e-11,0.305738478899002,-41764
chr2,hsa01100,Metabolic pathways - Homo sapiens (human),Brain_Substantia_nigra,chr2_239983633_C_T_b38,rs1530144,ENSG00000130414.13,NDUFA10,4705,1.06050554014888e-11,0.305738478899002,-41764
chr2,hsa05010,Alzheimer disease - Homo sapiens (human),Brain_Substantia_nigra,chr2_239983633_C_T_b38,rs1530144,ENSG00000130414.13,NDUFA10,4705,1.06050554014888e-11,0.305738478899002,-41764
chr2,hsa05012,Parkinson disease - Homo sapiens (human),Brain_Substantia_nigra,chr2_239983633_C_T_b38,rs1530144,ENSG00000130414.13,NDUFA10,4705,1.06050554014888e-11,0.305738478899002,-41764
chr2,hsa05016,Huntington disease - Homo sapiens (human),Brain_Substantia_nigra,chr2_239983633_C_T_b38,rs1530144,ENSG00000130414.13,NDUFA10,4705,1.06050554014888e-11,0.305738478899002,-41764
chr2,hsa00190,Oxidative phosphorylation - Homo sapiens (human),Brain_Substantia_nigra,chr2_239983729_T_C_b38,rs6716293,ENSG00000130414.13,NDUFA10,4705,1.08747136585434e-12,0.318291544914246,-41668
chr2,hsa01100,Metabolic pathways - Homo sapiens (human),Brain_Substantia_nigra,chr2_239983729_T_C_b38,rs6716293,ENSG00000130414.13,NDUFA10,4705,1.08747136585434e-12,0.318291544914246,-41668
chr2,hsa05010,Alzheimer disease - Homo sapiens (human),Brain_Substantia_nigra,chr2_239983729_T_C_b38,rs6716293,ENSG00000130414.13,NDUFA10,4705,1.08747136585434e-12,0.318291544914246,-41668
chr2,hsa05012,Parkinson disease - Homo sapiens (human),Brain_Substantia_nigra,chr2_239983729_T_C_b38,rs6716293,ENSG00000130414.13,NDUFA10,4705,1.08747136585434e-12,0.318291544914246,-41668
chr2,hsa05016,Huntington disease - Homo sapiens (human),Brain_Substantia_nigra,chr2_239983729_T_C_b38,rs6716293,ENSG00000130414.13,NDUFA10,4705,1.08747136585434e-12,0.318291544914246,-41668
chr2,hsa00190,Oxidative phosphorylation - Homo sapiens (human),Brain_Substantia_nigra,chr2_239983730_C_T_b38,rs2887406,ENSG00000130414.13,NDUFA10,4705,1.08747136585434e-12,0.318291544914246,-41667
chr2,hsa01100,Metabolic pathways - Homo sapiens (human),Brain_Substantia_nigra,chr2_239983730_C_T_b38,rs2887406,ENSG00000130414.13,NDUFA10,4705,1.08747136585434e-12,0.318291544914246,-41667
chr2,hsa05010,Alzheimer disease - Homo sapiens (human),Brain_Substantia_nigra,chr2_239983730_C_T_b38,rs2887406,ENSG00000130414.13,NDUFA10,4705,1.08747136585434e-12,0.318291544914246,-41667
chr2,hsa05012,Parkinson disease - Homo sapiens (human),Brain_Substantia_nigra,chr2_239983730_C_T_b38,rs2887406,ENSG00000130414.13,NDUFA10,4705,1.08747136585434e-12,0.318291544914246,-41667
chr2,hsa05016,Huntington disease - Homo sapiens (human),Brain_Substantia_nigra,chr2_239983730_C_T_b38,rs2887406,ENSG00000130414.13,NDUFA10,4705,1.08747136585434e-12,0.318291544914246,-41667
chr2,hsa00190,Oxidative phosphorylation - Homo sapiens (human),Brain_Substantia_nigra,chr2_239983893_T_G_b38,rs74002071,ENSG00000130414.13,NDUFA10,4705,5.27138236551163e-16,-0.484573900699616,-41504
chr2,hsa01100,Metabolic pathways - Homo sapiens (human),Brain_Substantia_nigra,chr2_239983893_T_G_b38,rs74002071,ENSG00000130414.13,NDUFA10,4705,5.27138236551163e-16,-0.484573900699616,-41504
chr2,hsa05010,Alzheimer disease - Homo sapiens (human),Brain_Substantia_nigra,chr2_239983893_T_G_b38,rs74002071,ENSG00000130414.13,NDUFA10,4705,5.27138236551163e-16,-0.484573900699616,-41504
chr2,hsa05012,Parkinson disease - Homo sapiens (human),Brain_Substantia_nigra,chr2_239983893_T_G_b38,rs74002071,ENSG00000130414.13,NDUFA10,4705,5.27138236551163e-16,-0.484573900699616,-41504
chr2,hsa05016,Huntington disease - Homo sapiens (human),Brain_Substantia_nigra,chr2_239983893_T_G_b38,rs74002071,ENSG00000130414.13,NDUFA10,4705,5.27138236551163e-16,-0.484573900699616,-41504
chr2,hsa00190,Oxidative phosphorylation - Homo sapiens (human),Brain_Substantia_nigra,chr2_239984260_C_A_b38,rs4854058,ENSG00000130414.13,NDUFA10,4705,1.14285131909668e-18,0.398682206869125,-41137
chr2,hsa01100,Metabolic pathways - Homo sapiens (human),Brain_Substantia_nigra,chr2_239984260_C_A_b38,rs4854058,ENSG00000130414.13,NDUFA10,4705,1.14285131909668e-18,0.398682206869125,-41137
chr2,hsa05010,Alzheimer disease - Homo sapiens (human),Brain_Substantia_nigra,chr2_239984260_C_A_b38,rs4854058,ENSG00000130414.13,NDUFA10,4705,1.14285131909668e-18,0.398682206869125,-41137
chr2,hsa05012,Parkinson disease - Homo sapiens (human),Brain_Substantia_nigra,chr2_239984260_C_A_b38,rs4854058,ENSG00000130414.13,NDUFA10,4705,1.14285131909668e-18,0.398682206869125,-41137
chr2,hsa05016,Huntington disease - Homo sapiens (human),Brain_Substantia_nigra,chr2_239984260_C_A_b38,rs4854058,ENSG00000130414.13,NDUFA10,4705,1.14285131909668e-18,0.398682206869125,-41137
chr2,hsa00190,Oxidative phosphorylation - Homo sapiens (human),Brain_Substantia_nigra,chr2_239984338_G_A_b38,rs79609137,ENSG00000130414.13,NDUFA10,4705,5.27138236551163e-16,-0.484573900699616,-41059
chr2,hsa01100,Metabolic pathways - Homo sapiens (human),Brain_Substantia_nigra,chr2_239984338_G_A_b38,rs79609137,ENSG00000130414.13,NDUFA10,4705,5.27138236551163e-16,-0.484573900699616,-41059
chr2,hsa05010,Alzheimer disease - Homo sapiens (human),Brain_Substantia_nigra,chr2_239984338_G_A_b38,rs79609137,ENSG00000130414.13,NDUFA10,4705,5.27138236551163e-16,-0.484573900699616,-41059
chr2,hsa05012,Parkinson disease - Homo sapiens (human),Brain_Substantia_nigra,chr2_239984338_G_A_b38,rs79609137,ENSG00000130414.13,NDUFA10,4705,5.27138236551163e-16,-0.484573900699616,-41059
chr2,hsa05016,Huntington disease - Homo sapiens (human),Brain_Substantia_nigra,chr2_239984338_G_A_b38,rs79609137,ENSG00000130414.13,NDUFA10,4705,5.27138236551163e-16,-0.484573900699616,-41059
chr2,hsa00190,Oxidative phosphorylation - Homo sapiens (human),Brain_Substantia_nigra,chr2_239986947_A_AT_b38,rs34738063,ENSG00000130414.13,NDUFA10,4705,1.14285131909668e-18,0.398682206869125,-38450
chr2,hsa01100,Metabolic pathways - Homo sapiens (human),Brain_Substantia_nigra,chr2_239986947_A_AT_b38,rs34738063,ENSG00000130414.13,NDUFA10,4705,1.14285131909668e-18,0.398682206869125,-38450
chr2,hsa05010,Alzheimer disease - Homo sapiens (human),Brain_Substantia_nigra,chr2_239986947_A_AT_b38,rs34738063,ENSG00000130414.13,NDUFA10,4705,1.14285131909668e-18,0.398682206869125,-38450
chr2,hsa05012,Parkinson disease - Homo sapiens (human),Brain_Substantia_nigra,chr2_239986947_A_AT_b38,rs34738063,ENSG00000130414.13,NDUFA10,4705,1.14285131909668e-18,0.398682206869125,-38450
chr2,hsa05016,Huntington disease - Homo sapiens (human),Brain_Substantia_nigra,chr2_239986947_A_AT_b38,rs34738063,ENSG00000130414.13,NDUFA10,4705,1.14285131909668e-18,0.398682206869125,-38450
chr2,hsa00190,Oxidative phosphorylation - Homo sapiens (human),Brain_Substantia_nigra,chr2_239992909_G_A_b38,rs1465880,ENSG00000130414.13,NDUFA10,4705,1.14285131909668e-18,0.398682206869125,-32488
chr2,hsa01100,Metabolic pathways - Homo sapiens (human),Brain_Substantia_nigra,chr2_239992909_G_A_b38,rs1465880,ENSG00000130414.13,NDUFA10,4705,1.14285131909668e-18,0.398682206869125,-32488
chr2,hsa05010,Alzheimer disease - Homo sapiens (human),Brain_Substantia_nigra,chr2_239992909_G_A_b38,rs1465880,ENSG00000130414.13,NDUFA10,4705,1.14285131909668e-18,0.398682206869125,-32488
chr2,hsa05012,Parkinson disease - Homo sapiens (human),Brain_Substantia_nigra,chr2_239992909_G_A_b38,rs1465880,ENSG00000130414.13,NDUFA10,4705,1.14285131909668e-18,0.398682206869125,-32488
chr2,hsa05016,Huntington disease - Homo sapiens (human),Brain_Substantia_nigra,chr2_239992909_G_A_b38,rs1465880,ENSG00000130414.13,NDUFA10,4705,1.14285131909668e-18,0.398682206869125,-32488
chr2,hsa00190,Oxidative phosphorylation - Homo sapiens (human),Brain_Substantia_nigra,chr2_239993824_G_A_b38,rs4149548,ENSG00000130414.13,NDUFA10,4705,1.56457811534173e-11,0.3023521900177,-31573
chr2,hsa01100,Metabolic pathways - Homo sapiens (human),Brain_Substantia_nigra,chr2_239993824_G_A_b38,rs4149548,ENSG00000130414.13,NDUFA10,4705,1.56457811534173e-11,0.3023521900177,-31573
chr2,hsa05010,Alzheimer disease - Homo sapiens (human),Brain_Substantia_nigra,chr2_239993824_G_A_b38,rs4149548,ENSG00000130414.13,NDUFA10,4705,1.56457811534173e-11,0.3023521900177,-31573
chr2,hsa05012,Parkinson disease - Homo sapiens (human),Brain_Substantia_nigra,chr2_239993824_G_A_b38,rs4149548,ENSG00000130414.13,NDUFA10,4705,1.56457811534173e-11,0.3023521900177,-31573
chr2,hsa05016,Huntington disease - Homo sapiens (human),Brain_Substantia_nigra,chr2_239993824_G_A_b38,rs4149548,ENSG00000130414.13,NDUFA10,4705,1.56457811534173e-11,0.3023521900177,-31573
chr2,hsa00190,Oxidative phosphorylation - Homo sapiens (human),Brain_Substantia_nigra,chr2_239993891_C_T_b38,rs4149547,ENSG00000130414.13,NDUFA10,4705,1.14285131909668e-18,0.398682206869125,-31506
chr2,hsa01100,Metabolic pathways - Homo sapiens (human),Brain_Substantia_nigra,chr2_239993891_C_T_b38,rs4149547,ENSG00000130414.13,NDUFA10,4705,1.14285131909668e-18,0.398682206869125,-31506
chr2,hsa05010,Alzheimer disease - Homo sapiens (human),Brain_Substantia_nigra,chr2_239993891_C_T_b38,rs4149547,ENSG00000130414.13,NDUFA10,4705,1.14285131909668e-18,0.398682206869125,-31506
chr2,hsa05012,Parkinson disease - Homo sapiens (human),Brain_Substantia_nigra,chr2_239993891_C_T_b38,rs4149547,ENSG00000130414.13,NDUFA10,4705,1.14285131909668e-18,0.398682206869125,-31506
chr2,hsa05016,Huntington disease - Homo sapiens (human),Brain_Substantia_nigra,chr2_239993891_C_T_b38,rs4149547,ENSG00000130414.13,NDUFA10,4705,1.14285131909668e-18,0.398682206869125,-31506
chr2,hsa00190,Oxidative phosphorylation - Homo sapiens (human),Brain_Substantia_nigra,chr2_239996214_A_G_b38,rs55949038,ENSG00000130414.13,NDUFA10,4705,5.27138236551163e-16,-0.484573900699616,-29183
chr2,hsa01100,Metabolic pathways - Homo sapiens (human),Brain_Substantia_nigra,chr2_239996214_A_G_b38,rs55949038,ENSG00000130414.13,NDUFA10,4705,5.27138236551163e-16,-0.484573900699616,-29183
chr2,hsa05010,Alzheimer disease - Homo sapiens (human),Brain_Substantia_nigra,chr2_239996214_A_G_b38,rs55949038,ENSG00000130414.13,NDUFA10,4705,5.27138236551163e-16,-0.484573900699616,-29183
chr2,hsa05012,Parkinson disease - Homo sapiens (human),Brain_Substantia_nigra,chr2_239996214_A_G_b38,rs55949038,ENSG00000130414.13,NDUFA10,4705,5.27138236551163e-16,-0.484573900699616,-29183
chr2,hsa05016,Huntington disease - Homo sapiens (human),Brain_Substantia_nigra,chr2_239996214_A_G_b38,rs55949038,ENSG00000130414.13,NDUFA10,4705,5.27138236551163e-16,-0.484573900699616,-29183
chr2,hsa00190,Oxidative phosphorylation - Homo sapiens (human),Brain_Substantia_nigra,chr2_239998123_A_G_b38,rs73105386,ENSG00000130414.13,NDUFA10,4705,1.01204614338954e-11,-0.381451725959778,-27274
chr2,hsa01100,Metabolic pathways - Homo sapiens (human),Brain_Substantia_nigra,chr2_239998123_A_G_b38,rs73105386,ENSG00000130414.13,NDUFA10,4705,1.01204614338954e-11,-0.381451725959778,-27274
chr2,hsa05010,Alzheimer disease - Homo sapiens (human),Brain_Substantia_nigra,chr2_239998123_A_G_b38,rs73105386,ENSG00000130414.13,NDUFA10,4705,1.01204614338954e-11,-0.381451725959778,-27274
chr2,hsa05012,Parkinson disease - Homo sapiens (human),Brain_Substantia_nigra,chr2_239998123_A_G_b38,rs73105386,ENSG00000130414.13,NDUFA10,4705,1.01204614338954e-11,-0.381451725959778,-27274
chr2,hsa05016,Huntington disease - Homo sapiens (human),Brain_Substantia_nigra,chr2_239998123_A_G_b38,rs73105386,ENSG00000130414.13,NDUFA10,4705,1.01204614338954e-11,-0.381451725959778,-27274
chr2,hsa00190,Oxidative phosphorylation - Homo sapiens (human),Brain_Substantia_nigra,chr2_239998535_CT_C_b38,rs11316186,ENSG00000130414.13,NDUFA10,4705,1.56457811534173e-11,0.3023521900177,-26862
chr2,hsa01100,Metabolic pathways - Homo sapiens (human),Brain_Substantia_nigra,chr2_239998535_CT_C_b38,rs11316186,ENSG00000130414.13,NDUFA10,4705,1.56457811534173e-11,0.3023521900177,-26862
chr2,hsa05010,Alzheimer disease - Homo sapiens (human),Brain_Substantia_nigra,chr2_239998535_CT_C_b38,rs11316186,ENSG00000130414.13,NDUFA10,4705,1.56457811534173e-11,0.3023521900177,-26862
chr2,hsa05012,Parkinson disease - Homo sapiens (human),Brain_Substantia_nigra,chr2_239998535_CT_C_b38,rs11316186,ENSG00000130414.13,NDUFA10,4705,1.56457811534173e-11,0.3023521900177,-26862
chr2,hsa05016,Huntington disease - Homo sapiens (human),Brain_Substantia_nigra,chr2_239998535_CT_C_b38,rs11316186,ENSG00000130414.13,NDUFA10,4705,1.56457811534173e-11,0.3023521900177,-26862
chr2,hsa00190,Oxidative phosphorylation - Homo sapiens (human),Brain_Substantia_nigra,chr2_239999283_G_A_b38,rs73105391,ENSG00000130414.13,NDUFA10,4705,1.01204614338954e-11,-0.381451725959778,-26114
chr2,hsa01100,Metabolic pathways - Homo sapiens (human),Brain_Substantia_nigra,chr2_239999283_G_A_b38,rs73105391,ENSG00000130414.13,NDUFA10,4705,1.01204614338954e-11,-0.381451725959778,-26114
chr2,hsa05010,Alzheimer disease - Homo sapiens (human),Brain_Substantia_nigra,chr2_239999283_G_A_b38,rs73105391,ENSG00000130414.13,NDUFA10,4705,1.01204614338954e-11,-0.381451725959778,-26114
chr2,hsa05012,Parkinson disease - Homo sapiens (human),Brain_Substantia_nigra,chr2_239999283_G_A_b38,rs73105391,ENSG00000130414.13,NDUFA10,4705,1.01204614338954e-11,-0.381451725959778,-26114
chr2,hsa05016,Huntington disease - Homo sapiens (human),Brain_Substantia_nigra,chr2_239999283_G_A_b38,rs73105391,ENSG00000130414.13,NDUFA10,4705,1.01204614338954e-11,-0.381451725959778,-26114
chr2,hsa00190,Oxidative phosphorylation - Homo sapiens (human),Brain_Substantia_nigra,chr2_239999955_A_G_b38,rs7573361,ENSG00000130414.13,NDUFA10,4705,1.01204614338954e-11,-0.381451725959778,-25442
chr2,hsa01100,Metabolic pathways - Homo sapiens (human),Brain_Substantia_nigra,chr2_239999955_A_G_b38,rs7573361,ENSG00000130414.13,NDUFA10,4705,1.01204614338954e-11,-0.381451725959778,-25442
chr2,hsa05010,Alzheimer disease - Homo sapiens (human),Brain_Substantia_nigra,chr2_239999955_A_G_b38,rs7573361,ENSG00000130414.13,NDUFA10,4705,1.01204614338954e-11,-0.381451725959778,-25442
chr2,hsa05012,Parkinson disease - Homo sapiens (human),Brain_Substantia_nigra,chr2_239999955_A_G_b38,rs7573361,ENSG00000130414.13,NDUFA10,4705,1.01204614338954e-11,-0.381451725959778,-25442
chr2,hsa05016,Huntington disease - Homo sapiens (human),Brain_Substantia_nigra,chr2_239999955_A_G_b38,rs7573361,ENSG00000130414.13,NDUFA10,4705,1.01204614338954e-11,-0.381451725959778,-25442
chr2,hsa00190,Oxidative phosphorylation - Homo sapiens (human),Brain_Substantia_nigra,chr2_240001201_A_G_b38,rs10193610,ENSG00000130414.13,NDUFA10,4705,1.14285131909668e-18,0.398682206869125,-24196
chr2,hsa01100,Metabolic pathways - Homo sapiens (human),Brain_Substantia_nigra,chr2_240001201_A_G_b38,rs10193610,ENSG00000130414.13,NDUFA10,4705,1.14285131909668e-18,0.398682206869125,-24196
chr2,hsa05010,Alzheimer disease - Homo sapiens (human),Brain_Substantia_nigra,chr2_240001201_A_G_b38,rs10193610,ENSG00000130414.13,NDUFA10,4705,1.14285131909668e-18,0.398682206869125,-24196
chr2,hsa05012,Parkinson disease - Homo sapiens (human),Brain_Substantia_nigra,chr2_240001201_A_G_b38,rs10193610,ENSG00000130414.13,NDUFA10,4705,1.14285131909668e-18,0.398682206869125,-24196
chr2,hsa05016,Huntington disease - Homo sapiens (human),Brain_Substantia_nigra,chr2_240001201_A_G_b38,rs10193610,ENSG00000130414.13,NDUFA10,4705,1.14285131909668e-18,0.398682206869125,-24196
chr2,hsa00190,Oxidative phosphorylation - Homo sapiens (human),Brain_Substantia_nigra,chr2_240001444_T_C_b38,rs74002078,ENSG00000130414.13,NDUFA10,4705,5.27138236551163e-16,-0.484573900699616,-23953
chr2,hsa01100,Metabolic pathways - Homo sapiens (human),Brain_Substantia_nigra,chr2_240001444_T_C_b38,rs74002078,ENSG00000130414.13,NDUFA10,4705,5.27138236551163e-16,-0.484573900699616,-23953
chr2,hsa05010,Alzheimer disease - Homo sapiens (human),Brain_Substantia_nigra,chr2_240001444_T_C_b38,rs74002078,ENSG00000130414.13,NDUFA10,4705,5.27138236551163e-16,-0.484573900699616,-23953
chr2,hsa05012,Parkinson disease - Homo sapiens (human),Brain_Substantia_nigra,chr2_240001444_T_C_b38,rs74002078,ENSG00000130414.13,NDUFA10,4705,5.27138236551163e-16,-0.484573900699616,-23953
chr2,hsa05016,Huntington disease - Homo sapiens (human),Brain_Substantia_nigra,chr2_240001444_T_C_b38,rs74002078,ENSG00000130414.13,NDUFA10,4705,5.27138236551163e-16,-0.484573900699616,-23953
chr2,hsa00190,Oxidative phosphorylation - Homo sapiens (human),Brain_Substantia_nigra,chr2_240002286_C_A_b38,rs7609118,ENSG00000130414.13,NDUFA10,4705,2.4433768421338e-10,-0.30079597234726,-23111
chr2,hsa01100,Metabolic pathways - Homo sapiens (human),Brain_Substantia_nigra,chr2_240002286_C_A_b38,rs7609118,ENSG00000130414.13,NDUFA10,4705,2.4433768421338e-10,-0.30079597234726,-23111
chr2,hsa05010,Alzheimer disease - Homo sapiens (human),Brain_Substantia_nigra,chr2_240002286_C_A_b38,rs7609118,ENSG00000130414.13,NDUFA10,4705,2.4433768421338e-10,-0.30079597234726,-23111
chr2,hsa05012,Parkinson disease - Homo sapiens (human),Brain_Substantia_nigra,chr2_240002286_C_A_b38,rs7609118,ENSG00000130414.13,NDUFA10,4705,2.4433768421338e-10,-0.30079597234726,-23111
chr2,hsa05016,Huntington disease - Homo sapiens (human),Brain_Substantia_nigra,chr2_240002286_C_A_b38,rs7609118,ENSG00000130414.13,NDUFA10,4705,2.4433768421338e-10,-0.30079597234726,-23111
chr2,hsa00190,Oxidative phosphorylation - Homo sapiens (human),Brain_Substantia_nigra,chr2_240002925_T_C_b38,rs7568089,ENSG00000130414.13,NDUFA10,4705,5.27138236551163e-16,-0.484573900699616,-22472
chr2,hsa01100,Metabolic pathways - Homo sapiens (human),Brain_Substantia_nigra,chr2_240002925_T_C_b38,rs7568089,ENSG00000130414.13,NDUFA10,4705,5.27138236551163e-16,-0.484573900699616,-22472
chr2,hsa05010,Alzheimer disease - Homo sapiens (human),Brain_Substantia_nigra,chr2_240002925_T_C_b38,rs7568089,ENSG00000130414.13,NDUFA10,4705,5.27138236551163e-16,-0.484573900699616,-22472
chr2,hsa05012,Parkinson disease - Homo sapiens (human),Brain_Substantia_nigra,chr2_240002925_T_C_b38,rs7568089,ENSG00000130414.13,NDUFA10,4705,5.27138236551163e-16,-0.484573900699616,-22472
chr2,hsa05016,Huntington disease - Homo sapiens (human),Brain_Substantia_nigra,chr2_240002925_T_C_b38,rs7568089,ENSG00000130414.13,NDUFA10,4705,5.27138236551163e-16,-0.484573900699616,-22472
chr2,hsa00190,Oxidative phosphorylation - Homo sapiens (human),Brain_Substantia_nigra,chr2_240003401_G_T_b38,rs4149545,ENSG00000130414.13,NDUFA10,4705,1.14285131909668e-18,0.398682206869125,-21996
chr2,hsa01100,Metabolic pathways - Homo sapiens (human),Brain_Substantia_nigra,chr2_240003401_G_T_b38,rs4149545,ENSG00000130414.13,NDUFA10,4705,1.14285131909668e-18,0.398682206869125,-21996
chr2,hsa05010,Alzheimer disease - Homo sapiens (human),Brain_Substantia_nigra,chr2_240003401_G_T_b38,rs4149545,ENSG00000130414.13,NDUFA10,4705,1.14285131909668e-18,0.398682206869125,-21996
chr2,hsa05012,Parkinson disease - Homo sapiens (human),Brain_Substantia_nigra,chr2_240003401_G_T_b38,rs4149545,ENSG00000130414.13,NDUFA10,4705,1.14285131909668e-18,0.398682206869125,-21996
chr2,hsa05016,Huntington disease - Homo sapiens (human),Brain_Substantia_nigra,chr2_240003401_G_T_b38,rs4149545,ENSG00000130414.13,NDUFA10,4705,1.14285131909668e-18,0.398682206869125,-21996
chr2,hsa00190,Oxidative phosphorylation - Homo sapiens (human),Brain_Substantia_nigra,chr2_240003419_A_G_b38,rs6714239,ENSG00000130414.13,NDUFA10,4705,5.27138236551163e-16,-0.484573900699616,-21978
chr2,hsa01100,Metabolic pathways - Homo sapiens (human),Brain_Substantia_nigra,chr2_240003419_A_G_b38,rs6714239,ENSG00000130414.13,NDUFA10,4705,5.27138236551163e-16,-0.484573900699616,-21978
chr2,hsa05010,Alzheimer disease - Homo sapiens (human),Brain_Substantia_nigra,chr2_240003419_A_G_b38,rs6714239,ENSG00000130414.13,NDUFA10,4705,5.27138236551163e-16,-0.484573900699616,-21978
chr2,hsa05012,Parkinson disease - Homo sapiens (human),Brain_Substantia_nigra,chr2_240003419_A_G_b38,rs6714239,ENSG00000130414.13,NDUFA10,4705,5.27138236551163e-16,-0.484573900699616,-21978
chr2,hsa05016,Huntington disease - Homo sapiens (human),Brain_Substantia_nigra,chr2_240003419_A_G_b38,rs6714239,ENSG00000130414.13,NDUFA10,4705,5.27138236551163e-16,-0.484573900699616,-21978
chr2,hsa00190,Oxidative phosphorylation - Homo sapiens (human),Brain_Substantia_nigra,chr2_240003745_G_A_b38,rs4149544,ENSG00000130414.13,NDUFA10,4705,3.06022460725502e-20,0.411133855581284,-21652
chr2,hsa01100,Metabolic pathways - Homo sapiens (human),Brain_Substantia_nigra,chr2_240003745_G_A_b38,rs4149544,ENSG00000130414.13,NDUFA10,4705,3.06022460725502e-20,0.411133855581284,-21652
chr2,hsa05010,Alzheimer disease - Homo sapiens (human),Brain_Substantia_nigra,chr2_240003745_G_A_b38,rs4149544,ENSG00000130414.13,NDUFA10,4705,3.06022460725502e-20,0.411133855581284,-21652
chr2,hsa05012,Parkinson disease - Homo sapiens (human),Brain_Substantia_nigra,chr2_240003745_G_A_b38,rs4149544,ENSG00000130414.13,NDUFA10,4705,3.06022460725502e-20,0.411133855581284,-21652
chr2,hsa05016,Huntington disease - Homo sapiens (human),Brain_Substantia_nigra,chr2_240003745_G_A_b38,rs4149544,ENSG00000130414.13,NDUFA10,4705,3.06022460725502e-20,0.411133855581284,-21652
chr2,hsa00190,Oxidative phosphorylation - Homo sapiens (human),Brain_Substantia_nigra,chr2_240005017_T_C_b38,rs1030963,ENSG00000130414.13,NDUFA10,4705,1.29533875187992e-15,-0.473010897636414,-20380
chr2,hsa01100,Metabolic pathways - Homo sapiens (human),Brain_Substantia_nigra,chr2_240005017_T_C_b38,rs1030963,ENSG00000130414.13,NDUFA10,4705,1.29533875187992e-15,-0.473010897636414,-20380
chr2,hsa05010,Alzheimer disease - Homo sapiens (human),Brain_Substantia_nigra,chr2_240005017_T_C_b38,rs1030963,ENSG00000130414.13,NDUFA10,4705,1.29533875187992e-15,-0.473010897636414,-20380
chr2,hsa05012,Parkinson disease - Homo sapiens (human),Brain_Substantia_nigra,chr2_240005017_T_C_b38,rs1030963,ENSG00000130414.13,NDUFA10,4705,1.29533875187992e-15,-0.473010897636414,-20380
chr2,hsa05016,Huntington disease - Homo sapiens (human),Brain_Substantia_nigra,chr2_240005017_T_C_b38,rs1030963,ENSG00000130414.13,NDUFA10,4705,1.29533875187992e-15,-0.473010897636414,-20380
chr2,hsa00190,Oxidative phosphorylation - Homo sapiens (human),Brain_Substantia_nigra,chr2_240005715_G_GT_b38,rs3838575,ENSG00000130414.13,NDUFA10,4705,3.06022460725502e-20,0.411133855581284,-19682
chr2,hsa01100,Metabolic pathways - Homo sapiens (human),Brain_Substantia_nigra,chr2_240005715_G_GT_b38,rs3838575,ENSG00000130414.13,NDUFA10,4705,3.06022460725502e-20,0.411133855581284,-19682
chr2,hsa05010,Alzheimer disease - Homo sapiens (human),Brain_Substantia_nigra,chr2_240005715_G_GT_b38,rs3838575,ENSG00000130414.13,NDUFA10,4705,3.06022460725502e-20,0.411133855581284,-19682
chr2,hsa05012,Parkinson disease - Homo sapiens (human),Brain_Substantia_nigra,chr2_240005715_G_GT_b38,rs3838575,ENSG00000130414.13,NDUFA10,4705,3.06022460725502e-20,0.411133855581284,-19682
chr2,hsa05016,Huntington disease - Homo sapiens (human),Brain_Substantia_nigra,chr2_240005715_G_GT_b38,rs3838575,ENSG00000130414.13,NDUFA10,4705,3.06022460725502e-20,0.411133855581284,-19682
chr2,hsa00190,Oxidative phosphorylation - Homo sapiens (human),Brain_Substantia_nigra,chr2_240006698_G_A_b38,rs4368365,ENSG00000130414.13,NDUFA10,4705,5.74094636832589e-14,-0.427978128194809,-18699
chr2,hsa01100,Metabolic pathways - Homo sapiens (human),Brain_Substantia_nigra,chr2_240006698_G_A_b38,rs4368365,ENSG00000130414.13,NDUFA10,4705,5.74094636832589e-14,-0.427978128194809,-18699
chr2,hsa05010,Alzheimer disease - Homo sapiens (human),Brain_Substantia_nigra,chr2_240006698_G_A_b38,rs4368365,ENSG00000130414.13,NDUFA10,4705,5.74094636832589e-14,-0.427978128194809,-18699
chr2,hsa05012,Parkinson disease - Homo sapiens (human),Brain_Substantia_nigra,chr2_240006698_G_A_b38,rs4368365,ENSG00000130414.13,NDUFA10,4705,5.74094636832589e-14,-0.427978128194809,-18699
chr2,hsa05016,Huntington disease - Homo sapiens (human),Brain_Substantia_nigra,chr2_240006698_G_A_b38,rs4368365,ENSG00000130414.13,NDUFA10,4705,5.74094636832589e-14,-0.427978128194809,-18699
chr2,hsa00190,Oxidative phosphorylation - Homo sapiens (human),Brain_Substantia_nigra,chr2_240007142_G_A_b38,rs6713039,ENSG00000130414.13,NDUFA10,4705,5.74098853237776e-14,-0.427978098392487,-18255
chr2,hsa01100,Metabolic pathways - Homo sapiens (human),Brain_Substantia_nigra,chr2_240007142_G_A_b38,rs6713039,ENSG00000130414.13,NDUFA10,4705,5.74098853237776e-14,-0.427978098392487,-18255
chr2,hsa05010,Alzheimer disease - Homo sapiens (human),Brain_Substantia_nigra,chr2_240007142_G_A_b38,rs6713039,ENSG00000130414.13,NDUFA10,4705,5.74098853237776e-14,-0.427978098392487,-18255
chr2,hsa05012,Parkinson disease - Homo sapiens (human),Brain_Substantia_nigra,chr2_240007142_G_A_b38,rs6713039,ENSG00000130414.13,NDUFA10,4705,5.74098853237776e-14,-0.427978098392487,-18255
chr2,hsa05016,Huntington disease - Homo sapiens (human),Brain_Substantia_nigra,chr2_240007142_G_A_b38,rs6713039,ENSG00000130414.13,NDUFA10,4705,5.74098853237776e-14,-0.427978098392487,-18255
chr2,hsa00190,Oxidative phosphorylation - Homo sapiens (human),Brain_Substantia_nigra,chr2_240007349_T_C_b38,rs13848,ENSG00000130414.13,NDUFA10,4705,1.08747136585434e-12,0.318291544914246,-18048
chr2,hsa01100,Metabolic pathways - Homo sapiens (human),Brain_Substantia_nigra,chr2_240007349_T_C_b38,rs13848,ENSG00000130414.13,NDUFA10,4705,1.08747136585434e-12,0.318291544914246,-18048
chr2,hsa05010,Alzheimer disease - Homo sapiens (human),Brain_Substantia_nigra,chr2_240007349_T_C_b38,rs13848,ENSG00000130414.13,NDUFA10,4705,1.08747136585434e-12,0.318291544914246,-18048
chr2,hsa05012,Parkinson disease - Homo sapiens (human),Brain_Substantia_nigra,chr2_240007349_T_C_b38,rs13848,ENSG00000130414.13,NDUFA10,4705,1.08747136585434e-12,0.318291544914246,-18048
chr2,hsa05016,Huntington disease - Homo sapiens (human),Brain_Substantia_nigra,chr2_240007349_T_C_b38,rs13848,ENSG00000130414.13,NDUFA10,4705,1.08747136585434e-12,0.318291544914246,-18048
chr2,hsa00190,Oxidative phosphorylation - Homo sapiens (human),Brain_Substantia_nigra,chr2_240007649_G_A_b38,rs3792089,ENSG00000130414.13,NDUFA10,4705,5.27138236551163e-16,-0.484573900699616,-17748
chr2,hsa01100,Metabolic pathways - Homo sapiens (human),Brain_Substantia_nigra,chr2_240007649_G_A_b38,rs3792089,ENSG00000130414.13,NDUFA10,4705,5.27138236551163e-16,-0.484573900699616,-17748
chr2,hsa05010,Alzheimer disease - Homo sapiens (human),Brain_Substantia_nigra,chr2_240007649_G_A_b38,rs3792089,ENSG00000130414.13,NDUFA10,4705,5.27138236551163e-16,-0.484573900699616,-17748
chr2,hsa05012,Parkinson disease - Homo sapiens (human),Brain_Substantia_nigra,chr2_240007649_G_A_b38,rs3792089,ENSG00000130414.13,NDUFA10,4705,5.27138236551163e-16,-0.484573900699616,-17748
chr2,hsa05016,Huntington disease - Homo sapiens (human),Brain_Substantia_nigra,chr2_240007649_G_A_b38,rs3792089,ENSG00000130414.13,NDUFA10,4705,5.27138236551163e-16,-0.484573900699616,-17748
chr2,hsa00190,Oxidative phosphorylation - Homo sapiens (human),Brain_Substantia_nigra,chr2_240008647_T_C_b38,rs3792087,ENSG00000130414.13,NDUFA10,4705,5.74098853237776e-14,-0.427978098392487,-16750
chr2,hsa01100,Metabolic pathways - Homo sapiens (human),Brain_Substantia_nigra,chr2_240008647_T_C_b38,rs3792087,ENSG00000130414.13,NDUFA10,4705,5.74098853237776e-14,-0.427978098392487,-16750
chr2,hsa05010,Alzheimer disease - Homo sapiens (human),Brain_Substantia_nigra,chr2_240008647_T_C_b38,rs3792087,ENSG00000130414.13,NDUFA10,4705,5.74098853237776e-14,-0.427978098392487,-16750
chr2,hsa05012,Parkinson disease - Homo sapiens (human),Brain_Substantia_nigra,chr2_240008647_T_C_b38,rs3792087,ENSG00000130414.13,NDUFA10,4705,5.74098853237776e-14,-0.427978098392487,-16750
chr2,hsa05016,Huntington disease - Homo sapiens (human),Brain_Substantia_nigra,chr2_240008647_T_C_b38,rs3792087,ENSG00000130414.13,NDUFA10,4705,5.74098853237776e-14,-0.427978098392487,-16750
chr2,hsa00190,Oxidative phosphorylation - Homo sapiens (human),Brain_Substantia_nigra,chr2_240011011_C_T_b38,rs6437237,ENSG00000130414.13,NDUFA10,4705,3.15759384790363e-14,0.315098404884338,-14386
chr2,hsa01100,Metabolic pathways - Homo sapiens (human),Brain_Substantia_nigra,chr2_240011011_C_T_b38,rs6437237,ENSG00000130414.13,NDUFA10,4705,3.15759384790363e-14,0.315098404884338,-14386
chr2,hsa05010,Alzheimer disease - Homo sapiens (human),Brain_Substantia_nigra,chr2_240011011_C_T_b38,rs6437237,ENSG00000130414.13,NDUFA10,4705,3.15759384790363e-14,0.315098404884338,-14386
chr2,hsa05012,Parkinson disease - Homo sapiens (human),Brain_Substantia_nigra,chr2_240011011_C_T_b38,rs6437237,ENSG00000130414.13,NDUFA10,4705,3.15759384790363e-14,0.315098404884338,-14386
chr2,hsa05016,Huntington disease - Homo sapiens (human),Brain_Substantia_nigra,chr2_240011011_C_T_b38,rs6437237,ENSG00000130414.13,NDUFA10,4705,3.15759384790363e-14,0.315098404884338,-14386
chr2,hsa00190,Oxidative phosphorylation - Homo sapiens (human),Brain_Substantia_nigra,chr2_240012186_C_T_b38,rs12478169,ENSG00000130414.13,NDUFA10,4705,1.14285131909668e-18,0.398682206869125,-13211
chr2,hsa01100,Metabolic pathways - Homo sapiens (human),Brain_Substantia_nigra,chr2_240012186_C_T_b38,rs12478169,ENSG00000130414.13,NDUFA10,4705,1.14285131909668e-18,0.398682206869125,-13211
chr2,hsa05010,Alzheimer disease - Homo sapiens (human),Brain_Substantia_nigra,chr2_240012186_C_T_b38,rs12478169,ENSG00000130414.13,NDUFA10,4705,1.14285131909668e-18,0.398682206869125,-13211
chr2,hsa05012,Parkinson disease - Homo sapiens (human),Brain_Substantia_nigra,chr2_240012186_C_T_b38,rs12478169,ENSG00000130414.13,NDUFA10,4705,1.14285131909668e-18,0.398682206869125,-13211
chr2,hsa05016,Huntington disease - Homo sapiens (human),Brain_Substantia_nigra,chr2_240012186_C_T_b38,rs12478169,ENSG00000130414.13,NDUFA10,4705,1.14285131909668e-18,0.398682206869125,-13211
chr2,hsa00190,Oxidative phosphorylation - Homo sapiens (human),Brain_Substantia_nigra,chr2_240012585_C_T_b38,rs34789127,ENSG00000130414.13,NDUFA10,4705,1.14285131909668e-18,0.398682206869125,-12812
chr2,hsa01100,Metabolic pathways - Homo sapiens (human),Brain_Substantia_nigra,chr2_240012585_C_T_b38,rs34789127,ENSG00000130414.13,NDUFA10,4705,1.14285131909668e-18,0.398682206869125,-12812
chr2,hsa05010,Alzheimer disease - Homo sapiens (human),Brain_Substantia_nigra,chr2_240012585_C_T_b38,rs34789127,ENSG00000130414.13,NDUFA10,4705,1.14285131909668e-18,0.398682206869125,-12812
chr2,hsa05012,Parkinson disease - Homo sapiens (human),Brain_Substantia_nigra,chr2_240012585_C_T_b38,rs34789127,ENSG00000130414.13,NDUFA10,4705,1.14285131909668e-18,0.398682206869125,-12812
chr2,hsa05016,Huntington disease - Homo sapiens (human),Brain_Substantia_nigra,chr2_240012585_C_T_b38,rs34789127,ENSG00000130414.13,NDUFA10,4705,1.14285131909668e-18,0.398682206869125,-12812
chr2,hsa00190,Oxidative phosphorylation - Homo sapiens (human),Brain_Substantia_nigra,chr2_240013957_G_A_b38,rs2278592,ENSG00000130414.13,NDUFA10,4705,1.14285131909668e-18,0.398682206869125,-11440
chr2,hsa01100,Metabolic pathways - Homo sapiens (human),Brain_Substantia_nigra,chr2_240013957_G_A_b38,rs2278592,ENSG00000130414.13,NDUFA10,4705,1.14285131909668e-18,0.398682206869125,-11440
chr2,hsa05010,Alzheimer disease - Homo sapiens (human),Brain_Substantia_nigra,chr2_240013957_G_A_b38,rs2278592,ENSG00000130414.13,NDUFA10,4705,1.14285131909668e-18,0.398682206869125,-11440
chr2,hsa05012,Parkinson disease - Homo sapiens (human),Brain_Substantia_nigra,chr2_240013957_G_A_b38,rs2278592,ENSG00000130414.13,NDUFA10,4705,1.14285131909668e-18,0.398682206869125,-11440
chr2,hsa05016,Huntington disease - Homo sapiens (human),Brain_Substantia_nigra,chr2_240013957_G_A_b38,rs2278592,ENSG00000130414.13,NDUFA10,4705,1.14285131909668e-18,0.398682206869125,-11440
chr2,hsa00190,Oxidative phosphorylation - Homo sapiens (human),Brain_Substantia_nigra,chr2_240014662_G_A_b38,rs11693245,ENSG00000130414.13,NDUFA10,4705,5.27138236551163e-16,-0.484573900699616,-10735
chr2,hsa01100,Metabolic pathways - Homo sapiens (human),Brain_Substantia_nigra,chr2_240014662_G_A_b38,rs11693245,ENSG00000130414.13,NDUFA10,4705,5.27138236551163e-16,-0.484573900699616,-10735
chr2,hsa05010,Alzheimer disease - Homo sapiens (human),Brain_Substantia_nigra,chr2_240014662_G_A_b38,rs11693245,ENSG00000130414.13,NDUFA10,4705,5.27138236551163e-16,-0.484573900699616,-10735
chr2,hsa05012,Parkinson disease - Homo sapiens (human),Brain_Substantia_nigra,chr2_240014662_G_A_b38,rs11693245,ENSG00000130414.13,NDUFA10,4705,5.27138236551163e-16,-0.484573900699616,-10735
chr2,hsa05016,Huntington disease - Homo sapiens (human),Brain_Substantia_nigra,chr2_240014662_G_A_b38,rs11693245,ENSG00000130414.13,NDUFA10,4705,5.27138236551163e-16,-0.484573900699616,-10735
chr2,hsa00190,Oxidative phosphorylation - Homo sapiens (human),Brain_Substantia_nigra,chr2_240014693_A_G_b38,rs2289407,ENSG00000130414.13,NDUFA10,4705,3.06022460725502e-20,0.411133855581284,-10704
chr2,hsa01100,Metabolic pathways - Homo sapiens (human),Brain_Substantia_nigra,chr2_240014693_A_G_b38,rs2289407,ENSG00000130414.13,NDUFA10,4705,3.06022460725502e-20,0.411133855581284,-10704
chr2,hsa05010,Alzheimer disease - Homo sapiens (human),Brain_Substantia_nigra,chr2_240014693_A_G_b38,rs2289407,ENSG00000130414.13,NDUFA10,4705,3.06022460725502e-20,0.411133855581284,-10704
chr2,hsa05012,Parkinson disease - Homo sapiens (human),Brain_Substantia_nigra,chr2_240014693_A_G_b38,rs2289407,ENSG00000130414.13,NDUFA10,4705,3.06022460725502e-20,0.411133855581284,-10704
chr2,hsa05016,Huntington disease - Homo sapiens (human),Brain_Substantia_nigra,chr2_240014693_A_G_b38,rs2289407,ENSG00000130414.13,NDUFA10,4705,3.06022460725502e-20,0.411133855581284,-10704
chr2,hsa00190,Oxidative phosphorylation - Homo sapiens (human),Brain_Substantia_nigra,chr2_240015204_A_G_b38,rs61543991,ENSG00000130414.13,NDUFA10,4705,5.58742778348213e-13,-0.422374457120895,-10193
chr2,hsa01100,Metabolic pathways - Homo sapiens (human),Brain_Substantia_nigra,chr2_240015204_A_G_b38,rs61543991,ENSG00000130414.13,NDUFA10,4705,5.58742778348213e-13,-0.422374457120895,-10193
chr2,hsa05010,Alzheimer disease - Homo sapiens (human),Brain_Substantia_nigra,chr2_240015204_A_G_b38,rs61543991,ENSG00000130414.13,NDUFA10,4705,5.58742778348213e-13,-0.422374457120895,-10193
chr2,hsa05012,Parkinson disease - Homo sapiens (human),Brain_Substantia_nigra,chr2_240015204_A_G_b38,rs61543991,ENSG00000130414.13,NDUFA10,4705,5.58742778348213e-13,-0.422374457120895,-10193
chr2,hsa05016,Huntington disease - Homo sapiens (human),Brain_Substantia_nigra,chr2_240015204_A_G_b38,rs61543991,ENSG00000130414.13,NDUFA10,4705,5.58742778348213e-13,-0.422374457120895,-10193
chr2,hsa00190,Oxidative phosphorylation - Homo sapiens (human),Brain_Substantia_nigra,chr2_240015555_C_A_b38,rs6735806,ENSG00000130414.13,NDUFA10,4705,1.16506615980782e-13,-0.345583349466324,-9842
chr2,hsa01100,Metabolic pathways - Homo sapiens (human),Brain_Substantia_nigra,chr2_240015555_C_A_b38,rs6735806,ENSG00000130414.13,NDUFA10,4705,1.16506615980782e-13,-0.345583349466324,-9842
chr2,hsa05010,Alzheimer disease - Homo sapiens (human),Brain_Substantia_nigra,chr2_240015555_C_A_b38,rs6735806,ENSG00000130414.13,NDUFA10,4705,1.16506615980782e-13,-0.345583349466324,-9842
chr2,hsa05012,Parkinson disease - Homo sapiens (human),Brain_Substantia_nigra,chr2_240015555_C_A_b38,rs6735806,ENSG00000130414.13,NDUFA10,4705,1.16506615980782e-13,-0.345583349466324,-9842
chr2,hsa05016,Huntington disease - Homo sapiens (human),Brain_Substantia_nigra,chr2_240015555_C_A_b38,rs6735806,ENSG00000130414.13,NDUFA10,4705,1.16506615980782e-13,-0.345583349466324,-9842
chr2,hsa00190,Oxidative phosphorylation - Homo sapiens (human),Brain_Substantia_nigra,chr2_240017565_G_A_b38,rs6732752,ENSG00000130414.13,NDUFA10,4705,5.27138236551163e-16,-0.484573900699616,-7832
chr2,hsa01100,Metabolic pathways - Homo sapiens (human),Brain_Substantia_nigra,chr2_240017565_G_A_b38,rs6732752,ENSG00000130414.13,NDUFA10,4705,5.27138236551163e-16,-0.484573900699616,-7832
chr2,hsa05010,Alzheimer disease - Homo sapiens (human),Brain_Substantia_nigra,chr2_240017565_G_A_b38,rs6732752,ENSG00000130414.13,NDUFA10,4705,5.27138236551163e-16,-0.484573900699616,-7832
chr2,hsa05012,Parkinson disease - Homo sapiens (human),Brain_Substantia_nigra,chr2_240017565_G_A_b38,rs6732752,ENSG00000130414.13,NDUFA10,4705,5.27138236551163e-16,-0.484573900699616,-7832
chr2,hsa05016,Huntington disease - Homo sapiens (human),Brain_Substantia_nigra,chr2_240017565_G_A_b38,rs6732752,ENSG00000130414.13,NDUFA10,4705,5.27138236551163e-16,-0.484573900699616,-7832
chr2,hsa00190,Oxidative phosphorylation - Homo sapiens (human),Brain_Substantia_nigra,chr2_240017826_C_T_b38,rs6746937,ENSG00000130414.13,NDUFA10,4705,5.27138236551163e-16,-0.484573900699616,-7571
chr2,hsa01100,Metabolic pathways - Homo sapiens (human),Brain_Substantia_nigra,chr2_240017826_C_T_b38,rs6746937,ENSG00000130414.13,NDUFA10,4705,5.27138236551163e-16,-0.484573900699616,-7571
chr2,hsa05010,Alzheimer disease - Homo sapiens (human),Brain_Substantia_nigra,chr2_240017826_C_T_b38,rs6746937,ENSG00000130414.13,NDUFA10,4705,5.27138236551163e-16,-0.484573900699616,-7571
chr2,hsa05012,Parkinson disease - Homo sapiens (human),Brain_Substantia_nigra,chr2_240017826_C_T_b38,rs6746937,ENSG00000130414.13,NDUFA10,4705,5.27138236551163e-16,-0.484573900699616,-7571
chr2,hsa05016,Huntington disease - Homo sapiens (human),Brain_Substantia_nigra,chr2_240017826_C_T_b38,rs6746937,ENSG00000130414.13,NDUFA10,4705,5.27138236551163e-16,-0.484573900699616,-7571
chr2,hsa00190,Oxidative phosphorylation - Homo sapiens (human),Brain_Substantia_nigra,chr2_240018317_G_A_b38,rs4149541,ENSG00000130414.13,NDUFA10,4705,1.14285131909668e-18,0.398682206869125,-7080
chr2,hsa01100,Metabolic pathways - Homo sapiens (human),Brain_Substantia_nigra,chr2_240018317_G_A_b38,rs4149541,ENSG00000130414.13,NDUFA10,4705,1.14285131909668e-18,0.398682206869125,-7080
chr2,hsa05010,Alzheimer disease - Homo sapiens (human),Brain_Substantia_nigra,chr2_240018317_G_A_b38,rs4149541,ENSG00000130414.13,NDUFA10,4705,1.14285131909668e-18,0.398682206869125,-7080
chr2,hsa05012,Parkinson disease - Homo sapiens (human),Brain_Substantia_nigra,chr2_240018317_G_A_b38,rs4149541,ENSG00000130414.13,NDUFA10,4705,1.14285131909668e-18,0.398682206869125,-7080
chr2,hsa05016,Huntington disease - Homo sapiens (human),Brain_Substantia_nigra,chr2_240018317_G_A_b38,rs4149541,ENSG00000130414.13,NDUFA10,4705,1.14285131909668e-18,0.398682206869125,-7080
chr2,hsa00190,Oxidative phosphorylation - Homo sapiens (human),Brain_Substantia_nigra,chr2_240018384_G_A_b38,rs10804402,ENSG00000130414.13,NDUFA10,4705,5.74098853237776e-14,-0.427978098392487,-7013
chr2,hsa01100,Metabolic pathways - Homo sapiens (human),Brain_Substantia_nigra,chr2_240018384_G_A_b38,rs10804402,ENSG00000130414.13,NDUFA10,4705,5.74098853237776e-14,-0.427978098392487,-7013
chr2,hsa05010,Alzheimer disease - Homo sapiens (human),Brain_Substantia_nigra,chr2_240018384_G_A_b38,rs10804402,ENSG00000130414.13,NDUFA10,4705,5.74098853237776e-14,-0.427978098392487,-7013
chr2,hsa05012,Parkinson disease - Homo sapiens (human),Brain_Substantia_nigra,chr2_240018384_G_A_b38,rs10804402,ENSG00000130414.13,NDUFA10,4705,5.74098853237776e-14,-0.427978098392487,-7013
chr2,hsa05016,Huntington disease - Homo sapiens (human),Brain_Substantia_nigra,chr2_240018384_G_A_b38,rs10804402,ENSG00000130414.13,NDUFA10,4705,5.74098853237776e-14,-0.427978098392487,-7013
chr2,hsa00190,Oxidative phosphorylation - Homo sapiens (human),Brain_Substantia_nigra,chr2_240022777_C_A_b38,rs11679609,ENSG00000130414.13,NDUFA10,4705,2.4433768421338e-10,-0.30079597234726,-2620
chr2,hsa01100,Metabolic pathways - Homo sapiens (human),Brain_Substantia_nigra,chr2_240022777_C_A_b38,rs11679609,ENSG00000130414.13,NDUFA10,4705,2.4433768421338e-10,-0.30079597234726,-2620
chr2,hsa05010,Alzheimer disease - Homo sapiens (human),Brain_Substantia_nigra,chr2_240022777_C_A_b38,rs11679609,ENSG00000130414.13,NDUFA10,4705,2.4433768421338e-10,-0.30079597234726,-2620
chr2,hsa05012,Parkinson disease - Homo sapiens (human),Brain_Substantia_nigra,chr2_240022777_C_A_b38,rs11679609,ENSG00000130414.13,NDUFA10,4705,2.4433768421338e-10,-0.30079597234726,-2620
chr2,hsa05016,Huntington disease - Homo sapiens (human),Brain_Substantia_nigra,chr2_240022777_C_A_b38,rs11679609,ENSG00000130414.13,NDUFA10,4705,2.4433768421338e-10,-0.30079597234726,-2620
chr2,hsa00190,Oxidative phosphorylation - Homo sapiens (human),Brain_Substantia_nigra,chr2_240024239_T_C_b38,rs74002093,ENSG00000130414.13,NDUFA10,4705,5.27138236551163e-16,-0.484573900699616,-1158
chr2,hsa01100,Metabolic pathways - Homo sapiens (human),Brain_Substantia_nigra,chr2_240024239_T_C_b38,rs74002093,ENSG00000130414.13,NDUFA10,4705,5.27138236551163e-16,-0.484573900699616,-1158
chr2,hsa05010,Alzheimer disease - Homo sapiens (human),Brain_Substantia_nigra,chr2_240024239_T_C_b38,rs74002093,ENSG00000130414.13,NDUFA10,4705,5.27138236551163e-16,-0.484573900699616,-1158
chr2,hsa05012,Parkinson disease - Homo sapiens (human),Brain_Substantia_nigra,chr2_240024239_T_C_b38,rs74002093,ENSG00000130414.13,NDUFA10,4705,5.27138236551163e-16,-0.484573900699616,-1158
chr2,hsa05016,Huntington disease - Homo sapiens (human),Brain_Substantia_nigra,chr2_240024239_T_C_b38,rs74002093,ENSG00000130414.13,NDUFA10,4705,5.27138236551163e-16,-0.484573900699616,-1158
chr2,hsa00190,Oxidative phosphorylation - Homo sapiens (human),Brain_Substantia_nigra,chr2_240024509_G_T_b38,rs7588754,ENSG00000130414.13,NDUFA10,4705,3.37762225314857e-11,-0.313228219747543,-888
chr2,hsa01100,Metabolic pathways - Homo sapiens (human),Brain_Substantia_nigra,chr2_240024509_G_T_b38,rs7588754,ENSG00000130414.13,NDUFA10,4705,3.37762225314857e-11,-0.313228219747543,-888
chr2,hsa05010,Alzheimer disease - Homo sapiens (human),Brain_Substantia_nigra,chr2_240024509_G_T_b38,rs7588754,ENSG00000130414.13,NDUFA10,4705,3.37762225314857e-11,-0.313228219747543,-888
chr2,hsa05012,Parkinson disease - Homo sapiens (human),Brain_Substantia_nigra,chr2_240024509_G_T_b38,rs7588754,ENSG00000130414.13,NDUFA10,4705,3.37762225314857e-11,-0.313228219747543,-888
chr2,hsa05016,Huntington disease - Homo sapiens (human),Brain_Substantia_nigra,chr2_240024509_G_T_b38,rs7588754,ENSG00000130414.13,NDUFA10,4705,3.37762225314857e-11,-0.313228219747543,-888
chr2,hsa00190,Oxidative phosphorylation - Homo sapiens (human),Brain_Substantia_nigra,chr2_240025297_G_C_b38,rs11541494,ENSG00000130414.13,NDUFA10,4705,5.27138236551163e-16,-0.484573900699616,-100
chr2,hsa01100,Metabolic pathways - Homo sapiens (human),Brain_Substantia_nigra,chr2_240025297_G_C_b38,rs11541494,ENSG00000130414.13,NDUFA10,4705,5.27138236551163e-16,-0.484573900699616,-100
chr2,hsa05010,Alzheimer disease - Homo sapiens (human),Brain_Substantia_nigra,chr2_240025297_G_C_b38,rs11541494,ENSG00000130414.13,NDUFA10,4705,5.27138236551163e-16,-0.484573900699616,-100
chr2,hsa05012,Parkinson disease - Homo sapiens (human),Brain_Substantia_nigra,chr2_240025297_G_C_b38,rs11541494,ENSG00000130414.13,NDUFA10,4705,5.27138236551163e-16,-0.484573900699616,-100
chr2,hsa05016,Huntington disease - Homo sapiens (human),Brain_Substantia_nigra,chr2_240025297_G_C_b38,rs11541494,ENSG00000130414.13,NDUFA10,4705,5.27138236551163e-16,-0.484573900699616,-100
chr2,hsa00190,Oxidative phosphorylation - Homo sapiens (human),Brain_Substantia_nigra,chr2_240025784_G_C_b38,rs28364593,ENSG00000130414.13,NDUFA10,4705,5.27138236551163e-16,-0.484573900699616,387
chr2,hsa01100,Metabolic pathways - Homo sapiens (human),Brain_Substantia_nigra,chr2_240025784_G_C_b38,rs28364593,ENSG00000130414.13,NDUFA10,4705,5.27138236551163e-16,-0.484573900699616,387
chr2,hsa05010,Alzheimer disease - Homo sapiens (human),Brain_Substantia_nigra,chr2_240025784_G_C_b38,rs28364593,ENSG00000130414.13,NDUFA10,4705,5.27138236551163e-16,-0.484573900699616,387
chr2,hsa05012,Parkinson disease - Homo sapiens (human),Brain_Substantia_nigra,chr2_240025784_G_C_b38,rs28364593,ENSG00000130414.13,NDUFA10,4705,5.27138236551163e-16,-0.484573900699616,387
chr2,hsa05016,Huntington disease - Homo sapiens (human),Brain_Substantia_nigra,chr2_240025784_G_C_b38,rs28364593,ENSG00000130414.13,NDUFA10,4705,5.27138236551163e-16,-0.484573900699616,387
chr2,hsa00190,Oxidative phosphorylation - Homo sapiens (human),Brain_Substantia_nigra,chr2_240026134_A_AT_b38,.,ENSG00000130414.13,NDUFA10,4705,9.44936813663528e-19,0.402313590049744,737
chr2,hsa01100,Metabolic pathways - Homo sapiens (human),Brain_Substantia_nigra,chr2_240026134_A_AT_b38,.,ENSG00000130414.13,NDUFA10,4705,9.44936813663528e-19,0.402313590049744,737
chr2,hsa05010,Alzheimer disease - Homo sapiens (human),Brain_Substantia_nigra,chr2_240026134_A_AT_b38,.,ENSG00000130414.13,NDUFA10,4705,9.44936813663528e-19,0.402313590049744,737
chr2,hsa05012,Parkinson disease - Homo sapiens (human),Brain_Substantia_nigra,chr2_240026134_A_AT_b38,.,ENSG00000130414.13,NDUFA10,4705,9.44936813663528e-19,0.402313590049744,737
chr2,hsa05016,Huntington disease - Homo sapiens (human),Brain_Substantia_nigra,chr2_240026134_A_AT_b38,.,ENSG00000130414.13,NDUFA10,4705,9.44936813663528e-19,0.402313590049744,737
chr2,hsa00190,Oxidative phosphorylation - Homo sapiens (human),Brain_Substantia_nigra,chr2_240026499_C_A_b38,rs10153593,ENSG00000130414.13,NDUFA10,4705,1.46430233479319e-14,0.326541870832443,1102
chr2,hsa01100,Metabolic pathways - Homo sapiens (human),Brain_Substantia_nigra,chr2_240026499_C_A_b38,rs10153593,ENSG00000130414.13,NDUFA10,4705,1.46430233479319e-14,0.326541870832443,1102
chr2,hsa05010,Alzheimer disease - Homo sapiens (human),Brain_Substantia_nigra,chr2_240026499_C_A_b38,rs10153593,ENSG00000130414.13,NDUFA10,4705,1.46430233479319e-14,0.326541870832443,1102
chr2,hsa05012,Parkinson disease - Homo sapiens (human),Brain_Substantia_nigra,chr2_240026499_C_A_b38,rs10153593,ENSG00000130414.13,NDUFA10,4705,1.46430233479319e-14,0.326541870832443,1102
chr2,hsa05016,Huntington disease - Homo sapiens (human),Brain_Substantia_nigra,chr2_240026499_C_A_b38,rs10153593,ENSG00000130414.13,NDUFA10,4705,1.46430233479319e-14,0.326541870832443,1102
chr2,hsa00190,Oxidative phosphorylation - Homo sapiens (human),Brain_Substantia_nigra,chr2_240026828_A_G_b38,rs4149538,ENSG00000130414.13,NDUFA10,4705,5.27138236551163e-16,-0.484573900699616,1431
chr2,hsa01100,Metabolic pathways - Homo sapiens (human),Brain_Substantia_nigra,chr2_240026828_A_G_b38,rs4149538,ENSG00000130414.13,NDUFA10,4705,5.27138236551163e-16,-0.484573900699616,1431
chr2,hsa05010,Alzheimer disease - Homo sapiens (human),Brain_Substantia_nigra,chr2_240026828_A_G_b38,rs4149538,ENSG00000130414.13,NDUFA10,4705,5.27138236551163e-16,-0.484573900699616,1431
chr2,hsa05012,Parkinson disease - Homo sapiens (human),Brain_Substantia_nigra,chr2_240026828_A_G_b38,rs4149538,ENSG00000130414.13,NDUFA10,4705,5.27138236551163e-16,-0.484573900699616,1431
chr2,hsa05016,Huntington disease - Homo sapiens (human),Brain_Substantia_nigra,chr2_240026828_A_G_b38,rs4149538,ENSG00000130414.13,NDUFA10,4705,5.27138236551163e-16,-0.484573900699616,1431
chr2,hsa00190,Oxidative phosphorylation - Homo sapiens (human),Brain_Substantia_nigra,chr2_240027371_T_C_b38,rs74002095,ENSG00000130414.13,NDUFA10,4705,3.43247002039896e-14,-0.366565257310867,1974
chr2,hsa01100,Metabolic pathways - Homo sapiens (human),Brain_Substantia_nigra,chr2_240027371_T_C_b38,rs74002095,ENSG00000130414.13,NDUFA10,4705,3.43247002039896e-14,-0.366565257310867,1974
chr2,hsa05010,Alzheimer disease - Homo sapiens (human),Brain_Substantia_nigra,chr2_240027371_T_C_b38,rs74002095,ENSG00000130414.13,NDUFA10,4705,3.43247002039896e-14,-0.366565257310867,1974
chr2,hsa05012,Parkinson disease - Homo sapiens (human),Brain_Substantia_nigra,chr2_240027371_T_C_b38,rs74002095,ENSG00000130414.13,NDUFA10,4705,3.43247002039896e-14,-0.366565257310867,1974
chr2,hsa05016,Huntington disease - Homo sapiens (human),Brain_Substantia_nigra,chr2_240027371_T_C_b38,rs74002095,ENSG00000130414.13,NDUFA10,4705,3.43247002039896e-14,-0.366565257310867,1974
chr2,hsa00190,Oxidative phosphorylation - Homo sapiens (human),Brain_Substantia_nigra,chr2_240027455_C_A_b38,rs58472201,ENSG00000130414.13,NDUFA10,4705,1.03406801578888e-18,0.401126325130463,2058
chr2,hsa01100,Metabolic pathways - Homo sapiens (human),Brain_Substantia_nigra,chr2_240027455_C_A_b38,rs58472201,ENSG00000130414.13,NDUFA10,4705,1.03406801578888e-18,0.401126325130463,2058
chr2,hsa05010,Alzheimer disease - Homo sapiens (human),Brain_Substantia_nigra,chr2_240027455_C_A_b38,rs58472201,ENSG00000130414.13,NDUFA10,4705,1.03406801578888e-18,0.401126325130463,2058
chr2,hsa05012,Parkinson disease - Homo sapiens (human),Brain_Substantia_nigra,chr2_240027455_C_A_b38,rs58472201,ENSG00000130414.13,NDUFA10,4705,1.03406801578888e-18,0.401126325130463,2058
chr2,hsa05016,Huntington disease - Homo sapiens (human),Brain_Substantia_nigra,chr2_240027455_C_A_b38,rs58472201,ENSG00000130414.13,NDUFA10,4705,1.03406801578888e-18,0.401126325130463,2058
chr2,hsa00190,Oxidative phosphorylation - Homo sapiens (human),Brain_Substantia_nigra,chr2_240027895_G_A_b38,rs10166776,ENSG00000130414.13,NDUFA10,4705,3.22518259802287e-11,-0.292438596487045,2498
chr2,hsa01100,Metabolic pathways - Homo sapiens (human),Brain_Substantia_nigra,chr2_240027895_G_A_b38,rs10166776,ENSG00000130414.13,NDUFA10,4705,3.22518259802287e-11,-0.292438596487045,2498
chr2,hsa05010,Alzheimer disease - Homo sapiens (human),Brain_Substantia_nigra,chr2_240027895_G_A_b38,rs10166776,ENSG00000130414.13,NDUFA10,4705,3.22518259802287e-11,-0.292438596487045,2498
chr2,hsa05012,Parkinson disease - Homo sapiens (human),Brain_Substantia_nigra,chr2_240027895_G_A_b38,rs10166776,ENSG00000130414.13,NDUFA10,4705,3.22518259802287e-11,-0.292438596487045,2498
chr2,hsa05016,Huntington disease - Homo sapiens (human),Brain_Substantia_nigra,chr2_240027895_G_A_b38,rs10166776,ENSG00000130414.13,NDUFA10,4705,3.22518259802287e-11,-0.292438596487045,2498
chr2,hsa00190,Oxidative phosphorylation - Homo sapiens (human),Brain_Substantia_nigra,chr2_240028144_C_A_b38,rs6709170,ENSG00000130414.13,NDUFA10,4705,4.93409708014743e-13,0.306301444768906,2747
chr2,hsa01100,Metabolic pathways - Homo sapiens (human),Brain_Substantia_nigra,chr2_240028144_C_A_b38,rs6709170,ENSG00000130414.13,NDUFA10,4705,4.93409708014743e-13,0.306301444768906,2747
chr2,hsa05010,Alzheimer disease - Homo sapiens (human),Brain_Substantia_nigra,chr2_240028144_C_A_b38,rs6709170,ENSG00000130414.13,NDUFA10,4705,4.93409708014743e-13,0.306301444768906,2747
chr2,hsa05012,Parkinson disease - Homo sapiens (human),Brain_Substantia_nigra,chr2_240028144_C_A_b38,rs6709170,ENSG00000130414.13,NDUFA10,4705,4.93409708014743e-13,0.306301444768906,2747
chr2,hsa05016,Huntington disease - Homo sapiens (human),Brain_Substantia_nigra,chr2_240028144_C_A_b38,rs6709170,ENSG00000130414.13,NDUFA10,4705,4.93409708014743e-13,0.306301444768906,2747
chr2,hsa00190,Oxidative phosphorylation - Homo sapiens (human),Brain_Substantia_nigra,chr2_240028791_C_T_b38,rs12468409,ENSG00000130414.13,NDUFA10,4705,1.8343544918357e-13,-0.345145612955093,3394
chr2,hsa01100,Metabolic pathways - Homo sapiens (human),Brain_Substantia_nigra,chr2_240028791_C_T_b38,rs12468409,ENSG00000130414.13,NDUFA10,4705,1.8343544918357e-13,-0.345145612955093,3394
chr2,hsa05010,Alzheimer disease - Homo sapiens (human),Brain_Substantia_nigra,chr2_240028791_C_T_b38,rs12468409,ENSG00000130414.13,NDUFA10,4705,1.8343544918357e-13,-0.345145612955093,3394
chr2,hsa05012,Parkinson disease - Homo sapiens (human),Brain_Substantia_nigra,chr2_240028791_C_T_b38,rs12468409,ENSG00000130414.13,NDUFA10,4705,1.8343544918357e-13,-0.345145612955093,3394
chr2,hsa05016,Huntington disease - Homo sapiens (human),Brain_Substantia_nigra,chr2_240028791_C_T_b38,rs12468409,ENSG00000130414.13,NDUFA10,4705,1.8343544918357e-13,-0.345145612955093,3394
chr2,hsa00190,Oxidative phosphorylation - Homo sapiens (human),Brain_Substantia_nigra,chr2_240029895_A_G_b38,rs10187574,ENSG00000130414.13,NDUFA10,4705,3.44829519038434e-20,0.411968052387238,4498
chr2,hsa01100,Metabolic pathways - Homo sapiens (human),Brain_Substantia_nigra,chr2_240029895_A_G_b38,rs10187574,ENSG00000130414.13,NDUFA10,4705,3.44829519038434e-20,0.411968052387238,4498
chr2,hsa05010,Alzheimer disease - Homo sapiens (human),Brain_Substantia_nigra,chr2_240029895_A_G_b38,rs10187574,ENSG00000130414.13,NDUFA10,4705,3.44829519038434e-20,0.411968052387238,4498
chr2,hsa05012,Parkinson disease - Homo sapiens (human),Brain_Substantia_nigra,chr2_240029895_A_G_b38,rs10187574,ENSG00000130414.13,NDUFA10,4705,3.44829519038434e-20,0.411968052387238,4498
chr2,hsa05016,Huntington disease - Homo sapiens (human),Brain_Substantia_nigra,chr2_240029895_A_G_b38,rs10187574,ENSG00000130414.13,NDUFA10,4705,3.44829519038434e-20,0.411968052387238,4498
chr2,hsa00190,Oxidative phosphorylation - Homo sapiens (human),Brain_Substantia_nigra,chr2_240030066_G_A_b38,rs10176036,ENSG00000130414.13,NDUFA10,4705,1.0581597784337e-17,0.396650105714798,4669
chr2,hsa01100,Metabolic pathways - Homo sapiens (human),Brain_Substantia_nigra,chr2_240030066_G_A_b38,rs10176036,ENSG00000130414.13,NDUFA10,4705,1.0581597784337e-17,0.396650105714798,4669
chr2,hsa05010,Alzheimer disease - Homo sapiens (human),Brain_Substantia_nigra,chr2_240030066_G_A_b38,rs10176036,ENSG00000130414.13,NDUFA10,4705,1.0581597784337e-17,0.396650105714798,4669
chr2,hsa05012,Parkinson disease - Homo sapiens (human),Brain_Substantia_nigra,chr2_240030066_G_A_b38,rs10176036,ENSG00000130414.13,NDUFA10,4705,1.0581597784337e-17,0.396650105714798,4669
chr2,hsa05016,Huntington disease - Homo sapiens (human),Brain_Substantia_nigra,chr2_240030066_G_A_b38,rs10176036,ENSG00000130414.13,NDUFA10,4705,1.0581597784337e-17,0.396650105714798,4669
chr2,hsa00190,Oxidative phosphorylation - Homo sapiens (human),Brain_Substantia_nigra,chr2_240030965_G_C_b38,rs10933551,ENSG00000130414.13,NDUFA10,4705,1.1099766952787e-13,0.318215131759644,5568
chr2,hsa01100,Metabolic pathways - Homo sapiens (human),Brain_Substantia_nigra,chr2_240030965_G_C_b38,rs10933551,ENSG00000130414.13,NDUFA10,4705,1.1099766952787e-13,0.318215131759644,5568
chr2,hsa05010,Alzheimer disease - Homo sapiens (human),Brain_Substantia_nigra,chr2_240030965_G_C_b38,rs10933551,ENSG00000130414.13,NDUFA10,4705,1.1099766952787e-13,0.318215131759644,5568
chr2,hsa05012,Parkinson disease - Homo sapiens (human),Brain_Substantia_nigra,chr2_240030965_G_C_b38,rs10933551,ENSG00000130414.13,NDUFA10,4705,1.1099766952787e-13,0.318215131759644,5568
chr2,hsa05016,Huntington disease - Homo sapiens (human),Brain_Substantia_nigra,chr2_240030965_G_C_b38,rs10933551,ENSG00000130414.13,NDUFA10,4705,1.1099766952787e-13,0.318215131759644,5568
chr2,hsa00230,Purine metabolism - Homo sapiens (human),Brain_Substantia_nigra,chr2_215312057_C_T_b38,rs28366034,ENSG00000138363.15,ATIC,471,3.92886564622807e-08,0.420787155628204,101
chr2,hsa00670,One carbon pool by folate - Homo sapiens (human),Brain_Substantia_nigra,chr2_215312057_C_T_b38,rs28366034,ENSG00000138363.15,ATIC,471,3.92886564622807e-08,0.420787155628204,101
chr2,hsa01100,Metabolic pathways - Homo sapiens (human),Brain_Substantia_nigra,chr2_215312057_C_T_b38,rs28366034,ENSG00000138363.15,ATIC,471,3.92886564622807e-08,0.420787155628204,101
chr2,hsa00190,Oxidative phosphorylation - Homo sapiens (human),Brain_Substantia_nigra,chr2_206088333_A_G_b38,rs12694039,ENSG00000023228.14,NDUFS1,4719,1.54093443347885e-08,-0.195977658033371,-71176
chr2,hsa01100,Metabolic pathways - Homo sapiens (human),Brain_Substantia_nigra,chr2_206088333_A_G_b38,rs12694039,ENSG00000023228.14,NDUFS1,4719,1.54093443347885e-08,-0.195977658033371,-71176
chr2,hsa05010,Alzheimer disease - Homo sapiens (human),Brain_Substantia_nigra,chr2_206088333_A_G_b38,rs12694039,ENSG00000023228.14,NDUFS1,4719,1.54093443347885e-08,-0.195977658033371,-71176
chr2,hsa05012,Parkinson disease - Homo sapiens (human),Brain_Substantia_nigra,chr2_206088333_A_G_b38,rs12694039,ENSG00000023228.14,NDUFS1,4719,1.54093443347885e-08,-0.195977658033371,-71176
chr2,hsa05016,Huntington disease - Homo sapiens (human),Brain_Substantia_nigra,chr2_206088333_A_G_b38,rs12694039,ENSG00000023228.14,NDUFS1,4719,1.54093443347885e-08,-0.195977658033371,-71176
chr2,hsa00190,Oxidative phosphorylation - Homo sapiens (human),Brain_Substantia_nigra,chr2_206094196_T_TAATTTATAG_b38,rs113360810,ENSG00000023228.14,NDUFS1,4719,4.55216917686153e-09,-0.200191468000412,-65313
chr2,hsa01100,Metabolic pathways - Homo sapiens (human),Brain_Substantia_nigra,chr2_206094196_T_TAATTTATAG_b38,rs113360810,ENSG00000023228.14,NDUFS1,4719,4.55216917686153e-09,-0.200191468000412,-65313
chr2,hsa05010,Alzheimer disease - Homo sapiens (human),Brain_Substantia_nigra,chr2_206094196_T_TAATTTATAG_b38,rs113360810,ENSG00000023228.14,NDUFS1,4719,4.55216917686153e-09,-0.200191468000412,-65313
chr2,hsa05012,Parkinson disease - Homo sapiens (human),Brain_Substantia_nigra,chr2_206094196_T_TAATTTATAG_b38,rs113360810,ENSG00000023228.14,NDUFS1,4719,4.55216917686153e-09,-0.200191468000412,-65313
chr2,hsa05016,Huntington disease - Homo sapiens (human),Brain_Substantia_nigra,chr2_206094196_T_TAATTTATAG_b38,rs113360810,ENSG00000023228.14,NDUFS1,4719,4.55216917686153e-09,-0.200191468000412,-65313
chr2,hsa00190,Oxidative phosphorylation - Homo sapiens (human),Brain_Substantia_nigra,chr2_206095246_G_A_b38,rs752919,ENSG00000023228.14,NDUFS1,4719,9.03204359862604e-09,-0.197716370224953,-64263
chr2,hsa01100,Metabolic pathways - Homo sapiens (human),Brain_Substantia_nigra,chr2_206095246_G_A_b38,rs752919,ENSG00000023228.14,NDUFS1,4719,9.03204359862604e-09,-0.197716370224953,-64263
chr2,hsa05010,Alzheimer disease - Homo sapiens (human),Brain_Substantia_nigra,chr2_206095246_G_A_b38,rs752919,ENSG00000023228.14,NDUFS1,4719,9.03204359862604e-09,-0.197716370224953,-64263
chr2,hsa05012,Parkinson disease - Homo sapiens (human),Brain_Substantia_nigra,chr2_206095246_G_A_b38,rs752919,ENSG00000023228.14,NDUFS1,4719,9.03204359862604e-09,-0.197716370224953,-64263
chr2,hsa05016,Huntington disease - Homo sapiens (human),Brain_Substantia_nigra,chr2_206095246_G_A_b38,rs752919,ENSG00000023228.14,NDUFS1,4719,9.03204359862604e-09,-0.197716370224953,-64263
chr2,hsa00190,Oxidative phosphorylation - Homo sapiens (human),Brain_Substantia_nigra,chr2_206100649_G_A_b38,rs6757501,ENSG00000023228.14,NDUFS1,4719,9.03204359862604e-09,-0.197716370224953,-58860
chr2,hsa01100,Metabolic pathways - Homo sapiens (human),Brain_Substantia_nigra,chr2_206100649_G_A_b38,rs6757501,ENSG00000023228.14,NDUFS1,4719,9.03204359862604e-09,-0.197716370224953,-58860
chr2,hsa05010,Alzheimer disease - Homo sapiens (human),Brain_Substantia_nigra,chr2_206100649_G_A_b38,rs6757501,ENSG00000023228.14,NDUFS1,4719,9.03204359862604e-09,-0.197716370224953,-58860
chr2,hsa05012,Parkinson disease - Homo sapiens (human),Brain_Substantia_nigra,chr2_206100649_G_A_b38,rs6757501,ENSG00000023228.14,NDUFS1,4719,9.03204359862604e-09,-0.197716370224953,-58860
chr2,hsa05016,Huntington disease - Homo sapiens (human),Brain_Substantia_nigra,chr2_206100649_G_A_b38,rs6757501,ENSG00000023228.14,NDUFS1,4719,9.03204359862604e-09,-0.197716370224953,-58860
chr2,hsa00190,Oxidative phosphorylation - Homo sapiens (human),Brain_Substantia_nigra,chr2_206108581_C_T_b38,rs929646,ENSG00000023228.14,NDUFS1,4719,1.75032191154985e-08,-0.193508341908455,-50928
chr2,hsa01100,Metabolic pathways - Homo sapiens (human),Brain_Substantia_nigra,chr2_206108581_C_T_b38,rs929646,ENSG00000023228.14,NDUFS1,4719,1.75032191154985e-08,-0.193508341908455,-50928
chr2,hsa05010,Alzheimer disease - Homo sapiens (human),Brain_Substantia_nigra,chr2_206108581_C_T_b38,rs929646,ENSG00000023228.14,NDUFS1,4719,1.75032191154985e-08,-0.193508341908455,-50928
chr2,hsa05012,Parkinson disease - Homo sapiens (human),Brain_Substantia_nigra,chr2_206108581_C_T_b38,rs929646,ENSG00000023228.14,NDUFS1,4719,1.75032191154985e-08,-0.193508341908455,-50928
chr2,hsa05016,Huntington disease - Homo sapiens (human),Brain_Substantia_nigra,chr2_206108581_C_T_b38,rs929646,ENSG00000023228.14,NDUFS1,4719,1.75032191154985e-08,-0.193508341908455,-50928
chr2,hsa00190,Oxidative phosphorylation - Homo sapiens (human),Brain_Substantia_nigra,chr2_206109077_C_T_b38,rs4991050,ENSG00000023228.14,NDUFS1,4719,1.75032191154985e-08,-0.193508341908455,-50432
chr2,hsa01100,Metabolic pathways - Homo sapiens (human),Brain_Substantia_nigra,chr2_206109077_C_T_b38,rs4991050,ENSG00000023228.14,NDUFS1,4719,1.75032191154985e-08,-0.193508341908455,-50432
chr2,hsa05010,Alzheimer disease - Homo sapiens (human),Brain_Substantia_nigra,chr2_206109077_C_T_b38,rs4991050,ENSG00000023228.14,NDUFS1,4719,1.75032191154985e-08,-0.193508341908455,-50432
chr2,hsa05012,Parkinson disease - Homo sapiens (human),Brain_Substantia_nigra,chr2_206109077_C_T_b38,rs4991050,ENSG00000023228.14,NDUFS1,4719,1.75032191154985e-08,-0.193508341908455,-50432
chr2,hsa05016,Huntington disease - Homo sapiens (human),Brain_Substantia_nigra,chr2_206109077_C_T_b38,rs4991050,ENSG00000023228.14,NDUFS1,4719,1.75032191154985e-08,-0.193508341908455,-50432
chr2,hsa00190,Oxidative phosphorylation - Homo sapiens (human),Brain_Substantia_nigra,chr2_206110228_C_T_b38,rs10169875,ENSG00000023228.14,NDUFS1,4719,4.55216917686153e-09,-0.200191468000412,-49281
chr2,hsa01100,Metabolic pathways - Homo sapiens (human),Brain_Substantia_nigra,chr2_206110228_C_T_b38,rs10169875,ENSG00000023228.14,NDUFS1,4719,4.55216917686153e-09,-0.200191468000412,-49281
chr2,hsa05010,Alzheimer disease - Homo sapiens (human),Brain_Substantia_nigra,chr2_206110228_C_T_b38,rs10169875,ENSG00000023228.14,NDUFS1,4719,4.55216917686153e-09,-0.200191468000412,-49281
chr2,hsa05012,Parkinson disease - Homo sapiens (human),Brain_Substantia_nigra,chr2_206110228_C_T_b38,rs10169875,ENSG00000023228.14,NDUFS1,4719,4.55216917686153e-09,-0.200191468000412,-49281
chr2,hsa05016,Huntington disease - Homo sapiens (human),Brain_Substantia_nigra,chr2_206110228_C_T_b38,rs10169875,ENSG00000023228.14,NDUFS1,4719,4.55216917686153e-09,-0.200191468000412,-49281
chr2,hsa00190,Oxidative phosphorylation - Homo sapiens (human),Brain_Substantia_nigra,chr2_206111344_G_A_b38,rs34172070,ENSG00000023228.14,NDUFS1,4719,1.75032191154985e-08,-0.193508341908455,-48165
chr2,hsa01100,Metabolic pathways - Homo sapiens (human),Brain_Substantia_nigra,chr2_206111344_G_A_b38,rs34172070,ENSG00000023228.14,NDUFS1,4719,1.75032191154985e-08,-0.193508341908455,-48165
chr2,hsa05010,Alzheimer disease - Homo sapiens (human),Brain_Substantia_nigra,chr2_206111344_G_A_b38,rs34172070,ENSG00000023228.14,NDUFS1,4719,1.75032191154985e-08,-0.193508341908455,-48165
chr2,hsa05012,Parkinson disease - Homo sapiens (human),Brain_Substantia_nigra,chr2_206111344_G_A_b38,rs34172070,ENSG00000023228.14,NDUFS1,4719,1.75032191154985e-08,-0.193508341908455,-48165
chr2,hsa05016,Huntington disease - Homo sapiens (human),Brain_Substantia_nigra,chr2_206111344_G_A_b38,rs34172070,ENSG00000023228.14,NDUFS1,4719,1.75032191154985e-08,-0.193508341908455,-48165
chr2,hsa00190,Oxidative phosphorylation - Homo sapiens (human),Brain_Substantia_nigra,chr2_206111480_A_G_b38,rs35254836,ENSG00000023228.14,NDUFS1,4719,4.55216917686153e-09,-0.200191468000412,-48029
chr2,hsa01100,Metabolic pathways - Homo sapiens (human),Brain_Substantia_nigra,chr2_206111480_A_G_b38,rs35254836,ENSG00000023228.14,NDUFS1,4719,4.55216917686153e-09,-0.200191468000412,-48029
chr2,hsa05010,Alzheimer disease - Homo sapiens (human),Brain_Substantia_nigra,chr2_206111480_A_G_b38,rs35254836,ENSG00000023228.14,NDUFS1,4719,4.55216917686153e-09,-0.200191468000412,-48029
chr2,hsa05012,Parkinson disease - Homo sapiens (human),Brain_Substantia_nigra,chr2_206111480_A_G_b38,rs35254836,ENSG00000023228.14,NDUFS1,4719,4.55216917686153e-09,-0.200191468000412,-48029
chr2,hsa05016,Huntington disease - Homo sapiens (human),Brain_Substantia_nigra,chr2_206111480_A_G_b38,rs35254836,ENSG00000023228.14,NDUFS1,4719,4.55216917686153e-09,-0.200191468000412,-48029
chr2,hsa00190,Oxidative phosphorylation - Homo sapiens (human),Brain_Substantia_nigra,chr2_206111506_AGT_A_b38,rs34076745,ENSG00000023228.14,NDUFS1,4719,1.75032191154985e-08,-0.193508341908455,-48003
chr2,hsa01100,Metabolic pathways - Homo sapiens (human),Brain_Substantia_nigra,chr2_206111506_AGT_A_b38,rs34076745,ENSG00000023228.14,NDUFS1,4719,1.75032191154985e-08,-0.193508341908455,-48003
chr2,hsa05010,Alzheimer disease - Homo sapiens (human),Brain_Substantia_nigra,chr2_206111506_AGT_A_b38,rs34076745,ENSG00000023228.14,NDUFS1,4719,1.75032191154985e-08,-0.193508341908455,-48003
chr2,hsa05012,Parkinson disease - Homo sapiens (human),Brain_Substantia_nigra,chr2_206111506_AGT_A_b38,rs34076745,ENSG00000023228.14,NDUFS1,4719,1.75032191154985e-08,-0.193508341908455,-48003
chr2,hsa05016,Huntington disease - Homo sapiens (human),Brain_Substantia_nigra,chr2_206111506_AGT_A_b38,rs34076745,ENSG00000023228.14,NDUFS1,4719,1.75032191154985e-08,-0.193508341908455,-48003
chr2,hsa00190,Oxidative phosphorylation - Homo sapiens (human),Brain_Substantia_nigra,chr2_206113220_G_T_b38,rs888085,ENSG00000023228.14,NDUFS1,4719,9.03204359862604e-09,-0.197716370224953,-46289
chr2,hsa01100,Metabolic pathways - Homo sapiens (human),Brain_Substantia_nigra,chr2_206113220_G_T_b38,rs888085,ENSG00000023228.14,NDUFS1,4719,9.03204359862604e-09,-0.197716370224953,-46289
chr2,hsa05010,Alzheimer disease - Homo sapiens (human),Brain_Substantia_nigra,chr2_206113220_G_T_b38,rs888085,ENSG00000023228.14,NDUFS1,4719,9.03204359862604e-09,-0.197716370224953,-46289
chr2,hsa05012,Parkinson disease - Homo sapiens (human),Brain_Substantia_nigra,chr2_206113220_G_T_b38,rs888085,ENSG00000023228.14,NDUFS1,4719,9.03204359862604e-09,-0.197716370224953,-46289
chr2,hsa05016,Huntington disease - Homo sapiens (human),Brain_Substantia_nigra,chr2_206113220_G_T_b38,rs888085,ENSG00000023228.14,NDUFS1,4719,9.03204359862604e-09,-0.197716370224953,-46289
chr2,hsa00190,Oxidative phosphorylation - Homo sapiens (human),Brain_Substantia_nigra,chr2_206116812_G_A_b38,rs34133956,ENSG00000023228.14,NDUFS1,4719,1.75032191154985e-08,-0.193508341908455,-42697
chr2,hsa01100,Metabolic pathways - Homo sapiens (human),Brain_Substantia_nigra,chr2_206116812_G_A_b38,rs34133956,ENSG00000023228.14,NDUFS1,4719,1.75032191154985e-08,-0.193508341908455,-42697
chr2,hsa05010,Alzheimer disease - Homo sapiens (human),Brain_Substantia_nigra,chr2_206116812_G_A_b38,rs34133956,ENSG00000023228.14,NDUFS1,4719,1.75032191154985e-08,-0.193508341908455,-42697
chr2,hsa05012,Parkinson disease - Homo sapiens (human),Brain_Substantia_nigra,chr2_206116812_G_A_b38,rs34133956,ENSG00000023228.14,NDUFS1,4719,1.75032191154985e-08,-0.193508341908455,-42697
chr2,hsa05016,Huntington disease - Homo sapiens (human),Brain_Substantia_nigra,chr2_206116812_G_A_b38,rs34133956,ENSG00000023228.14,NDUFS1,4719,1.75032191154985e-08,-0.193508341908455,-42697
chr2,hsa00190,Oxidative phosphorylation - Homo sapiens (human),Brain_Substantia_nigra,chr2_206117822_C_T_b38,rs12694040,ENSG00000023228.14,NDUFS1,4719,1.75032191154985e-08,-0.193508341908455,-41687
chr2,hsa01100,Metabolic pathways - Homo sapiens (human),Brain_Substantia_nigra,chr2_206117822_C_T_b38,rs12694040,ENSG00000023228.14,NDUFS1,4719,1.75032191154985e-08,-0.193508341908455,-41687
chr2,hsa05010,Alzheimer disease - Homo sapiens (human),Brain_Substantia_nigra,chr2_206117822_C_T_b38,rs12694040,ENSG00000023228.14,NDUFS1,4719,1.75032191154985e-08,-0.193508341908455,-41687
chr2,hsa05012,Parkinson disease - Homo sapiens (human),Brain_Substantia_nigra,chr2_206117822_C_T_b38,rs12694040,ENSG00000023228.14,NDUFS1,4719,1.75032191154985e-08,-0.193508341908455,-41687
chr2,hsa05016,Huntington disease - Homo sapiens (human),Brain_Substantia_nigra,chr2_206117822_C_T_b38,rs12694040,ENSG00000023228.14,NDUFS1,4719,1.75032191154985e-08,-0.193508341908455,-41687
chr2,hsa00190,Oxidative phosphorylation - Homo sapiens (human),Brain_Substantia_nigra,chr2_206121003_C_T_b38,rs7590432,ENSG00000023228.14,NDUFS1,4719,4.55216917686153e-09,-0.200191468000412,-38506
chr2,hsa01100,Metabolic pathways - Homo sapiens (human),Brain_Substantia_nigra,chr2_206121003_C_T_b38,rs7590432,ENSG00000023228.14,NDUFS1,4719,4.55216917686153e-09,-0.200191468000412,-38506
chr2,hsa05010,Alzheimer disease - Homo sapiens (human),Brain_Substantia_nigra,chr2_206121003_C_T_b38,rs7590432,ENSG00000023228.14,NDUFS1,4719,4.55216917686153e-09,-0.200191468000412,-38506
chr2,hsa05012,Parkinson disease - Homo sapiens (human),Brain_Substantia_nigra,chr2_206121003_C_T_b38,rs7590432,ENSG00000023228.14,NDUFS1,4719,4.55216917686153e-09,-0.200191468000412,-38506
chr2,hsa05016,Huntington disease - Homo sapiens (human),Brain_Substantia_nigra,chr2_206121003_C_T_b38,rs7590432,ENSG00000023228.14,NDUFS1,4719,4.55216917686153e-09,-0.200191468000412,-38506
chr2,hsa00190,Oxidative phosphorylation - Homo sapiens (human),Brain_Substantia_nigra,chr2_206121296_G_A_b38,rs7590970,ENSG00000023228.14,NDUFS1,4719,9.03204359862604e-09,-0.197716370224953,-38213
chr2,hsa01100,Metabolic pathways - Homo sapiens (human),Brain_Substantia_nigra,chr2_206121296_G_A_b38,rs7590970,ENSG00000023228.14,NDUFS1,4719,9.03204359862604e-09,-0.197716370224953,-38213
chr2,hsa05010,Alzheimer disease - Homo sapiens (human),Brain_Substantia_nigra,chr2_206121296_G_A_b38,rs7590970,ENSG00000023228.14,NDUFS1,4719,9.03204359862604e-09,-0.197716370224953,-38213
chr2,hsa05012,Parkinson disease - Homo sapiens (human),Brain_Substantia_nigra,chr2_206121296_G_A_b38,rs7590970,ENSG00000023228.14,NDUFS1,4719,9.03204359862604e-09,-0.197716370224953,-38213
chr2,hsa05016,Huntington disease - Homo sapiens (human),Brain_Substantia_nigra,chr2_206121296_G_A_b38,rs7590970,ENSG00000023228.14,NDUFS1,4719,9.03204359862604e-09,-0.197716370224953,-38213
chr2,hsa00190,Oxidative phosphorylation - Homo sapiens (human),Brain_Substantia_nigra,chr2_206121904_T_C_b38,rs1564163,ENSG00000023228.14,NDUFS1,4719,4.55216917686153e-09,-0.200191468000412,-37605
chr2,hsa01100,Metabolic pathways - Homo sapiens (human),Brain_Substantia_nigra,chr2_206121904_T_C_b38,rs1564163,ENSG00000023228.14,NDUFS1,4719,4.55216917686153e-09,-0.200191468000412,-37605
chr2,hsa05010,Alzheimer disease - Homo sapiens (human),Brain_Substantia_nigra,chr2_206121904_T_C_b38,rs1564163,ENSG00000023228.14,NDUFS1,4719,4.55216917686153e-09,-0.200191468000412,-37605
chr2,hsa05012,Parkinson disease - Homo sapiens (human),Brain_Substantia_nigra,chr2_206121904_T_C_b38,rs1564163,ENSG00000023228.14,NDUFS1,4719,4.55216917686153e-09,-0.200191468000412,-37605
chr2,hsa05016,Huntington disease - Homo sapiens (human),Brain_Substantia_nigra,chr2_206121904_T_C_b38,rs1564163,ENSG00000023228.14,NDUFS1,4719,4.55216917686153e-09,-0.200191468000412,-37605
chr2,hsa00190,Oxidative phosphorylation - Homo sapiens (human),Brain_Substantia_nigra,chr2_206122291_A_G_b38,rs1053517,ENSG00000023228.14,NDUFS1,4719,4.55216917686153e-09,-0.200191468000412,-37218
chr2,hsa01100,Metabolic pathways - Homo sapiens (human),Brain_Substantia_nigra,chr2_206122291_A_G_b38,rs1053517,ENSG00000023228.14,NDUFS1,4719,4.55216917686153e-09,-0.200191468000412,-37218
chr2,hsa05010,Alzheimer disease - Homo sapiens (human),Brain_Substantia_nigra,chr2_206122291_A_G_b38,rs1053517,ENSG00000023228.14,NDUFS1,4719,4.55216917686153e-09,-0.200191468000412,-37218
chr2,hsa05012,Parkinson disease - Homo sapiens (human),Brain_Substantia_nigra,chr2_206122291_A_G_b38,rs1053517,ENSG00000023228.14,NDUFS1,4719,4.55216917686153e-09,-0.200191468000412,-37218
chr2,hsa05016,Huntington disease - Homo sapiens (human),Brain_Substantia_nigra,chr2_206122291_A_G_b38,rs1053517,ENSG00000023228.14,NDUFS1,4719,4.55216917686153e-09,-0.200191468000412,-37218
chr2,hsa00190,Oxidative phosphorylation - Homo sapiens (human),Brain_Substantia_nigra,chr2_206123849_C_A_b38,rs1044120,ENSG00000023228.14,NDUFS1,4719,3.31151710467009e-09,-0.200282007455826,-35660
chr2,hsa01100,Metabolic pathways - Homo sapiens (human),Brain_Substantia_nigra,chr2_206123849_C_A_b38,rs1044120,ENSG00000023228.14,NDUFS1,4719,3.31151710467009e-09,-0.200282007455826,-35660
chr2,hsa05010,Alzheimer disease - Homo sapiens (human),Brain_Substantia_nigra,chr2_206123849_C_A_b38,rs1044120,ENSG00000023228.14,NDUFS1,4719,3.31151710467009e-09,-0.200282007455826,-35660
chr2,hsa05012,Parkinson disease - Homo sapiens (human),Brain_Substantia_nigra,chr2_206123849_C_A_b38,rs1044120,ENSG00000023228.14,NDUFS1,4719,3.31151710467009e-09,-0.200282007455826,-35660
chr2,hsa05016,Huntington disease - Homo sapiens (human),Brain_Substantia_nigra,chr2_206123849_C_A_b38,rs1044120,ENSG00000023228.14,NDUFS1,4719,3.31151710467009e-09,-0.200282007455826,-35660
chr2,hsa00190,Oxidative phosphorylation - Homo sapiens (human),Brain_Substantia_nigra,chr2_206124446_C_A_b38,rs2045858,ENSG00000023228.14,NDUFS1,4719,4.55216917686153e-09,-0.200191468000412,-35063
chr2,hsa01100,Metabolic pathways - Homo sapiens (human),Brain_Substantia_nigra,chr2_206124446_C_A_b38,rs2045858,ENSG00000023228.14,NDUFS1,4719,4.55216917686153e-09,-0.200191468000412,-35063
chr2,hsa05010,Alzheimer disease - Homo sapiens (human),Brain_Substantia_nigra,chr2_206124446_C_A_b38,rs2045858,ENSG00000023228.14,NDUFS1,4719,4.55216917686153e-09,-0.200191468000412,-35063
chr2,hsa05012,Parkinson disease - Homo sapiens (human),Brain_Substantia_nigra,chr2_206124446_C_A_b38,rs2045858,ENSG00000023228.14,NDUFS1,4719,4.55216917686153e-09,-0.200191468000412,-35063
chr2,hsa05016,Huntington disease - Homo sapiens (human),Brain_Substantia_nigra,chr2_206124446_C_A_b38,rs2045858,ENSG00000023228.14,NDUFS1,4719,4.55216917686153e-09,-0.200191468000412,-35063
chr2,hsa00190,Oxidative phosphorylation - Homo sapiens (human),Brain_Substantia_nigra,chr2_206125155_C_T_b38,rs2359127,ENSG00000023228.14,NDUFS1,4719,4.55216917686153e-09,-0.200191468000412,-34354
chr2,hsa01100,Metabolic pathways - Homo sapiens (human),Brain_Substantia_nigra,chr2_206125155_C_T_b38,rs2359127,ENSG00000023228.14,NDUFS1,4719,4.55216917686153e-09,-0.200191468000412,-34354
chr2,hsa05010,Alzheimer disease - Homo sapiens (human),Brain_Substantia_nigra,chr2_206125155_C_T_b38,rs2359127,ENSG00000023228.14,NDUFS1,4719,4.55216917686153e-09,-0.200191468000412,-34354
chr2,hsa05012,Parkinson disease - Homo sapiens (human),Brain_Substantia_nigra,chr2_206125155_C_T_b38,rs2359127,ENSG00000023228.14,NDUFS1,4719,4.55216917686153e-09,-0.200191468000412,-34354
chr2,hsa05016,Huntington disease - Homo sapiens (human),Brain_Substantia_nigra,chr2_206125155_C_T_b38,rs2359127,ENSG00000023228.14,NDUFS1,4719,4.55216917686153e-09,-0.200191468000412,-34354
chr2,hsa00190,Oxidative phosphorylation - Homo sapiens (human),Brain_Substantia_nigra,chr2_206125353_C_T_b38,rs2884630,ENSG00000023228.14,NDUFS1,4719,4.55216917686153e-09,-0.200191468000412,-34156
chr2,hsa01100,Metabolic pathways - Homo sapiens (human),Brain_Substantia_nigra,chr2_206125353_C_T_b38,rs2884630,ENSG00000023228.14,NDUFS1,4719,4.55216917686153e-09,-0.200191468000412,-34156
chr2,hsa05010,Alzheimer disease - Homo sapiens (human),Brain_Substantia_nigra,chr2_206125353_C_T_b38,rs2884630,ENSG00000023228.14,NDUFS1,4719,4.55216917686153e-09,-0.200191468000412,-34156
chr2,hsa05012,Parkinson disease - Homo sapiens (human),Brain_Substantia_nigra,chr2_206125353_C_T_b38,rs2884630,ENSG00000023228.14,NDUFS1,4719,4.55216917686153e-09,-0.200191468000412,-34156
chr2,hsa05016,Huntington disease - Homo sapiens (human),Brain_Substantia_nigra,chr2_206125353_C_T_b38,rs2884630,ENSG00000023228.14,NDUFS1,4719,4.55216917686153e-09,-0.200191468000412,-34156
chr2,hsa00190,Oxidative phosphorylation - Homo sapiens (human),Brain_Substantia_nigra,chr2_206126260_A_G_b38,rs4147727,ENSG00000023228.14,NDUFS1,4719,4.55216917686153e-09,-0.200191468000412,-33249
chr2,hsa01100,Metabolic pathways - Homo sapiens (human),Brain_Substantia_nigra,chr2_206126260_A_G_b38,rs4147727,ENSG00000023228.14,NDUFS1,4719,4.55216917686153e-09,-0.200191468000412,-33249
chr2,hsa05010,Alzheimer disease - Homo sapiens (human),Brain_Substantia_nigra,chr2_206126260_A_G_b38,rs4147727,ENSG00000023228.14,NDUFS1,4719,4.55216917686153e-09,-0.200191468000412,-33249
chr2,hsa05012,Parkinson disease - Homo sapiens (human),Brain_Substantia_nigra,chr2_206126260_A_G_b38,rs4147727,ENSG00000023228.14,NDUFS1,4719,4.55216917686153e-09,-0.200191468000412,-33249
chr2,hsa05016,Huntington disease - Homo sapiens (human),Brain_Substantia_nigra,chr2_206126260_A_G_b38,rs4147727,ENSG00000023228.14,NDUFS1,4719,4.55216917686153e-09,-0.200191468000412,-33249
chr2,hsa00190,Oxidative phosphorylation - Homo sapiens (human),Brain_Substantia_nigra,chr2_206127647_G_A_b38,rs4147726,ENSG00000023228.14,NDUFS1,4719,1.75032191154985e-08,-0.193508341908455,-31862
chr2,hsa01100,Metabolic pathways - Homo sapiens (human),Brain_Substantia_nigra,chr2_206127647_G_A_b38,rs4147726,ENSG00000023228.14,NDUFS1,4719,1.75032191154985e-08,-0.193508341908455,-31862
chr2,hsa05010,Alzheimer disease - Homo sapiens (human),Brain_Substantia_nigra,chr2_206127647_G_A_b38,rs4147726,ENSG00000023228.14,NDUFS1,4719,1.75032191154985e-08,-0.193508341908455,-31862
chr2,hsa05012,Parkinson disease - Homo sapiens (human),Brain_Substantia_nigra,chr2_206127647_G_A_b38,rs4147726,ENSG00000023228.14,NDUFS1,4719,1.75032191154985e-08,-0.193508341908455,-31862
chr2,hsa05016,Huntington disease - Homo sapiens (human),Brain_Substantia_nigra,chr2_206127647_G_A_b38,rs4147726,ENSG00000023228.14,NDUFS1,4719,1.75032191154985e-08,-0.193508341908455,-31862
chr2,hsa00190,Oxidative phosphorylation - Homo sapiens (human),Brain_Substantia_nigra,chr2_206128367_G_A_b38,rs7597393,ENSG00000023228.14,NDUFS1,4719,1.75032191154985e-08,-0.193508341908455,-31142
chr2,hsa01100,Metabolic pathways - Homo sapiens (human),Brain_Substantia_nigra,chr2_206128367_G_A_b38,rs7597393,ENSG00000023228.14,NDUFS1,4719,1.75032191154985e-08,-0.193508341908455,-31142
chr2,hsa05010,Alzheimer disease - Homo sapiens (human),Brain_Substantia_nigra,chr2_206128367_G_A_b38,rs7597393,ENSG00000023228.14,NDUFS1,4719,1.75032191154985e-08,-0.193508341908455,-31142
chr2,hsa05012,Parkinson disease - Homo sapiens (human),Brain_Substantia_nigra,chr2_206128367_G_A_b38,rs7597393,ENSG00000023228.14,NDUFS1,4719,1.75032191154985e-08,-0.193508341908455,-31142
chr2,hsa05016,Huntington disease - Homo sapiens (human),Brain_Substantia_nigra,chr2_206128367_G_A_b38,rs7597393,ENSG00000023228.14,NDUFS1,4719,1.75032191154985e-08,-0.193508341908455,-31142
chr2,hsa00190,Oxidative phosphorylation - Homo sapiens (human),Brain_Substantia_nigra,chr2_206128505_T_C_b38,rs10190970,ENSG00000023228.14,NDUFS1,4719,4.55216917686153e-09,-0.200191468000412,-31004
chr2,hsa01100,Metabolic pathways - Homo sapiens (human),Brain_Substantia_nigra,chr2_206128505_T_C_b38,rs10190970,ENSG00000023228.14,NDUFS1,4719,4.55216917686153e-09,-0.200191468000412,-31004
chr2,hsa05010,Alzheimer disease - Homo sapiens (human),Brain_Substantia_nigra,chr2_206128505_T_C_b38,rs10190970,ENSG00000023228.14,NDUFS1,4719,4.55216917686153e-09,-0.200191468000412,-31004
chr2,hsa05012,Parkinson disease - Homo sapiens (human),Brain_Substantia_nigra,chr2_206128505_T_C_b38,rs10190970,ENSG00000023228.14,NDUFS1,4719,4.55216917686153e-09,-0.200191468000412,-31004
chr2,hsa05016,Huntington disease - Homo sapiens (human),Brain_Substantia_nigra,chr2_206128505_T_C_b38,rs10190970,ENSG00000023228.14,NDUFS1,4719,4.55216917686153e-09,-0.200191468000412,-31004
chr2,hsa00190,Oxidative phosphorylation - Homo sapiens (human),Brain_Substantia_nigra,chr2_206128713_T_A_b38,rs7558619,ENSG00000023228.14,NDUFS1,4719,2.43182321068698e-08,-0.191786974668503,-30796
chr2,hsa01100,Metabolic pathways - Homo sapiens (human),Brain_Substantia_nigra,chr2_206128713_T_A_b38,rs7558619,ENSG00000023228.14,NDUFS1,4719,2.43182321068698e-08,-0.191786974668503,-30796
chr2,hsa05010,Alzheimer disease - Homo sapiens (human),Brain_Substantia_nigra,chr2_206128713_T_A_b38,rs7558619,ENSG00000023228.14,NDUFS1,4719,2.43182321068698e-08,-0.191786974668503,-30796
chr2,hsa05012,Parkinson disease - Homo sapiens (human),Brain_Substantia_nigra,chr2_206128713_T_A_b38,rs7558619,ENSG00000023228.14,NDUFS1,4719,2.43182321068698e-08,-0.191786974668503,-30796
chr2,hsa05016,Huntington disease - Homo sapiens (human),Brain_Substantia_nigra,chr2_206128713_T_A_b38,rs7558619,ENSG00000023228.14,NDUFS1,4719,2.43182321068698e-08,-0.191786974668503,-30796
chr2,hsa00190,Oxidative phosphorylation - Homo sapiens (human),Brain_Substantia_nigra,chr2_206129125_A_G_b38,rs6435324,ENSG00000023228.14,NDUFS1,4719,4.55216917686153e-09,-0.200191468000412,-30384
chr2,hsa01100,Metabolic pathways - Homo sapiens (human),Brain_Substantia_nigra,chr2_206129125_A_G_b38,rs6435324,ENSG00000023228.14,NDUFS1,4719,4.55216917686153e-09,-0.200191468000412,-30384
chr2,hsa05010,Alzheimer disease - Homo sapiens (human),Brain_Substantia_nigra,chr2_206129125_A_G_b38,rs6435324,ENSG00000023228.14,NDUFS1,4719,4.55216917686153e-09,-0.200191468000412,-30384
chr2,hsa05012,Parkinson disease - Homo sapiens (human),Brain_Substantia_nigra,chr2_206129125_A_G_b38,rs6435324,ENSG00000023228.14,NDUFS1,4719,4.55216917686153e-09,-0.200191468000412,-30384
chr2,hsa05016,Huntington disease - Homo sapiens (human),Brain_Substantia_nigra,chr2_206129125_A_G_b38,rs6435324,ENSG00000023228.14,NDUFS1,4719,4.55216917686153e-09,-0.200191468000412,-30384
chr2,hsa00190,Oxidative phosphorylation - Homo sapiens (human),Brain_Substantia_nigra,chr2_206130415_C_A_b38,rs3770987,ENSG00000023228.14,NDUFS1,4719,1.74852285227472e-08,-0.193525284528732,-29094
chr2,hsa01100,Metabolic pathways - Homo sapiens (human),Brain_Substantia_nigra,chr2_206130415_C_A_b38,rs3770987,ENSG00000023228.14,NDUFS1,4719,1.74852285227472e-08,-0.193525284528732,-29094
chr2,hsa05010,Alzheimer disease - Homo sapiens (human),Brain_Substantia_nigra,chr2_206130415_C_A_b38,rs3770987,ENSG00000023228.14,NDUFS1,4719,1.74852285227472e-08,-0.193525284528732,-29094
chr2,hsa05012,Parkinson disease - Homo sapiens (human),Brain_Substantia_nigra,chr2_206130415_C_A_b38,rs3770987,ENSG00000023228.14,NDUFS1,4719,1.74852285227472e-08,-0.193525284528732,-29094
chr2,hsa05016,Huntington disease - Homo sapiens (human),Brain_Substantia_nigra,chr2_206130415_C_A_b38,rs3770987,ENSG00000023228.14,NDUFS1,4719,1.74852285227472e-08,-0.193525284528732,-29094
chr2,hsa00190,Oxidative phosphorylation - Homo sapiens (human),Brain_Substantia_nigra,chr2_206133326_A_G_b38,rs4147720,ENSG00000023228.14,NDUFS1,4719,1.75032191154985e-08,-0.193508341908455,-26183
chr2,hsa01100,Metabolic pathways - Homo sapiens (human),Brain_Substantia_nigra,chr2_206133326_A_G_b38,rs4147720,ENSG00000023228.14,NDUFS1,4719,1.75032191154985e-08,-0.193508341908455,-26183
chr2,hsa05010,Alzheimer disease - Homo sapiens (human),Brain_Substantia_nigra,chr2_206133326_A_G_b38,rs4147720,ENSG00000023228.14,NDUFS1,4719,1.75032191154985e-08,-0.193508341908455,-26183
chr2,hsa05012,Parkinson disease - Homo sapiens (human),Brain_Substantia_nigra,chr2_206133326_A_G_b38,rs4147720,ENSG00000023228.14,NDUFS1,4719,1.75032191154985e-08,-0.193508341908455,-26183
chr2,hsa05016,Huntington disease - Homo sapiens (human),Brain_Substantia_nigra,chr2_206133326_A_G_b38,rs4147720,ENSG00000023228.14,NDUFS1,4719,1.75032191154985e-08,-0.193508341908455,-26183
chr2,hsa00190,Oxidative phosphorylation - Homo sapiens (human),Brain_Substantia_nigra,chr2_206134044_T_G_b38,rs6730665,ENSG00000023228.14,NDUFS1,4719,9.70560615898138e-09,-0.196859210729599,-25465
chr2,hsa01100,Metabolic pathways - Homo sapiens (human),Brain_Substantia_nigra,chr2_206134044_T_G_b38,rs6730665,ENSG00000023228.14,NDUFS1,4719,9.70560615898138e-09,-0.196859210729599,-25465
chr2,hsa05010,Alzheimer disease - Homo sapiens (human),Brain_Substantia_nigra,chr2_206134044_T_G_b38,rs6730665,ENSG00000023228.14,NDUFS1,4719,9.70560615898138e-09,-0.196859210729599,-25465
chr2,hsa05012,Parkinson disease - Homo sapiens (human),Brain_Substantia_nigra,chr2_206134044_T_G_b38,rs6730665,ENSG00000023228.14,NDUFS1,4719,9.70560615898138e-09,-0.196859210729599,-25465
chr2,hsa05016,Huntington disease - Homo sapiens (human),Brain_Substantia_nigra,chr2_206134044_T_G_b38,rs6730665,ENSG00000023228.14,NDUFS1,4719,9.70560615898138e-09,-0.196859210729599,-25465
chr2,hsa00190,Oxidative phosphorylation - Homo sapiens (human),Brain_Substantia_nigra,chr2_206134938_T_C_b38,rs12464101,ENSG00000023228.14,NDUFS1,4719,1.75032191154985e-08,-0.193508341908455,-24571
chr2,hsa01100,Metabolic pathways - Homo sapiens (human),Brain_Substantia_nigra,chr2_206134938_T_C_b38,rs12464101,ENSG00000023228.14,NDUFS1,4719,1.75032191154985e-08,-0.193508341908455,-24571
chr2,hsa05010,Alzheimer disease - Homo sapiens (human),Brain_Substantia_nigra,chr2_206134938_T_C_b38,rs12464101,ENSG00000023228.14,NDUFS1,4719,1.75032191154985e-08,-0.193508341908455,-24571
chr2,hsa05012,Parkinson disease - Homo sapiens (human),Brain_Substantia_nigra,chr2_206134938_T_C_b38,rs12464101,ENSG00000023228.14,NDUFS1,4719,1.75032191154985e-08,-0.193508341908455,-24571
chr2,hsa05016,Huntington disease - Homo sapiens (human),Brain_Substantia_nigra,chr2_206134938_T_C_b38,rs12464101,ENSG00000023228.14,NDUFS1,4719,1.75032191154985e-08,-0.193508341908455,-24571
chr2,hsa00190,Oxidative phosphorylation - Homo sapiens (human),Brain_Substantia_nigra,chr2_206134960_T_G_b38,rs10166505,ENSG00000023228.14,NDUFS1,4719,9.62537290083521e-09,-0.197575941681862,-24549
chr2,hsa01100,Metabolic pathways - Homo sapiens (human),Brain_Substantia_nigra,chr2_206134960_T_G_b38,rs10166505,ENSG00000023228.14,NDUFS1,4719,9.62537290083521e-09,-0.197575941681862,-24549
chr2,hsa05010,Alzheimer disease - Homo sapiens (human),Brain_Substantia_nigra,chr2_206134960_T_G_b38,rs10166505,ENSG00000023228.14,NDUFS1,4719,9.62537290083521e-09,-0.197575941681862,-24549
chr2,hsa05012,Parkinson disease - Homo sapiens (human),Brain_Substantia_nigra,chr2_206134960_T_G_b38,rs10166505,ENSG00000023228.14,NDUFS1,4719,9.62537290083521e-09,-0.197575941681862,-24549
chr2,hsa05016,Huntington disease - Homo sapiens (human),Brain_Substantia_nigra,chr2_206134960_T_G_b38,rs10166505,ENSG00000023228.14,NDUFS1,4719,9.62537290083521e-09,-0.197575941681862,-24549
chr2,hsa00190,Oxidative phosphorylation - Homo sapiens (human),Brain_Substantia_nigra,chr2_206136174_T_C_b38,rs12620907,ENSG00000023228.14,NDUFS1,4719,4.55216917686153e-09,-0.200191468000412,-23335
chr2,hsa01100,Metabolic pathways - Homo sapiens (human),Brain_Substantia_nigra,chr2_206136174_T_C_b38,rs12620907,ENSG00000023228.14,NDUFS1,4719,4.55216917686153e-09,-0.200191468000412,-23335
chr2,hsa05010,Alzheimer disease - Homo sapiens (human),Brain_Substantia_nigra,chr2_206136174_T_C_b38,rs12620907,ENSG00000023228.14,NDUFS1,4719,4.55216917686153e-09,-0.200191468000412,-23335
chr2,hsa05012,Parkinson disease - Homo sapiens (human),Brain_Substantia_nigra,chr2_206136174_T_C_b38,rs12620907,ENSG00000023228.14,NDUFS1,4719,4.55216917686153e-09,-0.200191468000412,-23335
chr2,hsa05016,Huntington disease - Homo sapiens (human),Brain_Substantia_nigra,chr2_206136174_T_C_b38,rs12620907,ENSG00000023228.14,NDUFS1,4719,4.55216917686153e-09,-0.200191468000412,-23335
chr2,hsa00190,Oxidative phosphorylation - Homo sapiens (human),Brain_Substantia_nigra,chr2_206136541_C_T_b38,rs6435325,ENSG00000023228.14,NDUFS1,4719,9.00485334701283e-09,-0.196602702140808,-22968
chr2,hsa01100,Metabolic pathways - Homo sapiens (human),Brain_Substantia_nigra,chr2_206136541_C_T_b38,rs6435325,ENSG00000023228.14,NDUFS1,4719,9.00485334701283e-09,-0.196602702140808,-22968
chr2,hsa05010,Alzheimer disease - Homo sapiens (human),Brain_Substantia_nigra,chr2_206136541_C_T_b38,rs6435325,ENSG00000023228.14,NDUFS1,4719,9.00485334701283e-09,-0.196602702140808,-22968
chr2,hsa05012,Parkinson disease - Homo sapiens (human),Brain_Substantia_nigra,chr2_206136541_C_T_b38,rs6435325,ENSG00000023228.14,NDUFS1,4719,9.00485334701283e-09,-0.196602702140808,-22968
chr2,hsa05016,Huntington disease - Homo sapiens (human),Brain_Substantia_nigra,chr2_206136541_C_T_b38,rs6435325,ENSG00000023228.14,NDUFS1,4719,9.00485334701283e-09,-0.196602702140808,-22968
chr2,hsa00190,Oxidative phosphorylation - Homo sapiens (human),Brain_Substantia_nigra,chr2_206141211_C_T_b38,rs12476800,ENSG00000023228.14,NDUFS1,4719,9.14746023911498e-09,-0.19566798210144,-18298
chr2,hsa01100,Metabolic pathways - Homo sapiens (human),Brain_Substantia_nigra,chr2_206141211_C_T_b38,rs12476800,ENSG00000023228.14,NDUFS1,4719,9.14746023911498e-09,-0.19566798210144,-18298
chr2,hsa05010,Alzheimer disease - Homo sapiens (human),Brain_Substantia_nigra,chr2_206141211_C_T_b38,rs12476800,ENSG00000023228.14,NDUFS1,4719,9.14746023911498e-09,-0.19566798210144,-18298
chr2,hsa05012,Parkinson disease - Homo sapiens (human),Brain_Substantia_nigra,chr2_206141211_C_T_b38,rs12476800,ENSG00000023228.14,NDUFS1,4719,9.14746023911498e-09,-0.19566798210144,-18298
chr2,hsa05016,Huntington disease - Homo sapiens (human),Brain_Substantia_nigra,chr2_206141211_C_T_b38,rs12476800,ENSG00000023228.14,NDUFS1,4719,9.14746023911498e-09,-0.19566798210144,-18298
chr2,hsa00190,Oxidative phosphorylation - Homo sapiens (human),Brain_Substantia_nigra,chr2_206141742_G_A_b38,rs6435327,ENSG00000023228.14,NDUFS1,4719,3.49966726047386e-08,-0.188658460974693,-17767
chr2,hsa01100,Metabolic pathways - Homo sapiens (human),Brain_Substantia_nigra,chr2_206141742_G_A_b38,rs6435327,ENSG00000023228.14,NDUFS1,4719,3.49966726047386e-08,-0.188658460974693,-17767
chr2,hsa05010,Alzheimer disease - Homo sapiens (human),Brain_Substantia_nigra,chr2_206141742_G_A_b38,rs6435327,ENSG00000023228.14,NDUFS1,4719,3.49966726047386e-08,-0.188658460974693,-17767
chr2,hsa05012,Parkinson disease - Homo sapiens (human),Brain_Substantia_nigra,chr2_206141742_G_A_b38,rs6435327,ENSG00000023228.14,NDUFS1,4719,3.49966726047386e-08,-0.188658460974693,-17767
chr2,hsa05016,Huntington disease - Homo sapiens (human),Brain_Substantia_nigra,chr2_206141742_G_A_b38,rs6435327,ENSG00000023228.14,NDUFS1,4719,3.49966726047386e-08,-0.188658460974693,-17767
chr2,hsa00190,Oxidative phosphorylation - Homo sapiens (human),Brain_Substantia_nigra,chr2_206143951_C_CT_b38,rs35409448,ENSG00000023228.14,NDUFS1,4719,9.14746023911498e-09,-0.19566798210144,-15558
chr2,hsa01100,Metabolic pathways - Homo sapiens (human),Brain_Substantia_nigra,chr2_206143951_C_CT_b38,rs35409448,ENSG00000023228.14,NDUFS1,4719,9.14746023911498e-09,-0.19566798210144,-15558
chr2,hsa05010,Alzheimer disease - Homo sapiens (human),Brain_Substantia_nigra,chr2_206143951_C_CT_b38,rs35409448,ENSG00000023228.14,NDUFS1,4719,9.14746023911498e-09,-0.19566798210144,-15558
chr2,hsa05012,Parkinson disease - Homo sapiens (human),Brain_Substantia_nigra,chr2_206143951_C_CT_b38,rs35409448,ENSG00000023228.14,NDUFS1,4719,9.14746023911498e-09,-0.19566798210144,-15558
chr2,hsa05016,Huntington disease - Homo sapiens (human),Brain_Substantia_nigra,chr2_206143951_C_CT_b38,rs35409448,ENSG00000023228.14,NDUFS1,4719,9.14746023911498e-09,-0.19566798210144,-15558
chr2,hsa00190,Oxidative phosphorylation - Homo sapiens (human),Brain_Substantia_nigra,chr2_206144039_C_A_b38,rs1127566,ENSG00000023228.14,NDUFS1,4719,3.49966726047386e-08,-0.188658460974693,-15470
chr2,hsa01100,Metabolic pathways - Homo sapiens (human),Brain_Substantia_nigra,chr2_206144039_C_A_b38,rs1127566,ENSG00000023228.14,NDUFS1,4719,3.49966726047386e-08,-0.188658460974693,-15470
chr2,hsa05010,Alzheimer disease - Homo sapiens (human),Brain_Substantia_nigra,chr2_206144039_C_A_b38,rs1127566,ENSG00000023228.14,NDUFS1,4719,3.49966726047386e-08,-0.188658460974693,-15470
chr2,hsa05012,Parkinson disease - Homo sapiens (human),Brain_Substantia_nigra,chr2_206144039_C_A_b38,rs1127566,ENSG00000023228.14,NDUFS1,4719,3.49966726047386e-08,-0.188658460974693,-15470
chr2,hsa05016,Huntington disease - Homo sapiens (human),Brain_Substantia_nigra,chr2_206144039_C_A_b38,rs1127566,ENSG00000023228.14,NDUFS1,4719,3.49966726047386e-08,-0.188658460974693,-15470
chr2,hsa00190,Oxidative phosphorylation - Homo sapiens (human),Brain_Substantia_nigra,chr2_206145834_G_T_b38,rs6435330,ENSG00000023228.14,NDUFS1,4719,9.14746023911498e-09,-0.19566798210144,-13675
chr2,hsa01100,Metabolic pathways - Homo sapiens (human),Brain_Substantia_nigra,chr2_206145834_G_T_b38,rs6435330,ENSG00000023228.14,NDUFS1,4719,9.14746023911498e-09,-0.19566798210144,-13675
chr2,hsa05010,Alzheimer disease - Homo sapiens (human),Brain_Substantia_nigra,chr2_206145834_G_T_b38,rs6435330,ENSG00000023228.14,NDUFS1,4719,9.14746023911498e-09,-0.19566798210144,-13675
chr2,hsa05012,Parkinson disease - Homo sapiens (human),Brain_Substantia_nigra,chr2_206145834_G_T_b38,rs6435330,ENSG00000023228.14,NDUFS1,4719,9.14746023911498e-09,-0.19566798210144,-13675
chr2,hsa05016,Huntington disease - Homo sapiens (human),Brain_Substantia_nigra,chr2_206145834_G_T_b38,rs6435330,ENSG00000023228.14,NDUFS1,4719,9.14746023911498e-09,-0.19566798210144,-13675
chr2,hsa00190,Oxidative phosphorylation - Homo sapiens (human),Brain_Substantia_nigra,chr2_206148375_A_C_b38,rs6758114,ENSG00000023228.14,NDUFS1,4719,9.14746023911498e-09,-0.19566798210144,-11134
chr2,hsa01100,Metabolic pathways - Homo sapiens (human),Brain_Substantia_nigra,chr2_206148375_A_C_b38,rs6758114,ENSG00000023228.14,NDUFS1,4719,9.14746023911498e-09,-0.19566798210144,-11134
chr2,hsa05010,Alzheimer disease - Homo sapiens (human),Brain_Substantia_nigra,chr2_206148375_A_C_b38,rs6758114,ENSG00000023228.14,NDUFS1,4719,9.14746023911498e-09,-0.19566798210144,-11134
chr2,hsa05012,Parkinson disease - Homo sapiens (human),Brain_Substantia_nigra,chr2_206148375_A_C_b38,rs6758114,ENSG00000023228.14,NDUFS1,4719,9.14746023911498e-09,-0.19566798210144,-11134
chr2,hsa05016,Huntington disease - Homo sapiens (human),Brain_Substantia_nigra,chr2_206148375_A_C_b38,rs6758114,ENSG00000023228.14,NDUFS1,4719,9.14746023911498e-09,-0.19566798210144,-11134
chr2,hsa00190,Oxidative phosphorylation - Homo sapiens (human),Brain_Substantia_nigra,chr2_206154123_T_C_b38,rs4147712,ENSG00000023228.14,NDUFS1,4719,9.14746023911498e-09,-0.19566798210144,-5386
chr2,hsa01100,Metabolic pathways - Homo sapiens (human),Brain_Substantia_nigra,chr2_206154123_T_C_b38,rs4147712,ENSG00000023228.14,NDUFS1,4719,9.14746023911498e-09,-0.19566798210144,-5386
chr2,hsa05010,Alzheimer disease - Homo sapiens (human),Brain_Substantia_nigra,chr2_206154123_T_C_b38,rs4147712,ENSG00000023228.14,NDUFS1,4719,9.14746023911498e-09,-0.19566798210144,-5386
chr2,hsa05012,Parkinson disease - Homo sapiens (human),Brain_Substantia_nigra,chr2_206154123_T_C_b38,rs4147712,ENSG00000023228.14,NDUFS1,4719,9.14746023911498e-09,-0.19566798210144,-5386
chr2,hsa05016,Huntington disease - Homo sapiens (human),Brain_Substantia_nigra,chr2_206154123_T_C_b38,rs4147712,ENSG00000023228.14,NDUFS1,4719,9.14746023911498e-09,-0.19566798210144,-5386
chr2,hsa00190,Oxidative phosphorylation - Homo sapiens (human),Brain_Substantia_nigra,chr2_206155630_G_C_b38,rs6435332,ENSG00000023228.14,NDUFS1,4719,9.14746023911498e-09,-0.19566798210144,-3879
chr2,hsa01100,Metabolic pathways - Homo sapiens (human),Brain_Substantia_nigra,chr2_206155630_G_C_b38,rs6435332,ENSG00000023228.14,NDUFS1,4719,9.14746023911498e-09,-0.19566798210144,-3879
chr2,hsa05010,Alzheimer disease - Homo sapiens (human),Brain_Substantia_nigra,chr2_206155630_G_C_b38,rs6435332,ENSG00000023228.14,NDUFS1,4719,9.14746023911498e-09,-0.19566798210144,-3879
chr2,hsa05012,Parkinson disease - Homo sapiens (human),Brain_Substantia_nigra,chr2_206155630_G_C_b38,rs6435332,ENSG00000023228.14,NDUFS1,4719,9.14746023911498e-09,-0.19566798210144,-3879
chr2,hsa05016,Huntington disease - Homo sapiens (human),Brain_Substantia_nigra,chr2_206155630_G_C_b38,rs6435332,ENSG00000023228.14,NDUFS1,4719,9.14746023911498e-09,-0.19566798210144,-3879
chr2,hsa00190,Oxidative phosphorylation - Homo sapiens (human),Brain_Substantia_nigra,chr2_206156212_A_G_b38,rs62195387,ENSG00000023228.14,NDUFS1,4719,9.96256281024977e-09,-0.19361586868763,-3297
chr2,hsa01100,Metabolic pathways - Homo sapiens (human),Brain_Substantia_nigra,chr2_206156212_A_G_b38,rs62195387,ENSG00000023228.14,NDUFS1,4719,9.96256281024977e-09,-0.19361586868763,-3297
chr2,hsa05010,Alzheimer disease - Homo sapiens (human),Brain_Substantia_nigra,chr2_206156212_A_G_b38,rs62195387,ENSG00000023228.14,NDUFS1,4719,9.96256281024977e-09,-0.19361586868763,-3297
chr2,hsa05012,Parkinson disease - Homo sapiens (human),Brain_Substantia_nigra,chr2_206156212_A_G_b38,rs62195387,ENSG00000023228.14,NDUFS1,4719,9.96256281024977e-09,-0.19361586868763,-3297
chr2,hsa05016,Huntington disease - Homo sapiens (human),Brain_Substantia_nigra,chr2_206156212_A_G_b38,rs62195387,ENSG00000023228.14,NDUFS1,4719,9.96256281024977e-09,-0.19361586868763,-3297
chr2,hsa00190,Oxidative phosphorylation - Homo sapiens (human),Brain_Substantia_nigra,chr2_206156373_G_T_b38,rs7589847,ENSG00000023228.14,NDUFS1,4719,3.49966726047386e-08,-0.188658460974693,-3136
chr2,hsa01100,Metabolic pathways - Homo sapiens (human),Brain_Substantia_nigra,chr2_206156373_G_T_b38,rs7589847,ENSG00000023228.14,NDUFS1,4719,3.49966726047386e-08,-0.188658460974693,-3136
chr2,hsa05010,Alzheimer disease - Homo sapiens (human),Brain_Substantia_nigra,chr2_206156373_G_T_b38,rs7589847,ENSG00000023228.14,NDUFS1,4719,3.49966726047386e-08,-0.188658460974693,-3136
chr2,hsa05012,Parkinson disease - Homo sapiens (human),Brain_Substantia_nigra,chr2_206156373_G_T_b38,rs7589847,ENSG00000023228.14,NDUFS1,4719,3.49966726047386e-08,-0.188658460974693,-3136
chr2,hsa05016,Huntington disease - Homo sapiens (human),Brain_Substantia_nigra,chr2_206156373_G_T_b38,rs7589847,ENSG00000023228.14,NDUFS1,4719,3.49966726047386e-08,-0.188658460974693,-3136
chr2,hsa00190,Oxidative phosphorylation - Homo sapiens (human),Brain_Substantia_nigra,chr2_206156821_G_T_b38,rs6741160,ENSG00000023228.14,NDUFS1,4719,9.14746023911498e-09,-0.19566798210144,-2688
chr2,hsa01100,Metabolic pathways - Homo sapiens (human),Brain_Substantia_nigra,chr2_206156821_G_T_b38,rs6741160,ENSG00000023228.14,NDUFS1,4719,9.14746023911498e-09,-0.19566798210144,-2688
chr2,hsa05010,Alzheimer disease - Homo sapiens (human),Brain_Substantia_nigra,chr2_206156821_G_T_b38,rs6741160,ENSG00000023228.14,NDUFS1,4719,9.14746023911498e-09,-0.19566798210144,-2688
chr2,hsa05012,Parkinson disease - Homo sapiens (human),Brain_Substantia_nigra,chr2_206156821_G_T_b38,rs6741160,ENSG00000023228.14,NDUFS1,4719,9.14746023911498e-09,-0.19566798210144,-2688
chr2,hsa05016,Huntington disease - Homo sapiens (human),Brain_Substantia_nigra,chr2_206156821_G_T_b38,rs6741160,ENSG00000023228.14,NDUFS1,4719,9.14746023911498e-09,-0.19566798210144,-2688
chr2,hsa00190,Oxidative phosphorylation - Homo sapiens (human),Brain_Substantia_nigra,chr2_206158198_G_A_b38,rs13015461,ENSG00000023228.14,NDUFS1,4719,3.49966726047386e-08,-0.188658460974693,-1311
chr2,hsa01100,Metabolic pathways - Homo sapiens (human),Brain_Substantia_nigra,chr2_206158198_G_A_b38,rs13015461,ENSG00000023228.14,NDUFS1,4719,3.49966726047386e-08,-0.188658460974693,-1311
chr2,hsa05010,Alzheimer disease - Homo sapiens (human),Brain_Substantia_nigra,chr2_206158198_G_A_b38,rs13015461,ENSG00000023228.14,NDUFS1,4719,3.49966726047386e-08,-0.188658460974693,-1311
chr2,hsa05012,Parkinson disease - Homo sapiens (human),Brain_Substantia_nigra,chr2_206158198_G_A_b38,rs13015461,ENSG00000023228.14,NDUFS1,4719,3.49966726047386e-08,-0.188658460974693,-1311
chr2,hsa05016,Huntington disease - Homo sapiens (human),Brain_Substantia_nigra,chr2_206158198_G_A_b38,rs13015461,ENSG00000023228.14,NDUFS1,4719,3.49966726047386e-08,-0.188658460974693,-1311
chr2,hsa00190,Oxidative phosphorylation - Homo sapiens (human),Brain_Substantia_nigra,chr2_206158419_G_C_b38,rs10178430,ENSG00000023228.14,NDUFS1,4719,1.88948249818691e-08,-0.190146625041962,-1090
chr2,hsa01100,Metabolic pathways - Homo sapiens (human),Brain_Substantia_nigra,chr2_206158419_G_C_b38,rs10178430,ENSG00000023228.14,NDUFS1,4719,1.88948249818691e-08,-0.190146625041962,-1090
chr2,hsa05010,Alzheimer disease - Homo sapiens (human),Brain_Substantia_nigra,chr2_206158419_G_C_b38,rs10178430,ENSG00000023228.14,NDUFS1,4719,1.88948249818691e-08,-0.190146625041962,-1090
chr2,hsa05012,Parkinson disease - Homo sapiens (human),Brain_Substantia_nigra,chr2_206158419_G_C_b38,rs10178430,ENSG00000023228.14,NDUFS1,4719,1.88948249818691e-08,-0.190146625041962,-1090
chr2,hsa05016,Huntington disease - Homo sapiens (human),Brain_Substantia_nigra,chr2_206158419_G_C_b38,rs10178430,ENSG00000023228.14,NDUFS1,4719,1.88948249818691e-08,-0.190146625041962,-1090
chr2,hsa00190,Oxidative phosphorylation - Homo sapiens (human),Brain_Substantia_nigra,chr2_206158784_T_C_b38,rs4147711,ENSG00000023228.14,NDUFS1,4719,1.88948249818691e-08,-0.190146625041962,-725
chr2,hsa01100,Metabolic pathways - Homo sapiens (human),Brain_Substantia_nigra,chr2_206158784_T_C_b38,rs4147711,ENSG00000023228.14,NDUFS1,4719,1.88948249818691e-08,-0.190146625041962,-725
chr2,hsa05010,Alzheimer disease - Homo sapiens (human),Brain_Substantia_nigra,chr2_206158784_T_C_b38,rs4147711,ENSG00000023228.14,NDUFS1,4719,1.88948249818691e-08,-0.190146625041962,-725
chr2,hsa05012,Parkinson disease - Homo sapiens (human),Brain_Substantia_nigra,chr2_206158784_T_C_b38,rs4147711,ENSG00000023228.14,NDUFS1,4719,1.88948249818691e-08,-0.190146625041962,-725
chr2,hsa05016,Huntington disease - Homo sapiens (human),Brain_Substantia_nigra,chr2_206158784_T_C_b38,rs4147711,ENSG00000023228.14,NDUFS1,4719,1.88948249818691e-08,-0.190146625041962,-725
chr2,hsa00190,Oxidative phosphorylation - Homo sapiens (human),Brain_Substantia_nigra,chr2_206158871_C_A_b38,rs4147709,ENSG00000023228.14,NDUFS1,4719,1.88948249818691e-08,-0.190146625041962,-638
chr2,hsa01100,Metabolic pathways - Homo sapiens (human),Brain_Substantia_nigra,chr2_206158871_C_A_b38,rs4147709,ENSG00000023228.14,NDUFS1,4719,1.88948249818691e-08,-0.190146625041962,-638
chr2,hsa05010,Alzheimer disease - Homo sapiens (human),Brain_Substantia_nigra,chr2_206158871_C_A_b38,rs4147709,ENSG00000023228.14,NDUFS1,4719,1.88948249818691e-08,-0.190146625041962,-638
chr2,hsa05012,Parkinson disease - Homo sapiens (human),Brain_Substantia_nigra,chr2_206158871_C_A_b38,rs4147709,ENSG00000023228.14,NDUFS1,4719,1.88948249818691e-08,-0.190146625041962,-638
chr2,hsa05016,Huntington disease - Homo sapiens (human),Brain_Substantia_nigra,chr2_206158871_C_A_b38,rs4147709,ENSG00000023228.14,NDUFS1,4719,1.88948249818691e-08,-0.190146625041962,-638
chr2,hsa00190,Oxidative phosphorylation - Homo sapiens (human),Brain_Substantia_nigra,chr2_206158896_A_G_b38,rs4147708,ENSG00000023228.14,NDUFS1,4719,1.88948249818691e-08,-0.190146625041962,-613
chr2,hsa01100,Metabolic pathways - Homo sapiens (human),Brain_Substantia_nigra,chr2_206158896_A_G_b38,rs4147708,ENSG00000023228.14,NDUFS1,4719,1.88948249818691e-08,-0.190146625041962,-613
chr2,hsa05010,Alzheimer disease - Homo sapiens (human),Brain_Substantia_nigra,chr2_206158896_A_G_b38,rs4147708,ENSG00000023228.14,NDUFS1,4719,1.88948249818691e-08,-0.190146625041962,-613
chr2,hsa05012,Parkinson disease - Homo sapiens (human),Brain_Substantia_nigra,chr2_206158896_A_G_b38,rs4147708,ENSG00000023228.14,NDUFS1,4719,1.88948249818691e-08,-0.190146625041962,-613
chr2,hsa05016,Huntington disease - Homo sapiens (human),Brain_Substantia_nigra,chr2_206158896_A_G_b38,rs4147708,ENSG00000023228.14,NDUFS1,4719,1.88948249818691e-08,-0.190146625041962,-613
chr2,hsa00190,Oxidative phosphorylation - Homo sapiens (human),Brain_Substantia_nigra,chr2_206162683_C_CT_b38,rs35430253,ENSG00000023228.14,NDUFS1,4719,1.88948249818691e-08,-0.190146625041962,3174
chr2,hsa01100,Metabolic pathways - Homo sapiens (human),Brain_Substantia_nigra,chr2_206162683_C_CT_b38,rs35430253,ENSG00000023228.14,NDUFS1,4719,1.88948249818691e-08,-0.190146625041962,3174
chr2,hsa05010,Alzheimer disease - Homo sapiens (human),Brain_Substantia_nigra,chr2_206162683_C_CT_b38,rs35430253,ENSG00000023228.14,NDUFS1,4719,1.88948249818691e-08,-0.190146625041962,3174
chr2,hsa05012,Parkinson disease - Homo sapiens (human),Brain_Substantia_nigra,chr2_206162683_C_CT_b38,rs35430253,ENSG00000023228.14,NDUFS1,4719,1.88948249818691e-08,-0.190146625041962,3174
chr2,hsa05016,Huntington disease - Homo sapiens (human),Brain_Substantia_nigra,chr2_206162683_C_CT_b38,rs35430253,ENSG00000023228.14,NDUFS1,4719,1.88948249818691e-08,-0.190146625041962,3174
chr2,hsa00190,Oxidative phosphorylation - Homo sapiens (human),Brain_Substantia_nigra,chr2_206164654_G_A_b38,rs11689840,ENSG00000023228.14,NDUFS1,4719,1.88948249818691e-08,-0.190146625041962,5145
chr2,hsa01100,Metabolic pathways - Homo sapiens (human),Brain_Substantia_nigra,chr2_206164654_G_A_b38,rs11689840,ENSG00000023228.14,NDUFS1,4719,1.88948249818691e-08,-0.190146625041962,5145
chr2,hsa05010,Alzheimer disease - Homo sapiens (human),Brain_Substantia_nigra,chr2_206164654_G_A_b38,rs11689840,ENSG00000023228.14,NDUFS1,4719,1.88948249818691e-08,-0.190146625041962,5145
chr2,hsa05012,Parkinson disease - Homo sapiens (human),Brain_Substantia_nigra,chr2_206164654_G_A_b38,rs11689840,ENSG00000023228.14,NDUFS1,4719,1.88948249818691e-08,-0.190146625041962,5145
chr2,hsa05016,Huntington disease - Homo sapiens (human),Brain_Substantia_nigra,chr2_206164654_G_A_b38,rs11689840,ENSG00000023228.14,NDUFS1,4719,1.88948249818691e-08,-0.190146625041962,5145
chr2,hsa00190,Oxidative phosphorylation - Homo sapiens (human),Brain_Substantia_nigra,chr2_206164905_T_C_b38,rs13384224,ENSG00000023228.14,NDUFS1,4719,1.88948249818691e-08,-0.190146625041962,5396
chr2,hsa01100,Metabolic pathways - Homo sapiens (human),Brain_Substantia_nigra,chr2_206164905_T_C_b38,rs13384224,ENSG00000023228.14,NDUFS1,4719,1.88948249818691e-08,-0.190146625041962,5396
chr2,hsa05010,Alzheimer disease - Homo sapiens (human),Brain_Substantia_nigra,chr2_206164905_T_C_b38,rs13384224,ENSG00000023228.14,NDUFS1,4719,1.88948249818691e-08,-0.190146625041962,5396
chr2,hsa05012,Parkinson disease - Homo sapiens (human),Brain_Substantia_nigra,chr2_206164905_T_C_b38,rs13384224,ENSG00000023228.14,NDUFS1,4719,1.88948249818691e-08,-0.190146625041962,5396
chr2,hsa05016,Huntington disease - Homo sapiens (human),Brain_Substantia_nigra,chr2_206164905_T_C_b38,rs13384224,ENSG00000023228.14,NDUFS1,4719,1.88948249818691e-08,-0.190146625041962,5396
chr2,hsa00190,Oxidative phosphorylation - Homo sapiens (human),Brain_Substantia_nigra,chr2_206165179_A_G_b38,rs12694043,ENSG00000023228.14,NDUFS1,4719,1.88948249818691e-08,-0.190146625041962,5670
chr2,hsa01100,Metabolic pathways - Homo sapiens (human),Brain_Substantia_nigra,chr2_206165179_A_G_b38,rs12694043,ENSG00000023228.14,NDUFS1,4719,1.88948249818691e-08,-0.190146625041962,5670
chr2,hsa05010,Alzheimer disease - Homo sapiens (human),Brain_Substantia_nigra,chr2_206165179_A_G_b38,rs12694043,ENSG00000023228.14,NDUFS1,4719,1.88948249818691e-08,-0.190146625041962,5670
chr2,hsa05012,Parkinson disease - Homo sapiens (human),Brain_Substantia_nigra,chr2_206165179_A_G_b38,rs12694043,ENSG00000023228.14,NDUFS1,4719,1.88948249818691e-08,-0.190146625041962,5670
chr2,hsa05016,Huntington disease - Homo sapiens (human),Brain_Substantia_nigra,chr2_206165179_A_G_b38,rs12694043,ENSG00000023228.14,NDUFS1,4719,1.88948249818691e-08,-0.190146625041962,5670
chr2,hsa00190,Oxidative phosphorylation - Homo sapiens (human),Brain_Substantia_nigra,chr2_206165306_T_C_b38,rs12991166,ENSG00000023228.14,NDUFS1,4719,1.88948249818691e-08,-0.190146625041962,5797
chr2,hsa01100,Metabolic pathways - Homo sapiens (human),Brain_Substantia_nigra,chr2_206165306_T_C_b38,rs12991166,ENSG00000023228.14,NDUFS1,4719,1.88948249818691e-08,-0.190146625041962,5797
chr2,hsa05010,Alzheimer disease - Homo sapiens (human),Brain_Substantia_nigra,chr2_206165306_T_C_b38,rs12991166,ENSG00000023228.14,NDUFS1,4719,1.88948249818691e-08,-0.190146625041962,5797
chr2,hsa05012,Parkinson disease - Homo sapiens (human),Brain_Substantia_nigra,chr2_206165306_T_C_b38,rs12991166,ENSG00000023228.14,NDUFS1,4719,1.88948249818691e-08,-0.190146625041962,5797
chr2,hsa05016,Huntington disease - Homo sapiens (human),Brain_Substantia_nigra,chr2_206165306_T_C_b38,rs12991166,ENSG00000023228.14,NDUFS1,4719,1.88948249818691e-08,-0.190146625041962,5797
chr2,hsa00190,Oxidative phosphorylation - Homo sapiens (human),Brain_Substantia_nigra,chr2_206165561_A_G_b38,rs7596936,ENSG00000023228.14,NDUFS1,4719,1.88948249818691e-08,-0.190146625041962,6052
chr2,hsa01100,Metabolic pathways - Homo sapiens (human),Brain_Substantia_nigra,chr2_206165561_A_G_b38,rs7596936,ENSG00000023228.14,NDUFS1,4719,1.88948249818691e-08,-0.190146625041962,6052
chr2,hsa05010,Alzheimer disease - Homo sapiens (human),Brain_Substantia_nigra,chr2_206165561_A_G_b38,rs7596936,ENSG00000023228.14,NDUFS1,4719,1.88948249818691e-08,-0.190146625041962,6052
chr2,hsa05012,Parkinson disease - Homo sapiens (human),Brain_Substantia_nigra,chr2_206165561_A_G_b38,rs7596936,ENSG00000023228.14,NDUFS1,4719,1.88948249818691e-08,-0.190146625041962,6052
chr2,hsa05016,Huntington disease - Homo sapiens (human),Brain_Substantia_nigra,chr2_206165561_A_G_b38,rs7596936,ENSG00000023228.14,NDUFS1,4719,1.88948249818691e-08,-0.190146625041962,6052
chr2,hsa00190,Oxidative phosphorylation - Homo sapiens (human),Brain_Substantia_nigra,chr2_206169043_TCAGA_T_b38,rs34359895,ENSG00000023228.14,NDUFS1,4719,1.88948249818691e-08,-0.190146625041962,9534
chr2,hsa01100,Metabolic pathways - Homo sapiens (human),Brain_Substantia_nigra,chr2_206169043_TCAGA_T_b38,rs34359895,ENSG00000023228.14,NDUFS1,4719,1.88948249818691e-08,-0.190146625041962,9534
chr2,hsa05010,Alzheimer disease - Homo sapiens (human),Brain_Substantia_nigra,chr2_206169043_TCAGA_T_b38,rs34359895,ENSG00000023228.14,NDUFS1,4719,1.88948249818691e-08,-0.190146625041962,9534
chr2,hsa05012,Parkinson disease - Homo sapiens (human),Brain_Substantia_nigra,chr2_206169043_TCAGA_T_b38,rs34359895,ENSG00000023228.14,NDUFS1,4719,1.88948249818691e-08,-0.190146625041962,9534
chr2,hsa05016,Huntington disease - Homo sapiens (human),Brain_Substantia_nigra,chr2_206169043_TCAGA_T_b38,rs34359895,ENSG00000023228.14,NDUFS1,4719,1.88948249818691e-08,-0.190146625041962,9534
chr2,hsa00190,Oxidative phosphorylation - Homo sapiens (human),Brain_Substantia_nigra,chr2_206169111_T_C_b38,rs12478671,ENSG00000023228.14,NDUFS1,4719,1.88948249818691e-08,-0.190146625041962,9602
chr2,hsa01100,Metabolic pathways - Homo sapiens (human),Brain_Substantia_nigra,chr2_206169111_T_C_b38,rs12478671,ENSG00000023228.14,NDUFS1,4719,1.88948249818691e-08,-0.190146625041962,9602
chr2,hsa05010,Alzheimer disease - Homo sapiens (human),Brain_Substantia_nigra,chr2_206169111_T_C_b38,rs12478671,ENSG00000023228.14,NDUFS1,4719,1.88948249818691e-08,-0.190146625041962,9602
chr2,hsa05012,Parkinson disease - Homo sapiens (human),Brain_Substantia_nigra,chr2_206169111_T_C_b38,rs12478671,ENSG00000023228.14,NDUFS1,4719,1.88948249818691e-08,-0.190146625041962,9602
chr2,hsa05016,Huntington disease - Homo sapiens (human),Brain_Substantia_nigra,chr2_206169111_T_C_b38,rs12478671,ENSG00000023228.14,NDUFS1,4719,1.88948249818691e-08,-0.190146625041962,9602
chr2,hsa00190,Oxidative phosphorylation - Homo sapiens (human),Brain_Substantia_nigra,chr2_206171367_C_G_b38,rs62195391,ENSG00000023228.14,NDUFS1,4719,9.46217512321402e-09,-0.196925669908524,11858
chr2,hsa01100,Metabolic pathways - Homo sapiens (human),Brain_Substantia_nigra,chr2_206171367_C_G_b38,rs62195391,ENSG00000023228.14,NDUFS1,4719,9.46217512321402e-09,-0.196925669908524,11858
chr2,hsa05010,Alzheimer disease - Homo sapiens (human),Brain_Substantia_nigra,chr2_206171367_C_G_b38,rs62195391,ENSG00000023228.14,NDUFS1,4719,9.46217512321402e-09,-0.196925669908524,11858
chr2,hsa05012,Parkinson disease - Homo sapiens (human),Brain_Substantia_nigra,chr2_206171367_C_G_b38,rs62195391,ENSG00000023228.14,NDUFS1,4719,9.46217512321402e-09,-0.196925669908524,11858
chr2,hsa05016,Huntington disease - Homo sapiens (human),Brain_Substantia_nigra,chr2_206171367_C_G_b38,rs62195391,ENSG00000023228.14,NDUFS1,4719,9.46217512321402e-09,-0.196925669908524,11858
chr2,hsa00190,Oxidative phosphorylation - Homo sapiens (human),Brain_Substantia_nigra,chr2_206171716_T_C_b38,rs75773775,ENSG00000023228.14,NDUFS1,4719,1.88948249818691e-08,-0.190146625041962,12207
chr2,hsa01100,Metabolic pathways - Homo sapiens (human),Brain_Substantia_nigra,chr2_206171716_T_C_b38,rs75773775,ENSG00000023228.14,NDUFS1,4719,1.88948249818691e-08,-0.190146625041962,12207
chr2,hsa05010,Alzheimer disease - Homo sapiens (human),Brain_Substantia_nigra,chr2_206171716_T_C_b38,rs75773775,ENSG00000023228.14,NDUFS1,4719,1.88948249818691e-08,-0.190146625041962,12207
chr2,hsa05012,Parkinson disease - Homo sapiens (human),Brain_Substantia_nigra,chr2_206171716_T_C_b38,rs75773775,ENSG00000023228.14,NDUFS1,4719,1.88948249818691e-08,-0.190146625041962,12207
chr2,hsa05016,Huntington disease - Homo sapiens (human),Brain_Substantia_nigra,chr2_206171716_T_C_b38,rs75773775,ENSG00000023228.14,NDUFS1,4719,1.88948249818691e-08,-0.190146625041962,12207
chr2,hsa00190,Oxidative phosphorylation - Homo sapiens (human),Brain_Substantia_nigra,chr2_206173697_T_G_b38,rs13011260,ENSG00000023228.14,NDUFS1,4719,6.67209252539544e-09,-0.193971946835518,14188
chr2,hsa01100,Metabolic pathways - Homo sapiens (human),Brain_Substantia_nigra,chr2_206173697_T_G_b38,rs13011260,ENSG00000023228.14,NDUFS1,4719,6.67209252539544e-09,-0.193971946835518,14188
chr2,hsa05010,Alzheimer disease - Homo sapiens (human),Brain_Substantia_nigra,chr2_206173697_T_G_b38,rs13011260,ENSG00000023228.14,NDUFS1,4719,6.67209252539544e-09,-0.193971946835518,14188
chr2,hsa05012,Parkinson disease - Homo sapiens (human),Brain_Substantia_nigra,chr2_206173697_T_G_b38,rs13011260,ENSG00000023228.14,NDUFS1,4719,6.67209252539544e-09,-0.193971946835518,14188
chr2,hsa05016,Huntington disease - Homo sapiens (human),Brain_Substantia_nigra,chr2_206173697_T_G_b38,rs13011260,ENSG00000023228.14,NDUFS1,4719,6.67209252539544e-09,-0.193971946835518,14188
chr2,hsa00190,Oxidative phosphorylation - Homo sapiens (human),Brain_Substantia_nigra,chr2_206174592_C_T_b38,rs10166836,ENSG00000023228.14,NDUFS1,4719,1.88948249818691e-08,-0.190146625041962,15083
chr2,hsa01100,Metabolic pathways - Homo sapiens (human),Brain_Substantia_nigra,chr2_206174592_C_T_b38,rs10166836,ENSG00000023228.14,NDUFS1,4719,1.88948249818691e-08,-0.190146625041962,15083
chr2,hsa05010,Alzheimer disease - Homo sapiens (human),Brain_Substantia_nigra,chr2_206174592_C_T_b38,rs10166836,ENSG00000023228.14,NDUFS1,4719,1.88948249818691e-08,-0.190146625041962,15083
chr2,hsa05012,Parkinson disease - Homo sapiens (human),Brain_Substantia_nigra,chr2_206174592_C_T_b38,rs10166836,ENSG00000023228.14,NDUFS1,4719,1.88948249818691e-08,-0.190146625041962,15083
chr2,hsa05016,Huntington disease - Homo sapiens (human),Brain_Substantia_nigra,chr2_206174592_C_T_b38,rs10166836,ENSG00000023228.14,NDUFS1,4719,1.88948249818691e-08,-0.190146625041962,15083
chr2,hsa00190,Oxidative phosphorylation - Homo sapiens (human),Brain_Substantia_nigra,chr2_206176329_T_C_b38,rs3732083,ENSG00000023228.14,NDUFS1,4719,2.54086419675756e-08,-0.187181249260902,16820
chr2,hsa01100,Metabolic pathways - Homo sapiens (human),Brain_Substantia_nigra,chr2_206176329_T_C_b38,rs3732083,ENSG00000023228.14,NDUFS1,4719,2.54086419675756e-08,-0.187181249260902,16820
chr2,hsa05010,Alzheimer disease - Homo sapiens (human),Brain_Substantia_nigra,chr2_206176329_T_C_b38,rs3732083,ENSG00000023228.14,NDUFS1,4719,2.54086419675756e-08,-0.187181249260902,16820
chr2,hsa05012,Parkinson disease - Homo sapiens (human),Brain_Substantia_nigra,chr2_206176329_T_C_b38,rs3732083,ENSG00000023228.14,NDUFS1,4719,2.54086419675756e-08,-0.187181249260902,16820
chr2,hsa05016,Huntington disease - Homo sapiens (human),Brain_Substantia_nigra,chr2_206176329_T_C_b38,rs3732083,ENSG00000023228.14,NDUFS1,4719,2.54086419675756e-08,-0.187181249260902,16820
chr2,hsa00190,Oxidative phosphorylation - Homo sapiens (human),Brain_Substantia_nigra,chr2_206182079_G_A_b38,rs13394168,ENSG00000023228.14,NDUFS1,4719,6.86588091755642e-09,-0.195027783513069,22570
chr2,hsa01100,Metabolic pathways - Homo sapiens (human),Brain_Substantia_nigra,chr2_206182079_G_A_b38,rs13394168,ENSG00000023228.14,NDUFS1,4719,6.86588091755642e-09,-0.195027783513069,22570
chr2,hsa05010,Alzheimer disease - Homo sapiens (human),Brain_Substantia_nigra,chr2_206182079_G_A_b38,rs13394168,ENSG00000023228.14,NDUFS1,4719,6.86588091755642e-09,-0.195027783513069,22570
chr2,hsa05012,Parkinson disease - Homo sapiens (human),Brain_Substantia_nigra,chr2_206182079_G_A_b38,rs13394168,ENSG00000023228.14,NDUFS1,4719,6.86588091755642e-09,-0.195027783513069,22570
chr2,hsa05016,Huntington disease - Homo sapiens (human),Brain_Substantia_nigra,chr2_206182079_G_A_b38,rs13394168,ENSG00000023228.14,NDUFS1,4719,6.86588091755642e-09,-0.195027783513069,22570
chr2,hsa00750,Vitamin B6 metabolism - Homo sapiens (human),Brain_Substantia_nigra,chr2_169518992_C_CTA_b38,rs34436874,ENSG00000144362.12,PHOSPHO2,493911,1.89401555869378e-08,0.460639327764511,-175462
chr2,hsa01100,Metabolic pathways - Homo sapiens (human),Brain_Substantia_nigra,chr2_169518992_C_CTA_b38,rs34436874,ENSG00000144362.12,PHOSPHO2,493911,1.89401555869378e-08,0.460639327764511,-175462
chr2,hsa00750,Vitamin B6 metabolism - Homo sapiens (human),Brain_Substantia_nigra,chr2_169528112_A_C_b38,rs2683450,ENSG00000144362.12,PHOSPHO2,493911,5.80655680181214e-09,0.482308834791184,-166342
chr2,hsa01100,Metabolic pathways - Homo sapiens (human),Brain_Substantia_nigra,chr2_169528112_A_C_b38,rs2683450,ENSG00000144362.12,PHOSPHO2,493911,5.80655680181214e-09,0.482308834791184,-166342
chr2,hsa00750,Vitamin B6 metabolism - Homo sapiens (human),Brain_Substantia_nigra,chr2_169538366_C_T_b38,rs1838903,ENSG00000144362.12,PHOSPHO2,493911,4.41820020989487e-09,0.488077580928803,-156088
chr2,hsa01100,Metabolic pathways - Homo sapiens (human),Brain_Substantia_nigra,chr2_169538366_C_T_b38,rs1838903,ENSG00000144362.12,PHOSPHO2,493911,4.41820020989487e-09,0.488077580928803,-156088
chr2,hsa00750,Vitamin B6 metabolism - Homo sapiens (human),Brain_Substantia_nigra,chr2_169545704_T_C_b38,rs2683424,ENSG00000144362.12,PHOSPHO2,493911,1.79622702736402e-09,0.499012172222138,-148750
chr2,hsa01100,Metabolic pathways - Homo sapiens (human),Brain_Substantia_nigra,chr2_169545704_T_C_b38,rs2683424,ENSG00000144362.12,PHOSPHO2,493911,1.79622702736402e-09,0.499012172222138,-148750
chr2,hsa00750,Vitamin B6 metabolism - Homo sapiens (human),Brain_Substantia_nigra,chr2_169547834_A_G_b38,rs2592821,ENSG00000144362.12,PHOSPHO2,493911,1.79622702736402e-09,0.499012172222138,-146620
chr2,hsa01100,Metabolic pathways - Homo sapiens (human),Brain_Substantia_nigra,chr2_169547834_A_G_b38,rs2592821,ENSG00000144362.12,PHOSPHO2,493911,1.79622702736402e-09,0.499012172222138,-146620
chr2,hsa00750,Vitamin B6 metabolism - Homo sapiens (human),Brain_Substantia_nigra,chr2_169552749_G_A_b38,rs2441677,ENSG00000144362.12,PHOSPHO2,493911,1.79623180675346e-09,0.499012142419815,-141705
chr2,hsa01100,Metabolic pathways - Homo sapiens (human),Brain_Substantia_nigra,chr2_169552749_G_A_b38,rs2441677,ENSG00000144362.12,PHOSPHO2,493911,1.79623180675346e-09,0.499012142419815,-141705
chr2,hsa00750,Vitamin B6 metabolism - Homo sapiens (human),Brain_Substantia_nigra,chr2_169552816_C_T_b38,rs2460867,ENSG00000144362.12,PHOSPHO2,493911,1.79622702736402e-09,0.499012172222138,-141638
chr2,hsa01100,Metabolic pathways - Homo sapiens (human),Brain_Substantia_nigra,chr2_169552816_C_T_b38,rs2460867,ENSG00000144362.12,PHOSPHO2,493911,1.79622702736402e-09,0.499012172222138,-141638
chr2,hsa00750,Vitamin B6 metabolism - Homo sapiens (human),Brain_Substantia_nigra,chr2_169559883_G_A_b38,rs2683453,ENSG00000144362.12,PHOSPHO2,493911,1.79622702736402e-09,0.499012172222138,-134571
chr2,hsa01100,Metabolic pathways - Homo sapiens (human),Brain_Substantia_nigra,chr2_169559883_G_A_b38,rs2683453,ENSG00000144362.12,PHOSPHO2,493911,1.79622702736402e-09,0.499012172222138,-134571
chr2,hsa00750,Vitamin B6 metabolism - Homo sapiens (human),Brain_Substantia_nigra,chr2_169568860_A_C_b38,rs3099554,ENSG00000144362.12,PHOSPHO2,493911,8.69228215990142e-12,0.556993782520294,-125594
chr2,hsa01100,Metabolic pathways - Homo sapiens (human),Brain_Substantia_nigra,chr2_169568860_A_C_b38,rs3099554,ENSG00000144362.12,PHOSPHO2,493911,8.69228215990142e-12,0.556993782520294,-125594
chr2,hsa00750,Vitamin B6 metabolism - Homo sapiens (human),Brain_Substantia_nigra,chr2_169580509_A_G_b38,rs7584631,ENSG00000144362.12,PHOSPHO2,493911,1.30310064173402e-10,0.538374960422516,-113945
chr2,hsa01100,Metabolic pathways - Homo sapiens (human),Brain_Substantia_nigra,chr2_169580509_A_G_b38,rs7584631,ENSG00000144362.12,PHOSPHO2,493911,1.30310064173402e-10,0.538374960422516,-113945
chr2,hsa00750,Vitamin B6 metabolism - Homo sapiens (human),Brain_Substantia_nigra,chr2_169588146_C_CAA_b38,rs59940992,ENSG00000144362.12,PHOSPHO2,493911,1.45846539559533e-10,0.536524295806885,-106308
chr2,hsa01100,Metabolic pathways - Homo sapiens (human),Brain_Substantia_nigra,chr2_169588146_C_CAA_b38,rs59940992,ENSG00000144362.12,PHOSPHO2,493911,1.45846539559533e-10,0.536524295806885,-106308
chr2,hsa00750,Vitamin B6 metabolism - Homo sapiens (human),Brain_Substantia_nigra,chr2_169592565_G_A_b38,rs9287916,ENSG00000144362.12,PHOSPHO2,493911,2.45350970095153e-09,0.497112631797791,-101889
chr2,hsa01100,Metabolic pathways - Homo sapiens (human),Brain_Substantia_nigra,chr2_169592565_G_A_b38,rs9287916,ENSG00000144362.12,PHOSPHO2,493911,2.45350970095153e-09,0.497112631797791,-101889
chr2,hsa00750,Vitamin B6 metabolism - Homo sapiens (human),Brain_Substantia_nigra,chr2_169593338_A_G_b38,rs2683452,ENSG00000144362.12,PHOSPHO2,493911,1.4584484660009e-10,0.536524415016174,-101116
chr2,hsa01100,Metabolic pathways - Homo sapiens (human),Brain_Substantia_nigra,chr2_169593338_A_G_b38,rs2683452,ENSG00000144362.12,PHOSPHO2,493911,1.4584484660009e-10,0.536524415016174,-101116
chr2,hsa00750,Vitamin B6 metabolism - Homo sapiens (human),Brain_Substantia_nigra,chr2_169615370_A_G_b38,rs13383546,ENSG00000144362.12,PHOSPHO2,493911,1.4584484660009e-10,0.536524415016174,-79084
chr2,hsa01100,Metabolic pathways - Homo sapiens (human),Brain_Substantia_nigra,chr2_169615370_A_G_b38,rs13383546,ENSG00000144362.12,PHOSPHO2,493911,1.4584484660009e-10,0.536524415016174,-79084
chr2,hsa00750,Vitamin B6 metabolism - Homo sapiens (human),Brain_Substantia_nigra,chr2_169615901_G_A_b38,rs35489159,ENSG00000144362.12,PHOSPHO2,493911,1.4584484660009e-10,-0.536524474620819,-78553
chr2,hsa01100,Metabolic pathways - Homo sapiens (human),Brain_Substantia_nigra,chr2_169615901_G_A_b38,rs35489159,ENSG00000144362.12,PHOSPHO2,493911,1.4584484660009e-10,-0.536524474620819,-78553
chr2,hsa00750,Vitamin B6 metabolism - Homo sapiens (human),Brain_Substantia_nigra,chr2_169632356_T_G_b38,rs7596218,ENSG00000144362.12,PHOSPHO2,493911,1.37645975328258e-09,-0.503986537456513,-62098
chr2,hsa01100,Metabolic pathways - Homo sapiens (human),Brain_Substantia_nigra,chr2_169632356_T_G_b38,rs7596218,ENSG00000144362.12,PHOSPHO2,493911,1.37645975328258e-09,-0.503986537456513,-62098
chr2,hsa00750,Vitamin B6 metabolism - Homo sapiens (human),Brain_Substantia_nigra,chr2_169635053_TAATGA_T_b38,rs140133207,ENSG00000144362.12,PHOSPHO2,493911,1.4584484660009e-10,-0.536524474620819,-59401
chr2,hsa01100,Metabolic pathways - Homo sapiens (human),Brain_Substantia_nigra,chr2_169635053_TAATGA_T_b38,rs140133207,ENSG00000144362.12,PHOSPHO2,493911,1.4584484660009e-10,-0.536524474620819,-59401
chr2,hsa00750,Vitamin B6 metabolism - Homo sapiens (human),Brain_Substantia_nigra,chr2_169660107_G_T_b38,rs13022461,ENSG00000144362.12,PHOSPHO2,493911,1.4584484660009e-10,-0.536524474620819,-34347
chr2,hsa01100,Metabolic pathways - Homo sapiens (human),Brain_Substantia_nigra,chr2_169660107_G_T_b38,rs13022461,ENSG00000144362.12,PHOSPHO2,493911,1.4584484660009e-10,-0.536524474620819,-34347
chr2,hsa00750,Vitamin B6 metabolism - Homo sapiens (human),Brain_Substantia_nigra,chr2_169661084_C_T_b38,rs7575494,ENSG00000144362.12,PHOSPHO2,493911,1.4584484660009e-10,-0.536524474620819,-33370
chr2,hsa01100,Metabolic pathways - Homo sapiens (human),Brain_Substantia_nigra,chr2_169661084_C_T_b38,rs7575494,ENSG00000144362.12,PHOSPHO2,493911,1.4584484660009e-10,-0.536524474620819,-33370
chr2,hsa00750,Vitamin B6 metabolism - Homo sapiens (human),Brain_Substantia_nigra,chr2_169668605_T_C_b38,rs11680947,ENSG00000144362.12,PHOSPHO2,493911,1.4584484660009e-10,-0.536524474620819,-25849
chr2,hsa01100,Metabolic pathways - Homo sapiens (human),Brain_Substantia_nigra,chr2_169668605_T_C_b38,rs11680947,ENSG00000144362.12,PHOSPHO2,493911,1.4584484660009e-10,-0.536524474620819,-25849
chr2,hsa00750,Vitamin B6 metabolism - Homo sapiens (human),Brain_Substantia_nigra,chr2_169669247_C_T_b38,rs12998731,ENSG00000144362.12,PHOSPHO2,493911,1.4584484660009e-10,-0.536524474620819,-25207
chr2,hsa01100,Metabolic pathways - Homo sapiens (human),Brain_Substantia_nigra,chr2_169669247_C_T_b38,rs12998731,ENSG00000144362.12,PHOSPHO2,493911,1.4584484660009e-10,-0.536524474620819,-25207
chr2,hsa00750,Vitamin B6 metabolism - Homo sapiens (human),Brain_Substantia_nigra,chr2_169670186_T_G_b38,rs11893300,ENSG00000144362.12,PHOSPHO2,493911,1.4584484660009e-10,-0.536524474620819,-24268
chr2,hsa01100,Metabolic pathways - Homo sapiens (human),Brain_Substantia_nigra,chr2_169670186_T_G_b38,rs11893300,ENSG00000144362.12,PHOSPHO2,493911,1.4584484660009e-10,-0.536524474620819,-24268
chr2,hsa00750,Vitamin B6 metabolism - Homo sapiens (human),Brain_Substantia_nigra,chr2_169671054_T_G_b38,rs7607103,ENSG00000144362.12,PHOSPHO2,493911,1.4584484660009e-10,-0.536524474620819,-23400
chr2,hsa01100,Metabolic pathways - Homo sapiens (human),Brain_Substantia_nigra,chr2_169671054_T_G_b38,rs7607103,ENSG00000144362.12,PHOSPHO2,493911,1.4584484660009e-10,-0.536524474620819,-23400
chr2,hsa00750,Vitamin B6 metabolism - Homo sapiens (human),Brain_Substantia_nigra,chr2_169687959_C_T_b38,rs13002460,ENSG00000144362.12,PHOSPHO2,493911,1.4584484660009e-10,-0.536524474620819,-6495
chr2,hsa01100,Metabolic pathways - Homo sapiens (human),Brain_Substantia_nigra,chr2_169687959_C_T_b38,rs13002460,ENSG00000144362.12,PHOSPHO2,493911,1.4584484660009e-10,-0.536524474620819,-6495
chr2,hsa00750,Vitamin B6 metabolism - Homo sapiens (human),Brain_Substantia_nigra,chr2_169693707_C_T_b38,rs12994589,ENSG00000144362.12,PHOSPHO2,493911,1.4584484660009e-10,-0.536524474620819,-747
chr2,hsa01100,Metabolic pathways - Homo sapiens (human),Brain_Substantia_nigra,chr2_169693707_C_T_b38,rs12994589,ENSG00000144362.12,PHOSPHO2,493911,1.4584484660009e-10,-0.536524474620819,-747
chr2,hsa00750,Vitamin B6 metabolism - Homo sapiens (human),Brain_Substantia_nigra,chr2_169699317_TC_T_b38,rs35278819,ENSG00000144362.12,PHOSPHO2,493911,6.01943764899939e-11,-0.542905747890472,4863
chr2,hsa01100,Metabolic pathways - Homo sapiens (human),Brain_Substantia_nigra,chr2_169699317_TC_T_b38,rs35278819,ENSG00000144362.12,PHOSPHO2,493911,6.01943764899939e-11,-0.542905747890472,4863
chr2,hsa00750,Vitamin B6 metabolism - Homo sapiens (human),Brain_Substantia_nigra,chr2_169701721_T_C_b38,rs11685651,ENSG00000144362.12,PHOSPHO2,493911,6.01943764899939e-11,-0.542905747890472,7267
chr2,hsa01100,Metabolic pathways - Homo sapiens (human),Brain_Substantia_nigra,chr2_169701721_T_C_b38,rs11685651,ENSG00000144362.12,PHOSPHO2,493911,6.01943764899939e-11,-0.542905747890472,7267
chr2,hsa00750,Vitamin B6 metabolism - Homo sapiens (human),Brain_Substantia_nigra,chr2_169706187_T_TCA_b38,rs35889337,ENSG00000144362.12,PHOSPHO2,493911,6.01943764899939e-11,-0.542905747890472,11733
chr2,hsa01100,Metabolic pathways - Homo sapiens (human),Brain_Substantia_nigra,chr2_169706187_T_TCA_b38,rs35889337,ENSG00000144362.12,PHOSPHO2,493911,6.01943764899939e-11,-0.542905747890472,11733
chr2,hsa00750,Vitamin B6 metabolism - Homo sapiens (human),Brain_Substantia_nigra,chr2_169706225_C_G_b38,rs13010591,ENSG00000144362.12,PHOSPHO2,493911,6.01943764899939e-11,-0.542905747890472,11771
chr2,hsa01100,Metabolic pathways - Homo sapiens (human),Brain_Substantia_nigra,chr2_169706225_C_G_b38,rs13010591,ENSG00000144362.12,PHOSPHO2,493911,6.01943764899939e-11,-0.542905747890472,11771
chr2,hsa00750,Vitamin B6 metabolism - Homo sapiens (human),Brain_Substantia_nigra,chr2_169706332_G_A_b38,rs13011197,ENSG00000144362.12,PHOSPHO2,493911,2.98520416839915e-09,-0.483705192804337,11878
chr2,hsa01100,Metabolic pathways - Homo sapiens (human),Brain_Substantia_nigra,chr2_169706332_G_A_b38,rs13011197,ENSG00000144362.12,PHOSPHO2,493911,2.98520416839915e-09,-0.483705192804337,11878
chr2,hsa00750,Vitamin B6 metabolism - Homo sapiens (human),Brain_Substantia_nigra,chr2_169712014_C_T_b38,rs6746869,ENSG00000144362.12,PHOSPHO2,493911,6.01943764899939e-11,-0.542905747890472,17560
chr2,hsa01100,Metabolic pathways - Homo sapiens (human),Brain_Substantia_nigra,chr2_169712014_C_T_b38,rs6746869,ENSG00000144362.12,PHOSPHO2,493911,6.01943764899939e-11,-0.542905747890472,17560
chr2,hsa00750,Vitamin B6 metabolism - Homo sapiens (human),Brain_Substantia_nigra,chr2_169713162_C_A_b38,rs13009840,ENSG00000144362.12,PHOSPHO2,493911,6.01943764899939e-11,-0.542905747890472,18708
chr2,hsa01100,Metabolic pathways - Homo sapiens (human),Brain_Substantia_nigra,chr2_169713162_C_A_b38,rs13009840,ENSG00000144362.12,PHOSPHO2,493911,6.01943764899939e-11,-0.542905747890472,18708
chr2,hsa00750,Vitamin B6 metabolism - Homo sapiens (human),Brain_Substantia_nigra,chr2_169718647_G_A_b38,rs13009160,ENSG00000144362.12,PHOSPHO2,493911,2.08073407685097e-08,-0.535608470439911,24193
chr2,hsa01100,Metabolic pathways - Homo sapiens (human),Brain_Substantia_nigra,chr2_169718647_G_A_b38,rs13009160,ENSG00000144362.12,PHOSPHO2,493911,2.08073407685097e-08,-0.535608470439911,24193
chr2,hsa00750,Vitamin B6 metabolism - Homo sapiens (human),Brain_Substantia_nigra,chr2_169719118_T_A_b38,rs11884538,ENSG00000144362.12,PHOSPHO2,493911,2.08073407685097e-08,-0.535608470439911,24664
chr2,hsa01100,Metabolic pathways - Homo sapiens (human),Brain_Substantia_nigra,chr2_169719118_T_A_b38,rs11884538,ENSG00000144362.12,PHOSPHO2,493911,2.08073407685097e-08,-0.535608470439911,24664
chr2,hsa00750,Vitamin B6 metabolism - Homo sapiens (human),Brain_Substantia_nigra,chr2_169719302_C_A_b38,rs7605017,ENSG00000144362.12,PHOSPHO2,493911,2.08073407685097e-08,-0.535608470439911,24848
chr2,hsa01100,Metabolic pathways - Homo sapiens (human),Brain_Substantia_nigra,chr2_169719302_C_A_b38,rs7605017,ENSG00000144362.12,PHOSPHO2,493911,2.08073407685097e-08,-0.535608470439911,24848
chr2,hsa00750,Vitamin B6 metabolism - Homo sapiens (human),Brain_Substantia_nigra,chr2_169719683_A_T_b38,rs7578968,ENSG00000144362.12,PHOSPHO2,493911,2.08073407685097e-08,-0.535608470439911,25229
chr2,hsa01100,Metabolic pathways - Homo sapiens (human),Brain_Substantia_nigra,chr2_169719683_A_T_b38,rs7578968,ENSG00000144362.12,PHOSPHO2,493911,2.08073407685097e-08,-0.535608470439911,25229
chr2,hsa00750,Vitamin B6 metabolism - Homo sapiens (human),Brain_Substantia_nigra,chr2_169721315_C_T_b38,rs13029108,ENSG00000144362.12,PHOSPHO2,493911,2.08073407685097e-08,-0.535608470439911,26861
chr2,hsa01100,Metabolic pathways - Homo sapiens (human),Brain_Substantia_nigra,chr2_169721315_C_T_b38,rs13029108,ENSG00000144362.12,PHOSPHO2,493911,2.08073407685097e-08,-0.535608470439911,26861
chr2,hsa00750,Vitamin B6 metabolism - Homo sapiens (human),Brain_Substantia_nigra,chr2_169721443_C_T_b38,rs66557587,ENSG00000144362.12,PHOSPHO2,493911,4.69335830316772e-08,-0.536833107471466,26989
chr2,hsa01100,Metabolic pathways - Homo sapiens (human),Brain_Substantia_nigra,chr2_169721443_C_T_b38,rs66557587,ENSG00000144362.12,PHOSPHO2,493911,4.69335830316772e-08,-0.536833107471466,26989
chr2,hsa00230,Purine metabolism - Homo sapiens (human),Brain_Substantia_nigra,chr2_182488598_C_T_b38,rs2368294,ENSG00000115252.18,PDE1A,5136,7.7759486675813e-21,-0.676517009735107,-34594
chr2,hsa04020,Calcium signaling pathway - Homo sapiens (human),Brain_Substantia_nigra,chr2_182488598_C_T_b38,rs2368294,ENSG00000115252.18,PDE1A,5136,7.7759486675813e-21,-0.676517009735107,-34594
chr2,hsa04742,Taste transduction - Homo sapiens (human),Brain_Substantia_nigra,chr2_182488598_C_T_b38,rs2368294,ENSG00000115252.18,PDE1A,5136,7.7759486675813e-21,-0.676517009735107,-34594
chr2,hsa00230,Purine metabolism - Homo sapiens (human),Brain_Substantia_nigra,chr2_182488611_C_G_b38,rs2368295,ENSG00000115252.18,PDE1A,5136,7.7759486675813e-21,-0.676517009735107,-34581
chr2,hsa04020,Calcium signaling pathway - Homo sapiens (human),Brain_Substantia_nigra,chr2_182488611_C_G_b38,rs2368295,ENSG00000115252.18,PDE1A,5136,7.7759486675813e-21,-0.676517009735107,-34581
chr2,hsa04742,Taste transduction - Homo sapiens (human),Brain_Substantia_nigra,chr2_182488611_C_G_b38,rs2368295,ENSG00000115252.18,PDE1A,5136,7.7759486675813e-21,-0.676517009735107,-34581
chr2,hsa00230,Purine metabolism - Homo sapiens (human),Brain_Substantia_nigra,chr2_182489506_A_G_b38,rs12621579,ENSG00000115252.18,PDE1A,5136,2.74925593093816e-09,-0.522832274436951,-33686
chr2,hsa04020,Calcium signaling pathway - Homo sapiens (human),Brain_Substantia_nigra,chr2_182489506_A_G_b38,rs12621579,ENSG00000115252.18,PDE1A,5136,2.74925593093816e-09,-0.522832274436951,-33686
chr2,hsa04742,Taste transduction - Homo sapiens (human),Brain_Substantia_nigra,chr2_182489506_A_G_b38,rs12621579,ENSG00000115252.18,PDE1A,5136,2.74925593093816e-09,-0.522832274436951,-33686
chr2,hsa00230,Purine metabolism - Homo sapiens (human),Brain_Substantia_nigra,chr2_182489956_C_G_b38,rs1594306,ENSG00000115252.18,PDE1A,5136,2.74925593093816e-09,-0.522832274436951,-33236
chr2,hsa04020,Calcium signaling pathway - Homo sapiens (human),Brain_Substantia_nigra,chr2_182489956_C_G_b38,rs1594306,ENSG00000115252.18,PDE1A,5136,2.74925593093816e-09,-0.522832274436951,-33236
chr2,hsa04742,Taste transduction - Homo sapiens (human),Brain_Substantia_nigra,chr2_182489956_C_G_b38,rs1594306,ENSG00000115252.18,PDE1A,5136,2.74925593093816e-09,-0.522832274436951,-33236
chr2,hsa00230,Purine metabolism - Homo sapiens (human),Brain_Substantia_nigra,chr2_182490211_A_G_b38,rs4666845,ENSG00000115252.18,PDE1A,5136,2.74925593093816e-09,-0.522832274436951,-32981
chr2,hsa04020,Calcium signaling pathway - Homo sapiens (human),Brain_Substantia_nigra,chr2_182490211_A_G_b38,rs4666845,ENSG00000115252.18,PDE1A,5136,2.74925593093816e-09,-0.522832274436951,-32981
chr2,hsa04742,Taste transduction - Homo sapiens (human),Brain_Substantia_nigra,chr2_182490211_A_G_b38,rs4666845,ENSG00000115252.18,PDE1A,5136,2.74925593093816e-09,-0.522832274436951,-32981
chr2,hsa00230,Purine metabolism - Homo sapiens (human),Brain_Substantia_nigra,chr2_182492582_G_GA_b38,rs5836837,ENSG00000115252.18,PDE1A,5136,2.10014647805698e-10,-0.567022979259491,-30610
chr2,hsa04020,Calcium signaling pathway - Homo sapiens (human),Brain_Substantia_nigra,chr2_182492582_G_GA_b38,rs5836837,ENSG00000115252.18,PDE1A,5136,2.10014647805698e-10,-0.567022979259491,-30610
chr2,hsa04742,Taste transduction - Homo sapiens (human),Brain_Substantia_nigra,chr2_182492582_G_GA_b38,rs5836837,ENSG00000115252.18,PDE1A,5136,2.10014647805698e-10,-0.567022979259491,-30610
chr2,hsa00230,Purine metabolism - Homo sapiens (human),Brain_Substantia_nigra,chr2_182493696_T_C_b38,rs6760317,ENSG00000115252.18,PDE1A,5136,1.07966759582862e-10,-0.576781272888184,-29496
chr2,hsa04020,Calcium signaling pathway - Homo sapiens (human),Brain_Substantia_nigra,chr2_182493696_T_C_b38,rs6760317,ENSG00000115252.18,PDE1A,5136,1.07966759582862e-10,-0.576781272888184,-29496
chr2,hsa04742,Taste transduction - Homo sapiens (human),Brain_Substantia_nigra,chr2_182493696_T_C_b38,rs6760317,ENSG00000115252.18,PDE1A,5136,1.07966759582862e-10,-0.576781272888184,-29496
chr2,hsa00230,Purine metabolism - Homo sapiens (human),Brain_Substantia_nigra,chr2_182494587_G_GA_b38,rs34957815,ENSG00000115252.18,PDE1A,5136,1.25382512840329e-22,-0.730744898319244,-28605
chr2,hsa04020,Calcium signaling pathway - Homo sapiens (human),Brain_Substantia_nigra,chr2_182494587_G_GA_b38,rs34957815,ENSG00000115252.18,PDE1A,5136,1.25382512840329e-22,-0.730744898319244,-28605
chr2,hsa04742,Taste transduction - Homo sapiens (human),Brain_Substantia_nigra,chr2_182494587_G_GA_b38,rs34957815,ENSG00000115252.18,PDE1A,5136,1.25382512840329e-22,-0.730744898319244,-28605
chr2,hsa00230,Purine metabolism - Homo sapiens (human),Brain_Substantia_nigra,chr2_182495208_C_G_b38,rs1367201,ENSG00000115252.18,PDE1A,5136,1.25382512840329e-22,-0.730744898319244,-27984
chr2,hsa04020,Calcium signaling pathway - Homo sapiens (human),Brain_Substantia_nigra,chr2_182495208_C_G_b38,rs1367201,ENSG00000115252.18,PDE1A,5136,1.25382512840329e-22,-0.730744898319244,-27984
chr2,hsa04742,Taste transduction - Homo sapiens (human),Brain_Substantia_nigra,chr2_182495208_C_G_b38,rs1367201,ENSG00000115252.18,PDE1A,5136,1.25382512840329e-22,-0.730744898319244,-27984
chr2,hsa00230,Purine metabolism - Homo sapiens (human),Brain_Substantia_nigra,chr2_182497290_G_A_b38,rs10931017,ENSG00000115252.18,PDE1A,5136,1.07966126691688e-10,-0.576781332492828,-25902
chr2,hsa04020,Calcium signaling pathway - Homo sapiens (human),Brain_Substantia_nigra,chr2_182497290_G_A_b38,rs10931017,ENSG00000115252.18,PDE1A,5136,1.07966126691688e-10,-0.576781332492828,-25902
chr2,hsa04742,Taste transduction - Homo sapiens (human),Brain_Substantia_nigra,chr2_182497290_G_A_b38,rs10931017,ENSG00000115252.18,PDE1A,5136,1.07966126691688e-10,-0.576781332492828,-25902
chr2,hsa00230,Purine metabolism - Homo sapiens (human),Brain_Substantia_nigra,chr2_182498609_T_C_b38,rs2368300,ENSG00000115252.18,PDE1A,5136,1.07966126691688e-10,-0.576781332492828,-24583
chr2,hsa04020,Calcium signaling pathway - Homo sapiens (human),Brain_Substantia_nigra,chr2_182498609_T_C_b38,rs2368300,ENSG00000115252.18,PDE1A,5136,1.07966126691688e-10,-0.576781332492828,-24583
chr2,hsa04742,Taste transduction - Homo sapiens (human),Brain_Substantia_nigra,chr2_182498609_T_C_b38,rs2368300,ENSG00000115252.18,PDE1A,5136,1.07966126691688e-10,-0.576781332492828,-24583
chr2,hsa00230,Purine metabolism - Homo sapiens (human),Brain_Substantia_nigra,chr2_182499623_C_A_b38,rs6747766,ENSG00000115252.18,PDE1A,5136,1.01243282659998e-10,-0.575294375419617,-23569
chr2,hsa04020,Calcium signaling pathway - Homo sapiens (human),Brain_Substantia_nigra,chr2_182499623_C_A_b38,rs6747766,ENSG00000115252.18,PDE1A,5136,1.01243282659998e-10,-0.575294375419617,-23569
chr2,hsa04742,Taste transduction - Homo sapiens (human),Brain_Substantia_nigra,chr2_182499623_C_A_b38,rs6747766,ENSG00000115252.18,PDE1A,5136,1.01243282659998e-10,-0.575294375419617,-23569
chr2,hsa00230,Purine metabolism - Homo sapiens (human),Brain_Substantia_nigra,chr2_182500487_A_AAG_b38,rs75777569,ENSG00000115252.18,PDE1A,5136,1.49035339915321e-22,-0.727682888507843,-22705
chr2,hsa04020,Calcium signaling pathway - Homo sapiens (human),Brain_Substantia_nigra,chr2_182500487_A_AAG_b38,rs75777569,ENSG00000115252.18,PDE1A,5136,1.49035339915321e-22,-0.727682888507843,-22705
chr2,hsa04742,Taste transduction - Homo sapiens (human),Brain_Substantia_nigra,chr2_182500487_A_AAG_b38,rs75777569,ENSG00000115252.18,PDE1A,5136,1.49035339915321e-22,-0.727682888507843,-22705
chr2,hsa00230,Purine metabolism - Homo sapiens (human),Brain_Substantia_nigra,chr2_182503732_A_G_b38,rs1430146,ENSG00000115252.18,PDE1A,5136,1.01243282659998e-10,-0.575294375419617,-19460
chr2,hsa04020,Calcium signaling pathway - Homo sapiens (human),Brain_Substantia_nigra,chr2_182503732_A_G_b38,rs1430146,ENSG00000115252.18,PDE1A,5136,1.01243282659998e-10,-0.575294375419617,-19460
chr2,hsa04742,Taste transduction - Homo sapiens (human),Brain_Substantia_nigra,chr2_182503732_A_G_b38,rs1430146,ENSG00000115252.18,PDE1A,5136,1.01243282659998e-10,-0.575294375419617,-19460
chr2,hsa00230,Purine metabolism - Homo sapiens (human),Brain_Substantia_nigra,chr2_182503787_A_G_b38,rs10931020,ENSG00000115252.18,PDE1A,5136,1.29813743073338e-10,-0.559205830097199,-19405
chr2,hsa04020,Calcium signaling pathway - Homo sapiens (human),Brain_Substantia_nigra,chr2_182503787_A_G_b38,rs10931020,ENSG00000115252.18,PDE1A,5136,1.29813743073338e-10,-0.559205830097199,-19405
chr2,hsa04742,Taste transduction - Homo sapiens (human),Brain_Substantia_nigra,chr2_182503787_A_G_b38,rs10931020,ENSG00000115252.18,PDE1A,5136,1.29813743073338e-10,-0.559205830097199,-19405
chr2,hsa00230,Purine metabolism - Homo sapiens (human),Brain_Substantia_nigra,chr2_182503790_T_C_b38,rs10931021,ENSG00000115252.18,PDE1A,5136,3.32273380311308e-10,-0.550221562385559,-19402
chr2,hsa04020,Calcium signaling pathway - Homo sapiens (human),Brain_Substantia_nigra,chr2_182503790_T_C_b38,rs10931021,ENSG00000115252.18,PDE1A,5136,3.32273380311308e-10,-0.550221562385559,-19402
chr2,hsa04742,Taste transduction - Homo sapiens (human),Brain_Substantia_nigra,chr2_182503790_T_C_b38,rs10931021,ENSG00000115252.18,PDE1A,5136,3.32273380311308e-10,-0.550221562385559,-19402
chr2,hsa00230,Purine metabolism - Homo sapiens (human),Brain_Substantia_nigra,chr2_182504052_T_C_b38,rs10931022,ENSG00000115252.18,PDE1A,5136,1.55219802648206e-10,-0.556525349617004,-19140
chr2,hsa04020,Calcium signaling pathway - Homo sapiens (human),Brain_Substantia_nigra,chr2_182504052_T_C_b38,rs10931022,ENSG00000115252.18,PDE1A,5136,1.55219802648206e-10,-0.556525349617004,-19140
chr2,hsa04742,Taste transduction - Homo sapiens (human),Brain_Substantia_nigra,chr2_182504052_T_C_b38,rs10931022,ENSG00000115252.18,PDE1A,5136,1.55219802648206e-10,-0.556525349617004,-19140
chr2,hsa00230,Purine metabolism - Homo sapiens (human),Brain_Substantia_nigra,chr2_182504925_G_A_b38,rs2368301,ENSG00000115252.18,PDE1A,5136,1.420834123931e-10,-0.556241273880005,-18267
chr2,hsa04020,Calcium signaling pathway - Homo sapiens (human),Brain_Substantia_nigra,chr2_182504925_G_A_b38,rs2368301,ENSG00000115252.18,PDE1A,5136,1.420834123931e-10,-0.556241273880005,-18267
chr2,hsa04742,Taste transduction - Homo sapiens (human),Brain_Substantia_nigra,chr2_182504925_G_A_b38,rs2368301,ENSG00000115252.18,PDE1A,5136,1.420834123931e-10,-0.556241273880005,-18267
chr2,hsa00230,Purine metabolism - Homo sapiens (human),Brain_Substantia_nigra,chr2_182504977_T_C_b38,rs2368302,ENSG00000115252.18,PDE1A,5136,1.29813743073338e-10,-0.559205830097199,-18215
chr2,hsa04020,Calcium signaling pathway - Homo sapiens (human),Brain_Substantia_nigra,chr2_182504977_T_C_b38,rs2368302,ENSG00000115252.18,PDE1A,5136,1.29813743073338e-10,-0.559205830097199,-18215
chr2,hsa04742,Taste transduction - Homo sapiens (human),Brain_Substantia_nigra,chr2_182504977_T_C_b38,rs2368302,ENSG00000115252.18,PDE1A,5136,1.29813743073338e-10,-0.559205830097199,-18215
chr2,hsa00230,Purine metabolism - Homo sapiens (human),Brain_Substantia_nigra,chr2_182508487_C_T_b38,rs7557419,ENSG00000115252.18,PDE1A,5136,1.29813743073338e-10,-0.559205830097199,-14705
chr2,hsa04020,Calcium signaling pathway - Homo sapiens (human),Brain_Substantia_nigra,chr2_182508487_C_T_b38,rs7557419,ENSG00000115252.18,PDE1A,5136,1.29813743073338e-10,-0.559205830097199,-14705
chr2,hsa04742,Taste transduction - Homo sapiens (human),Brain_Substantia_nigra,chr2_182508487_C_T_b38,rs7557419,ENSG00000115252.18,PDE1A,5136,1.29813743073338e-10,-0.559205830097199,-14705
chr2,hsa00230,Purine metabolism - Homo sapiens (human),Brain_Substantia_nigra,chr2_182511354_T_C_b38,rs6433976,ENSG00000115252.18,PDE1A,5136,7.50854884429827e-11,-0.595331013202667,-11838
chr2,hsa04020,Calcium signaling pathway - Homo sapiens (human),Brain_Substantia_nigra,chr2_182511354_T_C_b38,rs6433976,ENSG00000115252.18,PDE1A,5136,7.50854884429827e-11,-0.595331013202667,-11838
chr2,hsa04742,Taste transduction - Homo sapiens (human),Brain_Substantia_nigra,chr2_182511354_T_C_b38,rs6433976,ENSG00000115252.18,PDE1A,5136,7.50854884429827e-11,-0.595331013202667,-11838
chr2,hsa00230,Purine metabolism - Homo sapiens (human),Brain_Substantia_nigra,chr2_182511642_A_G_b38,rs7595111,ENSG00000115252.18,PDE1A,5136,7.50854884429827e-11,-0.595331013202667,-11550
chr2,hsa04020,Calcium signaling pathway - Homo sapiens (human),Brain_Substantia_nigra,chr2_182511642_A_G_b38,rs7595111,ENSG00000115252.18,PDE1A,5136,7.50854884429827e-11,-0.595331013202667,-11550
chr2,hsa04742,Taste transduction - Homo sapiens (human),Brain_Substantia_nigra,chr2_182511642_A_G_b38,rs7595111,ENSG00000115252.18,PDE1A,5136,7.50854884429827e-11,-0.595331013202667,-11550
chr2,hsa00230,Purine metabolism - Homo sapiens (human),Brain_Substantia_nigra,chr2_182512310_A_G_b38,rs934260,ENSG00000115252.18,PDE1A,5136,4.94100854396247e-11,-0.616819560527802,-10882
chr2,hsa04020,Calcium signaling pathway - Homo sapiens (human),Brain_Substantia_nigra,chr2_182512310_A_G_b38,rs934260,ENSG00000115252.18,PDE1A,5136,4.94100854396247e-11,-0.616819560527802,-10882
chr2,hsa04742,Taste transduction - Homo sapiens (human),Brain_Substantia_nigra,chr2_182512310_A_G_b38,rs934260,ENSG00000115252.18,PDE1A,5136,4.94100854396247e-11,-0.616819560527802,-10882
chr2,hsa00230,Purine metabolism - Homo sapiens (human),Brain_Substantia_nigra,chr2_182513530_T_A_b38,rs2082135,ENSG00000115252.18,PDE1A,5136,7.50854884429827e-11,-0.595331013202667,-9662
chr2,hsa04020,Calcium signaling pathway - Homo sapiens (human),Brain_Substantia_nigra,chr2_182513530_T_A_b38,rs2082135,ENSG00000115252.18,PDE1A,5136,7.50854884429827e-11,-0.595331013202667,-9662
chr2,hsa04742,Taste transduction - Homo sapiens (human),Brain_Substantia_nigra,chr2_182513530_T_A_b38,rs2082135,ENSG00000115252.18,PDE1A,5136,7.50854884429827e-11,-0.595331013202667,-9662
chr2,hsa00230,Purine metabolism - Homo sapiens (human),Brain_Substantia_nigra,chr2_182513983_T_C_b38,rs4666850,ENSG00000115252.18,PDE1A,5136,7.50854884429827e-11,-0.595331013202667,-9209
chr2,hsa04020,Calcium signaling pathway - Homo sapiens (human),Brain_Substantia_nigra,chr2_182513983_T_C_b38,rs4666850,ENSG00000115252.18,PDE1A,5136,7.50854884429827e-11,-0.595331013202667,-9209
chr2,hsa04742,Taste transduction - Homo sapiens (human),Brain_Substantia_nigra,chr2_182513983_T_C_b38,rs4666850,ENSG00000115252.18,PDE1A,5136,7.50854884429827e-11,-0.595331013202667,-9209
chr2,hsa00230,Purine metabolism - Homo sapiens (human),Brain_Substantia_nigra,chr2_182517618_A_T_b38,rs934261,ENSG00000115252.18,PDE1A,5136,7.50854884429827e-11,-0.595331013202667,-5574
chr2,hsa04020,Calcium signaling pathway - Homo sapiens (human),Brain_Substantia_nigra,chr2_182517618_A_T_b38,rs934261,ENSG00000115252.18,PDE1A,5136,7.50854884429827e-11,-0.595331013202667,-5574
chr2,hsa04742,Taste transduction - Homo sapiens (human),Brain_Substantia_nigra,chr2_182517618_A_T_b38,rs934261,ENSG00000115252.18,PDE1A,5136,7.50854884429827e-11,-0.595331013202667,-5574
chr2,hsa00230,Purine metabolism - Homo sapiens (human),Brain_Substantia_nigra,chr2_182518541_G_A_b38,rs1430149,ENSG00000115252.18,PDE1A,5136,7.50854884429827e-11,-0.595331013202667,-4651
chr2,hsa04020,Calcium signaling pathway - Homo sapiens (human),Brain_Substantia_nigra,chr2_182518541_G_A_b38,rs1430149,ENSG00000115252.18,PDE1A,5136,7.50854884429827e-11,-0.595331013202667,-4651
chr2,hsa04742,Taste transduction - Homo sapiens (human),Brain_Substantia_nigra,chr2_182518541_G_A_b38,rs1430149,ENSG00000115252.18,PDE1A,5136,7.50854884429827e-11,-0.595331013202667,-4651
chr2,hsa00230,Purine metabolism - Homo sapiens (human),Brain_Substantia_nigra,chr2_182521416_C_T_b38,rs1560375,ENSG00000115252.18,PDE1A,5136,4.94100854396247e-11,-0.616819560527802,-1776
chr2,hsa04020,Calcium signaling pathway - Homo sapiens (human),Brain_Substantia_nigra,chr2_182521416_C_T_b38,rs1560375,ENSG00000115252.18,PDE1A,5136,4.94100854396247e-11,-0.616819560527802,-1776
chr2,hsa04742,Taste transduction - Homo sapiens (human),Brain_Substantia_nigra,chr2_182521416_C_T_b38,rs1560375,ENSG00000115252.18,PDE1A,5136,4.94100854396247e-11,-0.616819560527802,-1776
chr2,hsa00230,Purine metabolism - Homo sapiens (human),Brain_Substantia_nigra,chr2_182525417_G_A_b38,rs720245,ENSG00000115252.18,PDE1A,5136,1.4020544373557e-10,-0.58533900976181,2225
chr2,hsa04020,Calcium signaling pathway - Homo sapiens (human),Brain_Substantia_nigra,chr2_182525417_G_A_b38,rs720245,ENSG00000115252.18,PDE1A,5136,1.4020544373557e-10,-0.58533900976181,2225
chr2,hsa04742,Taste transduction - Homo sapiens (human),Brain_Substantia_nigra,chr2_182525417_G_A_b38,rs720245,ENSG00000115252.18,PDE1A,5136,1.4020544373557e-10,-0.58533900976181,2225
chr2,hsa00230,Purine metabolism - Homo sapiens (human),Brain_Substantia_nigra,chr2_182529084_G_A_b38,rs1835340,ENSG00000115252.18,PDE1A,5136,2.60411400893632e-10,-0.568985044956207,5892
chr2,hsa04020,Calcium signaling pathway - Homo sapiens (human),Brain_Substantia_nigra,chr2_182529084_G_A_b38,rs1835340,ENSG00000115252.18,PDE1A,5136,2.60411400893632e-10,-0.568985044956207,5892
chr2,hsa04742,Taste transduction - Homo sapiens (human),Brain_Substantia_nigra,chr2_182529084_G_A_b38,rs1835340,ENSG00000115252.18,PDE1A,5136,2.60411400893632e-10,-0.568985044956207,5892
chr2,hsa00230,Purine metabolism - Homo sapiens (human),Brain_Substantia_nigra,chr2_182529989_A_G_b38,rs60708131,ENSG00000115252.18,PDE1A,5136,4.3317341749473e-08,0.712699115276337,6797
chr2,hsa04020,Calcium signaling pathway - Homo sapiens (human),Brain_Substantia_nigra,chr2_182529989_A_G_b38,rs60708131,ENSG00000115252.18,PDE1A,5136,4.3317341749473e-08,0.712699115276337,6797
chr2,hsa04742,Taste transduction - Homo sapiens (human),Brain_Substantia_nigra,chr2_182529989_A_G_b38,rs60708131,ENSG00000115252.18,PDE1A,5136,4.3317341749473e-08,0.712699115276337,6797
chr2,hsa00230,Purine metabolism - Homo sapiens (human),Brain_Substantia_nigra,chr2_182530505_T_C_b38,rs4580353,ENSG00000115252.18,PDE1A,5136,3.87964291278918e-11,-0.575268030166626,7313
chr2,hsa04020,Calcium signaling pathway - Homo sapiens (human),Brain_Substantia_nigra,chr2_182530505_T_C_b38,rs4580353,ENSG00000115252.18,PDE1A,5136,3.87964291278918e-11,-0.575268030166626,7313
chr2,hsa04742,Taste transduction - Homo sapiens (human),Brain_Substantia_nigra,chr2_182530505_T_C_b38,rs4580353,ENSG00000115252.18,PDE1A,5136,3.87964291278918e-11,-0.575268030166626,7313
chr2,hsa00230,Purine metabolism - Homo sapiens (human),Brain_Substantia_nigra,chr2_182530509_G_GA_b38,rs142763605,ENSG00000115252.18,PDE1A,5136,8.19678883001991e-09,0.80070024728775,7317
chr2,hsa04020,Calcium signaling pathway - Homo sapiens (human),Brain_Substantia_nigra,chr2_182530509_G_GA_b38,rs142763605,ENSG00000115252.18,PDE1A,5136,8.19678883001991e-09,0.80070024728775,7317
chr2,hsa04742,Taste transduction - Homo sapiens (human),Brain_Substantia_nigra,chr2_182530509_G_GA_b38,rs142763605,ENSG00000115252.18,PDE1A,5136,8.19678883001991e-09,0.80070024728775,7317
chr2,hsa00230,Purine metabolism - Homo sapiens (human),Brain_Substantia_nigra,chr2_182530784_G_C_b38,rs1430151,ENSG00000115252.18,PDE1A,5136,3.85935626090919e-12,-0.589284896850586,7592
chr2,hsa04020,Calcium signaling pathway - Homo sapiens (human),Brain_Substantia_nigra,chr2_182530784_G_C_b38,rs1430151,ENSG00000115252.18,PDE1A,5136,3.85935626090919e-12,-0.589284896850586,7592
chr2,hsa04742,Taste transduction - Homo sapiens (human),Brain_Substantia_nigra,chr2_182530784_G_C_b38,rs1430151,ENSG00000115252.18,PDE1A,5136,3.85935626090919e-12,-0.589284896850586,7592
chr2,hsa00230,Purine metabolism - Homo sapiens (human),Brain_Substantia_nigra,chr2_182530904_T_TTC_b38,rs68098724,ENSG00000115252.18,PDE1A,5136,3.85935626090919e-12,-0.589284896850586,7712
chr2,hsa04020,Calcium signaling pathway - Homo sapiens (human),Brain_Substantia_nigra,chr2_182530904_T_TTC_b38,rs68098724,ENSG00000115252.18,PDE1A,5136,3.85935626090919e-12,-0.589284896850586,7712
chr2,hsa04742,Taste transduction - Homo sapiens (human),Brain_Substantia_nigra,chr2_182530904_T_TTC_b38,rs68098724,ENSG00000115252.18,PDE1A,5136,3.85935626090919e-12,-0.589284896850586,7712
chr2,hsa00230,Purine metabolism - Homo sapiens (human),Brain_Substantia_nigra,chr2_182531088_G_A_b38,rs13027181,ENSG00000115252.18,PDE1A,5136,3.85935626090919e-12,-0.589284896850586,7896
chr2,hsa04020,Calcium signaling pathway - Homo sapiens (human),Brain_Substantia_nigra,chr2_182531088_G_A_b38,rs13027181,ENSG00000115252.18,PDE1A,5136,3.85935626090919e-12,-0.589284896850586,7896
chr2,hsa04742,Taste transduction - Homo sapiens (human),Brain_Substantia_nigra,chr2_182531088_G_A_b38,rs13027181,ENSG00000115252.18,PDE1A,5136,3.85935626090919e-12,-0.589284896850586,7896
chr2,hsa00230,Purine metabolism - Homo sapiens (human),Brain_Substantia_nigra,chr2_182531108_C_T_b38,rs13026884,ENSG00000115252.18,PDE1A,5136,3.85935626090919e-12,-0.589284896850586,7916
chr2,hsa04020,Calcium signaling pathway - Homo sapiens (human),Brain_Substantia_nigra,chr2_182531108_C_T_b38,rs13026884,ENSG00000115252.18,PDE1A,5136,3.85935626090919e-12,-0.589284896850586,7916
chr2,hsa04742,Taste transduction - Homo sapiens (human),Brain_Substantia_nigra,chr2_182531108_C_T_b38,rs13026884,ENSG00000115252.18,PDE1A,5136,3.85935626090919e-12,-0.589284896850586,7916
chr2,hsa00230,Purine metabolism - Homo sapiens (human),Brain_Substantia_nigra,chr2_182531144_C_T_b38,rs13026896,ENSG00000115252.18,PDE1A,5136,3.85935626090919e-12,-0.589284896850586,7952
chr2,hsa04020,Calcium signaling pathway - Homo sapiens (human),Brain_Substantia_nigra,chr2_182531144_C_T_b38,rs13026896,ENSG00000115252.18,PDE1A,5136,3.85935626090919e-12,-0.589284896850586,7952
chr2,hsa04742,Taste transduction - Homo sapiens (human),Brain_Substantia_nigra,chr2_182531144_C_T_b38,rs13026896,ENSG00000115252.18,PDE1A,5136,3.85935626090919e-12,-0.589284896850586,7952
chr2,hsa00230,Purine metabolism - Homo sapiens (human),Brain_Substantia_nigra,chr2_182532783_C_T_b38,rs12693309,ENSG00000115252.18,PDE1A,5136,3.85935626090919e-12,-0.589284896850586,9591
chr2,hsa04020,Calcium signaling pathway - Homo sapiens (human),Brain_Substantia_nigra,chr2_182532783_C_T_b38,rs12693309,ENSG00000115252.18,PDE1A,5136,3.85935626090919e-12,-0.589284896850586,9591
chr2,hsa04742,Taste transduction - Homo sapiens (human),Brain_Substantia_nigra,chr2_182532783_C_T_b38,rs12693309,ENSG00000115252.18,PDE1A,5136,3.85935626090919e-12,-0.589284896850586,9591
chr2,hsa00230,Purine metabolism - Homo sapiens (human),Brain_Substantia_nigra,chr2_182532804_C_T_b38,rs12693310,ENSG00000115252.18,PDE1A,5136,3.85935626090919e-12,-0.589284896850586,9612
chr2,hsa04020,Calcium signaling pathway - Homo sapiens (human),Brain_Substantia_nigra,chr2_182532804_C_T_b38,rs12693310,ENSG00000115252.18,PDE1A,5136,3.85935626090919e-12,-0.589284896850586,9612
chr2,hsa04742,Taste transduction - Homo sapiens (human),Brain_Substantia_nigra,chr2_182532804_C_T_b38,rs12693310,ENSG00000115252.18,PDE1A,5136,3.85935626090919e-12,-0.589284896850586,9612
chr2,hsa00230,Purine metabolism - Homo sapiens (human),Brain_Substantia_nigra,chr2_182532815_G_T_b38,rs12693311,ENSG00000115252.18,PDE1A,5136,3.85935626090919e-12,-0.589284896850586,9623
chr2,hsa04020,Calcium signaling pathway - Homo sapiens (human),Brain_Substantia_nigra,chr2_182532815_G_T_b38,rs12693311,ENSG00000115252.18,PDE1A,5136,3.85935626090919e-12,-0.589284896850586,9623
chr2,hsa04742,Taste transduction - Homo sapiens (human),Brain_Substantia_nigra,chr2_182532815_G_T_b38,rs12693311,ENSG00000115252.18,PDE1A,5136,3.85935626090919e-12,-0.589284896850586,9623
chr2,hsa00230,Purine metabolism - Homo sapiens (human),Brain_Substantia_nigra,chr2_182533253_G_C_b38,rs11686003,ENSG00000115252.18,PDE1A,5136,3.27871575155403e-12,-0.596694707870483,10061
chr2,hsa04020,Calcium signaling pathway - Homo sapiens (human),Brain_Substantia_nigra,chr2_182533253_G_C_b38,rs11686003,ENSG00000115252.18,PDE1A,5136,3.27871575155403e-12,-0.596694707870483,10061
chr2,hsa04742,Taste transduction - Homo sapiens (human),Brain_Substantia_nigra,chr2_182533253_G_C_b38,rs11686003,ENSG00000115252.18,PDE1A,5136,3.27871575155403e-12,-0.596694707870483,10061
chr2,hsa00230,Purine metabolism - Homo sapiens (human),Brain_Substantia_nigra,chr2_182533677_A_C_b38,rs1430152,ENSG00000115252.18,PDE1A,5136,3.27871575155403e-12,-0.596694707870483,10485
chr2,hsa04020,Calcium signaling pathway - Homo sapiens (human),Brain_Substantia_nigra,chr2_182533677_A_C_b38,rs1430152,ENSG00000115252.18,PDE1A,5136,3.27871575155403e-12,-0.596694707870483,10485
chr2,hsa04742,Taste transduction - Homo sapiens (human),Brain_Substantia_nigra,chr2_182533677_A_C_b38,rs1430152,ENSG00000115252.18,PDE1A,5136,3.27871575155403e-12,-0.596694707870483,10485
chr2,hsa00230,Purine metabolism - Homo sapiens (human),Brain_Substantia_nigra,chr2_182534047_A_C_b38,rs35418011,ENSG00000115252.18,PDE1A,5136,9.0817059368778e-12,-0.587525129318237,10855
chr2,hsa04020,Calcium signaling pathway - Homo sapiens (human),Brain_Substantia_nigra,chr2_182534047_A_C_b38,rs35418011,ENSG00000115252.18,PDE1A,5136,9.0817059368778e-12,-0.587525129318237,10855
chr2,hsa04742,Taste transduction - Homo sapiens (human),Brain_Substantia_nigra,chr2_182534047_A_C_b38,rs35418011,ENSG00000115252.18,PDE1A,5136,9.0817059368778e-12,-0.587525129318237,10855
chr2,hsa00230,Purine metabolism - Homo sapiens (human),Brain_Substantia_nigra,chr2_182534169_T_C_b38,rs12162422,ENSG00000115252.18,PDE1A,5136,3.27871575155403e-12,-0.596694707870483,10977
chr2,hsa04020,Calcium signaling pathway - Homo sapiens (human),Brain_Substantia_nigra,chr2_182534169_T_C_b38,rs12162422,ENSG00000115252.18,PDE1A,5136,3.27871575155403e-12,-0.596694707870483,10977
chr2,hsa04742,Taste transduction - Homo sapiens (human),Brain_Substantia_nigra,chr2_182534169_T_C_b38,rs12162422,ENSG00000115252.18,PDE1A,5136,3.27871575155403e-12,-0.596694707870483,10977
chr2,hsa00230,Purine metabolism - Homo sapiens (human),Brain_Substantia_nigra,chr2_182535071_A_AC_b38,rs11449946,ENSG00000115252.18,PDE1A,5136,1.93410786627453e-11,-0.596534132957459,11879
chr2,hsa04020,Calcium signaling pathway - Homo sapiens (human),Brain_Substantia_nigra,chr2_182535071_A_AC_b38,rs11449946,ENSG00000115252.18,PDE1A,5136,1.93410786627453e-11,-0.596534132957459,11879
chr2,hsa04742,Taste transduction - Homo sapiens (human),Brain_Substantia_nigra,chr2_182535071_A_AC_b38,rs11449946,ENSG00000115252.18,PDE1A,5136,1.93410786627453e-11,-0.596534132957459,11879
chr2,hsa00230,Purine metabolism - Homo sapiens (human),Brain_Substantia_nigra,chr2_182535075_A_AT_b38,.,ENSG00000115252.18,PDE1A,5136,8.19678883001991e-09,0.80070024728775,11883
chr2,hsa04020,Calcium signaling pathway - Homo sapiens (human),Brain_Substantia_nigra,chr2_182535075_A_AT_b38,.,ENSG00000115252.18,PDE1A,5136,8.19678883001991e-09,0.80070024728775,11883
chr2,hsa04742,Taste transduction - Homo sapiens (human),Brain_Substantia_nigra,chr2_182535075_A_AT_b38,.,ENSG00000115252.18,PDE1A,5136,8.19678883001991e-09,0.80070024728775,11883
chr2,hsa00230,Purine metabolism - Homo sapiens (human),Brain_Substantia_nigra,chr2_182535267_A_T_b38,rs72892717,ENSG00000115252.18,PDE1A,5136,8.19678883001991e-09,0.80070024728775,12075
chr2,hsa04020,Calcium signaling pathway - Homo sapiens (human),Brain_Substantia_nigra,chr2_182535267_A_T_b38,rs72892717,ENSG00000115252.18,PDE1A,5136,8.19678883001991e-09,0.80070024728775,12075
chr2,hsa04742,Taste transduction - Homo sapiens (human),Brain_Substantia_nigra,chr2_182535267_A_T_b38,rs72892717,ENSG00000115252.18,PDE1A,5136,8.19678883001991e-09,0.80070024728775,12075
chr2,hsa00230,Purine metabolism - Homo sapiens (human),Brain_Substantia_nigra,chr2_182535349_T_TAGA_b38,rs35385135,ENSG00000115252.18,PDE1A,5136,3.27871575155403e-12,-0.596694707870483,12157
chr2,hsa04020,Calcium signaling pathway - Homo sapiens (human),Brain_Substantia_nigra,chr2_182535349_T_TAGA_b38,rs35385135,ENSG00000115252.18,PDE1A,5136,3.27871575155403e-12,-0.596694707870483,12157
chr2,hsa04742,Taste transduction - Homo sapiens (human),Brain_Substantia_nigra,chr2_182535349_T_TAGA_b38,rs35385135,ENSG00000115252.18,PDE1A,5136,3.27871575155403e-12,-0.596694707870483,12157
chr2,hsa00230,Purine metabolism - Homo sapiens (human),Brain_Substantia_nigra,chr2_182535458_G_T_b38,rs11689324,ENSG00000115252.18,PDE1A,5136,7.19823948461604e-11,-0.560262620449066,12266
chr2,hsa04020,Calcium signaling pathway - Homo sapiens (human),Brain_Substantia_nigra,chr2_182535458_G_T_b38,rs11689324,ENSG00000115252.18,PDE1A,5136,7.19823948461604e-11,-0.560262620449066,12266
chr2,hsa04742,Taste transduction - Homo sapiens (human),Brain_Substantia_nigra,chr2_182535458_G_T_b38,rs11689324,ENSG00000115252.18,PDE1A,5136,7.19823948461604e-11,-0.560262620449066,12266
chr2,hsa00230,Purine metabolism - Homo sapiens (human),Brain_Substantia_nigra,chr2_182535934_T_G_b38,rs12473783,ENSG00000115252.18,PDE1A,5136,3.27871575155403e-12,-0.596694707870483,12742
chr2,hsa04020,Calcium signaling pathway - Homo sapiens (human),Brain_Substantia_nigra,chr2_182535934_T_G_b38,rs12473783,ENSG00000115252.18,PDE1A,5136,3.27871575155403e-12,-0.596694707870483,12742
chr2,hsa04742,Taste transduction - Homo sapiens (human),Brain_Substantia_nigra,chr2_182535934_T_G_b38,rs12473783,ENSG00000115252.18,PDE1A,5136,3.27871575155403e-12,-0.596694707870483,12742
chr2,hsa00230,Purine metabolism - Homo sapiens (human),Brain_Substantia_nigra,chr2_182536003_G_A_b38,rs10182788,ENSG00000115252.18,PDE1A,5136,1.97173302824482e-32,-0.836249470710754,12811
chr2,hsa04020,Calcium signaling pathway - Homo sapiens (human),Brain_Substantia_nigra,chr2_182536003_G_A_b38,rs10182788,ENSG00000115252.18,PDE1A,5136,1.97173302824482e-32,-0.836249470710754,12811
chr2,hsa04742,Taste transduction - Homo sapiens (human),Brain_Substantia_nigra,chr2_182536003_G_A_b38,rs10182788,ENSG00000115252.18,PDE1A,5136,1.97173302824482e-32,-0.836249470710754,12811
chr2,hsa00230,Purine metabolism - Homo sapiens (human),Brain_Substantia_nigra,chr2_182536626_G_A_b38,rs1583113,ENSG00000115252.18,PDE1A,5136,3.27871575155403e-12,-0.596694707870483,13434
chr2,hsa04020,Calcium signaling pathway - Homo sapiens (human),Brain_Substantia_nigra,chr2_182536626_G_A_b38,rs1583113,ENSG00000115252.18,PDE1A,5136,3.27871575155403e-12,-0.596694707870483,13434
chr2,hsa04742,Taste transduction - Homo sapiens (human),Brain_Substantia_nigra,chr2_182536626_G_A_b38,rs1583113,ENSG00000115252.18,PDE1A,5136,3.27871575155403e-12,-0.596694707870483,13434
chr2,hsa00230,Purine metabolism - Homo sapiens (human),Brain_Substantia_nigra,chr2_182536946_C_T_b38,rs1430153,ENSG00000115252.18,PDE1A,5136,1.97180469026908e-32,-0.836249351501465,13754
chr2,hsa04020,Calcium signaling pathway - Homo sapiens (human),Brain_Substantia_nigra,chr2_182536946_C_T_b38,rs1430153,ENSG00000115252.18,PDE1A,5136,1.97180469026908e-32,-0.836249351501465,13754
chr2,hsa04742,Taste transduction - Homo sapiens (human),Brain_Substantia_nigra,chr2_182536946_C_T_b38,rs1430153,ENSG00000115252.18,PDE1A,5136,1.97180469026908e-32,-0.836249351501465,13754
chr2,hsa00230,Purine metabolism - Homo sapiens (human),Brain_Substantia_nigra,chr2_182536993_G_A_b38,rs55855218,ENSG00000115252.18,PDE1A,5136,8.19678883001991e-09,0.80070024728775,13801
chr2,hsa04020,Calcium signaling pathway - Homo sapiens (human),Brain_Substantia_nigra,chr2_182536993_G_A_b38,rs55855218,ENSG00000115252.18,PDE1A,5136,8.19678883001991e-09,0.80070024728775,13801
chr2,hsa04742,Taste transduction - Homo sapiens (human),Brain_Substantia_nigra,chr2_182536993_G_A_b38,rs55855218,ENSG00000115252.18,PDE1A,5136,8.19678883001991e-09,0.80070024728775,13801
chr2,hsa00230,Purine metabolism - Homo sapiens (human),Brain_Substantia_nigra,chr2_182537062_C_G_b38,rs1430154,ENSG00000115252.18,PDE1A,5136,1.97173302824482e-32,-0.836249470710754,13870
chr2,hsa04020,Calcium signaling pathway - Homo sapiens (human),Brain_Substantia_nigra,chr2_182537062_C_G_b38,rs1430154,ENSG00000115252.18,PDE1A,5136,1.97173302824482e-32,-0.836249470710754,13870
chr2,hsa04742,Taste transduction - Homo sapiens (human),Brain_Substantia_nigra,chr2_182537062_C_G_b38,rs1430154,ENSG00000115252.18,PDE1A,5136,1.97173302824482e-32,-0.836249470710754,13870
chr2,hsa00230,Purine metabolism - Homo sapiens (human),Brain_Substantia_nigra,chr2_182537832_G_C_b38,rs7607012,ENSG00000115252.18,PDE1A,5136,8.19678883001991e-09,0.80070024728775,14640
chr2,hsa04020,Calcium signaling pathway - Homo sapiens (human),Brain_Substantia_nigra,chr2_182537832_G_C_b38,rs7607012,ENSG00000115252.18,PDE1A,5136,8.19678883001991e-09,0.80070024728775,14640
chr2,hsa04742,Taste transduction - Homo sapiens (human),Brain_Substantia_nigra,chr2_182537832_G_C_b38,rs7607012,ENSG00000115252.18,PDE1A,5136,8.19678883001991e-09,0.80070024728775,14640
chr2,hsa00230,Purine metabolism - Homo sapiens (human),Brain_Substantia_nigra,chr2_182538039_G_A_b38,rs7557036,ENSG00000115252.18,PDE1A,5136,8.19678883001991e-09,0.80070024728775,14847
chr2,hsa04020,Calcium signaling pathway - Homo sapiens (human),Brain_Substantia_nigra,chr2_182538039_G_A_b38,rs7557036,ENSG00000115252.18,PDE1A,5136,8.19678883001991e-09,0.80070024728775,14847
chr2,hsa04742,Taste transduction - Homo sapiens (human),Brain_Substantia_nigra,chr2_182538039_G_A_b38,rs7557036,ENSG00000115252.18,PDE1A,5136,8.19678883001991e-09,0.80070024728775,14847
chr2,hsa00230,Purine metabolism - Homo sapiens (human),Brain_Substantia_nigra,chr2_182538114_T_G_b38,rs7570760,ENSG00000115252.18,PDE1A,5136,3.27871575155403e-12,-0.596694707870483,14922
chr2,hsa04020,Calcium signaling pathway - Homo sapiens (human),Brain_Substantia_nigra,chr2_182538114_T_G_b38,rs7570760,ENSG00000115252.18,PDE1A,5136,3.27871575155403e-12,-0.596694707870483,14922
chr2,hsa04742,Taste transduction - Homo sapiens (human),Brain_Substantia_nigra,chr2_182538114_T_G_b38,rs7570760,ENSG00000115252.18,PDE1A,5136,3.27871575155403e-12,-0.596694707870483,14922
chr2,hsa00230,Purine metabolism - Homo sapiens (human),Brain_Substantia_nigra,chr2_182538779_A_G_b38,rs1430155,ENSG00000115252.18,PDE1A,5136,1.42914066776518e-11,-0.607760667800903,15587
chr2,hsa04020,Calcium signaling pathway - Homo sapiens (human),Brain_Substantia_nigra,chr2_182538779_A_G_b38,rs1430155,ENSG00000115252.18,PDE1A,5136,1.42914066776518e-11,-0.607760667800903,15587
chr2,hsa04742,Taste transduction - Homo sapiens (human),Brain_Substantia_nigra,chr2_182538779_A_G_b38,rs1430155,ENSG00000115252.18,PDE1A,5136,1.42914066776518e-11,-0.607760667800903,15587
chr2,hsa00230,Purine metabolism - Homo sapiens (human),Brain_Substantia_nigra,chr2_182538929_A_G_b38,rs67149441,ENSG00000115252.18,PDE1A,5136,4.3317341749473e-08,0.712699115276337,15737
chr2,hsa04020,Calcium signaling pathway - Homo sapiens (human),Brain_Substantia_nigra,chr2_182538929_A_G_b38,rs67149441,ENSG00000115252.18,PDE1A,5136,4.3317341749473e-08,0.712699115276337,15737
chr2,hsa04742,Taste transduction - Homo sapiens (human),Brain_Substantia_nigra,chr2_182538929_A_G_b38,rs67149441,ENSG00000115252.18,PDE1A,5136,4.3317341749473e-08,0.712699115276337,15737
chr2,hsa00230,Purine metabolism - Homo sapiens (human),Brain_Substantia_nigra,chr2_182539235_T_G_b38,rs10931023,ENSG00000115252.18,PDE1A,5136,8.18249616519017e-13,-0.616165220737457,16043
chr2,hsa04020,Calcium signaling pathway - Homo sapiens (human),Brain_Substantia_nigra,chr2_182539235_T_G_b38,rs10931023,ENSG00000115252.18,PDE1A,5136,8.18249616519017e-13,-0.616165220737457,16043
chr2,hsa04742,Taste transduction - Homo sapiens (human),Brain_Substantia_nigra,chr2_182539235_T_G_b38,rs10931023,ENSG00000115252.18,PDE1A,5136,8.18249616519017e-13,-0.616165220737457,16043
chr2,hsa00230,Purine metabolism - Homo sapiens (human),Brain_Substantia_nigra,chr2_182540241_G_T_b38,rs1965089,ENSG00000115252.18,PDE1A,5136,6.4268236497122e-31,-0.822535872459412,17049
chr2,hsa04020,Calcium signaling pathway - Homo sapiens (human),Brain_Substantia_nigra,chr2_182540241_G_T_b38,rs1965089,ENSG00000115252.18,PDE1A,5136,6.4268236497122e-31,-0.822535872459412,17049
chr2,hsa04742,Taste transduction - Homo sapiens (human),Brain_Substantia_nigra,chr2_182540241_G_T_b38,rs1965089,ENSG00000115252.18,PDE1A,5136,6.4268236497122e-31,-0.822535872459412,17049
chr2,hsa00230,Purine metabolism - Homo sapiens (human),Brain_Substantia_nigra,chr2_182541932_T_C_b38,rs72892739,ENSG00000115252.18,PDE1A,5136,8.19678883001991e-09,0.80070024728775,18740
chr2,hsa04020,Calcium signaling pathway - Homo sapiens (human),Brain_Substantia_nigra,chr2_182541932_T_C_b38,rs72892739,ENSG00000115252.18,PDE1A,5136,8.19678883001991e-09,0.80070024728775,18740
chr2,hsa04742,Taste transduction - Homo sapiens (human),Brain_Substantia_nigra,chr2_182541932_T_C_b38,rs72892739,ENSG00000115252.18,PDE1A,5136,8.19678883001991e-09,0.80070024728775,18740
chr2,hsa00230,Purine metabolism - Homo sapiens (human),Brain_Substantia_nigra,chr2_182542485_A_G_b38,rs7598587,ENSG00000115252.18,PDE1A,5136,3.87964291278918e-11,-0.575268030166626,19293
chr2,hsa04020,Calcium signaling pathway - Homo sapiens (human),Brain_Substantia_nigra,chr2_182542485_A_G_b38,rs7598587,ENSG00000115252.18,PDE1A,5136,3.87964291278918e-11,-0.575268030166626,19293
chr2,hsa04742,Taste transduction - Homo sapiens (human),Brain_Substantia_nigra,chr2_182542485_A_G_b38,rs7598587,ENSG00000115252.18,PDE1A,5136,3.87964291278918e-11,-0.575268030166626,19293
chr2,hsa00230,Purine metabolism - Homo sapiens (human),Brain_Substantia_nigra,chr2_182543533_C_A_b38,rs2368281,ENSG00000115252.18,PDE1A,5136,1.42914066776518e-11,-0.607760667800903,20341
chr2,hsa04020,Calcium signaling pathway - Homo sapiens (human),Brain_Substantia_nigra,chr2_182543533_C_A_b38,rs2368281,ENSG00000115252.18,PDE1A,5136,1.42914066776518e-11,-0.607760667800903,20341
chr2,hsa04742,Taste transduction - Homo sapiens (human),Brain_Substantia_nigra,chr2_182543533_C_A_b38,rs2368281,ENSG00000115252.18,PDE1A,5136,1.42914066776518e-11,-0.607760667800903,20341
chr2,hsa00230,Purine metabolism - Homo sapiens (human),Brain_Substantia_nigra,chr2_182544385_C_T_b38,rs72892747,ENSG00000115252.18,PDE1A,5136,3.66672456529933e-08,0.809257566928864,21193
chr2,hsa04020,Calcium signaling pathway - Homo sapiens (human),Brain_Substantia_nigra,chr2_182544385_C_T_b38,rs72892747,ENSG00000115252.18,PDE1A,5136,3.66672456529933e-08,0.809257566928864,21193
chr2,hsa04742,Taste transduction - Homo sapiens (human),Brain_Substantia_nigra,chr2_182544385_C_T_b38,rs72892747,ENSG00000115252.18,PDE1A,5136,3.66672456529933e-08,0.809257566928864,21193
chr2,hsa00230,Purine metabolism - Homo sapiens (human),Brain_Substantia_nigra,chr2_182544592_A_G_b38,rs934262,ENSG00000115252.18,PDE1A,5136,4.72941514252895e-08,-0.54245525598526,21400
chr2,hsa04020,Calcium signaling pathway - Homo sapiens (human),Brain_Substantia_nigra,chr2_182544592_A_G_b38,rs934262,ENSG00000115252.18,PDE1A,5136,4.72941514252895e-08,-0.54245525598526,21400
chr2,hsa04742,Taste transduction - Homo sapiens (human),Brain_Substantia_nigra,chr2_182544592_A_G_b38,rs934262,ENSG00000115252.18,PDE1A,5136,4.72941514252895e-08,-0.54245525598526,21400
chr2,hsa00230,Purine metabolism - Homo sapiens (human),Brain_Substantia_nigra,chr2_182544593_T_G_b38,rs934263,ENSG00000115252.18,PDE1A,5136,4.72941514252895e-08,-0.54245525598526,21401
chr2,hsa04020,Calcium signaling pathway - Homo sapiens (human),Brain_Substantia_nigra,chr2_182544593_T_G_b38,rs934263,ENSG00000115252.18,PDE1A,5136,4.72941514252895e-08,-0.54245525598526,21401
chr2,hsa04742,Taste transduction - Homo sapiens (human),Brain_Substantia_nigra,chr2_182544593_T_G_b38,rs934263,ENSG00000115252.18,PDE1A,5136,4.72941514252895e-08,-0.54245525598526,21401
chr2,hsa00230,Purine metabolism - Homo sapiens (human),Brain_Substantia_nigra,chr2_182550667_C_G_b38,rs72892751,ENSG00000115252.18,PDE1A,5136,3.66672456529933e-08,0.809257566928864,27475
chr2,hsa04020,Calcium signaling pathway - Homo sapiens (human),Brain_Substantia_nigra,chr2_182550667_C_G_b38,rs72892751,ENSG00000115252.18,PDE1A,5136,3.66672456529933e-08,0.809257566928864,27475
chr2,hsa04742,Taste transduction - Homo sapiens (human),Brain_Substantia_nigra,chr2_182550667_C_G_b38,rs72892751,ENSG00000115252.18,PDE1A,5136,3.66672456529933e-08,0.809257566928864,27475
chr2,hsa00230,Purine metabolism - Homo sapiens (human),Brain_Substantia_nigra,chr2_182550763_T_A_b38,rs6747954,ENSG00000115252.18,PDE1A,5136,3.72082742539204e-27,-0.791236102581024,27571
chr2,hsa04020,Calcium signaling pathway - Homo sapiens (human),Brain_Substantia_nigra,chr2_182550763_T_A_b38,rs6747954,ENSG00000115252.18,PDE1A,5136,3.72082742539204e-27,-0.791236102581024,27571
chr2,hsa04742,Taste transduction - Homo sapiens (human),Brain_Substantia_nigra,chr2_182550763_T_A_b38,rs6747954,ENSG00000115252.18,PDE1A,5136,3.72082742539204e-27,-0.791236102581024,27571
chr2,hsa00230,Purine metabolism - Homo sapiens (human),Brain_Substantia_nigra,chr2_182551970_A_G_b38,rs6711313,ENSG00000115252.18,PDE1A,5136,1.97180469026908e-32,-0.836249351501465,28778
chr2,hsa04020,Calcium signaling pathway - Homo sapiens (human),Brain_Substantia_nigra,chr2_182551970_A_G_b38,rs6711313,ENSG00000115252.18,PDE1A,5136,1.97180469026908e-32,-0.836249351501465,28778
chr2,hsa04742,Taste transduction - Homo sapiens (human),Brain_Substantia_nigra,chr2_182551970_A_G_b38,rs6711313,ENSG00000115252.18,PDE1A,5136,1.97180469026908e-32,-0.836249351501465,28778
chr2,hsa00230,Purine metabolism - Homo sapiens (human),Brain_Substantia_nigra,chr2_182552980_G_A_b38,rs4666588,ENSG00000115252.18,PDE1A,5136,1.97180469026908e-32,-0.836249351501465,29788
chr2,hsa04020,Calcium signaling pathway - Homo sapiens (human),Brain_Substantia_nigra,chr2_182552980_G_A_b38,rs4666588,ENSG00000115252.18,PDE1A,5136,1.97180469026908e-32,-0.836249351501465,29788
chr2,hsa04742,Taste transduction - Homo sapiens (human),Brain_Substantia_nigra,chr2_182552980_G_A_b38,rs4666588,ENSG00000115252.18,PDE1A,5136,1.97180469026908e-32,-0.836249351501465,29788
chr2,hsa00230,Purine metabolism - Homo sapiens (human),Brain_Substantia_nigra,chr2_182553418_C_T_b38,rs143446374,ENSG00000115252.18,PDE1A,5136,8.19678883001991e-09,0.80070024728775,30226
chr2,hsa04020,Calcium signaling pathway - Homo sapiens (human),Brain_Substantia_nigra,chr2_182553418_C_T_b38,rs143446374,ENSG00000115252.18,PDE1A,5136,8.19678883001991e-09,0.80070024728775,30226
chr2,hsa04742,Taste transduction - Homo sapiens (human),Brain_Substantia_nigra,chr2_182553418_C_T_b38,rs143446374,ENSG00000115252.18,PDE1A,5136,8.19678883001991e-09,0.80070024728775,30226
chr2,hsa00230,Purine metabolism - Homo sapiens (human),Brain_Substantia_nigra,chr2_182558883_A_G_b38,rs35960621,ENSG00000115252.18,PDE1A,5136,8.19678883001991e-09,0.80070024728775,35691
chr2,hsa04020,Calcium signaling pathway - Homo sapiens (human),Brain_Substantia_nigra,chr2_182558883_A_G_b38,rs35960621,ENSG00000115252.18,PDE1A,5136,8.19678883001991e-09,0.80070024728775,35691
chr2,hsa04742,Taste transduction - Homo sapiens (human),Brain_Substantia_nigra,chr2_182558883_A_G_b38,rs35960621,ENSG00000115252.18,PDE1A,5136,8.19678883001991e-09,0.80070024728775,35691
chr2,hsa00230,Purine metabolism - Homo sapiens (human),Brain_Substantia_nigra,chr2_182558910_C_T_b38,rs1430156,ENSG00000115252.18,PDE1A,5136,4.89214284604599e-12,-0.611386716365814,35718
chr2,hsa04020,Calcium signaling pathway - Homo sapiens (human),Brain_Substantia_nigra,chr2_182558910_C_T_b38,rs1430156,ENSG00000115252.18,PDE1A,5136,4.89214284604599e-12,-0.611386716365814,35718
chr2,hsa04742,Taste transduction - Homo sapiens (human),Brain_Substantia_nigra,chr2_182558910_C_T_b38,rs1430156,ENSG00000115252.18,PDE1A,5136,4.89214284604599e-12,-0.611386716365814,35718
chr2,hsa00230,Purine metabolism - Homo sapiens (human),Brain_Substantia_nigra,chr2_182559215_A_C_b38,rs11690729,ENSG00000115252.18,PDE1A,5136,8.19678883001991e-09,0.80070024728775,36023
chr2,hsa04020,Calcium signaling pathway - Homo sapiens (human),Brain_Substantia_nigra,chr2_182559215_A_C_b38,rs11690729,ENSG00000115252.18,PDE1A,5136,8.19678883001991e-09,0.80070024728775,36023
chr2,hsa04742,Taste transduction - Homo sapiens (human),Brain_Substantia_nigra,chr2_182559215_A_C_b38,rs11690729,ENSG00000115252.18,PDE1A,5136,8.19678883001991e-09,0.80070024728775,36023
chr2,hsa00230,Purine metabolism - Homo sapiens (human),Brain_Substantia_nigra,chr2_182560036_A_C_b38,rs72892758,ENSG00000115252.18,PDE1A,5136,3.66670717274474e-08,0.809257686138153,36844
chr2,hsa04020,Calcium signaling pathway - Homo sapiens (human),Brain_Substantia_nigra,chr2_182560036_A_C_b38,rs72892758,ENSG00000115252.18,PDE1A,5136,3.66670717274474e-08,0.809257686138153,36844
chr2,hsa04742,Taste transduction - Homo sapiens (human),Brain_Substantia_nigra,chr2_182560036_A_C_b38,rs72892758,ENSG00000115252.18,PDE1A,5136,3.66670717274474e-08,0.809257686138153,36844
chr2,hsa00230,Purine metabolism - Homo sapiens (human),Brain_Substantia_nigra,chr2_182560048_G_A_b38,rs4666589,ENSG00000115252.18,PDE1A,5136,3.19206528329551e-11,-0.594322800636292,36856
chr2,hsa04020,Calcium signaling pathway - Homo sapiens (human),Brain_Substantia_nigra,chr2_182560048_G_A_b38,rs4666589,ENSG00000115252.18,PDE1A,5136,3.19206528329551e-11,-0.594322800636292,36856
chr2,hsa04742,Taste transduction - Homo sapiens (human),Brain_Substantia_nigra,chr2_182560048_G_A_b38,rs4666589,ENSG00000115252.18,PDE1A,5136,3.19206528329551e-11,-0.594322800636292,36856
chr2,hsa00230,Purine metabolism - Homo sapiens (human),Brain_Substantia_nigra,chr2_182560974_T_A_b38,rs4666855,ENSG00000115252.18,PDE1A,5136,2.95662275684803e-12,-0.603882014751434,37782
chr2,hsa04020,Calcium signaling pathway - Homo sapiens (human),Brain_Substantia_nigra,chr2_182560974_T_A_b38,rs4666855,ENSG00000115252.18,PDE1A,5136,2.95662275684803e-12,-0.603882014751434,37782
chr2,hsa04742,Taste transduction - Homo sapiens (human),Brain_Substantia_nigra,chr2_182560974_T_A_b38,rs4666855,ENSG00000115252.18,PDE1A,5136,2.95662275684803e-12,-0.603882014751434,37782
chr2,hsa00230,Purine metabolism - Homo sapiens (human),Brain_Substantia_nigra,chr2_182561082_T_G_b38,rs4666590,ENSG00000115252.18,PDE1A,5136,3.51177480060833e-27,-0.760128200054169,37890
chr2,hsa04020,Calcium signaling pathway - Homo sapiens (human),Brain_Substantia_nigra,chr2_182561082_T_G_b38,rs4666590,ENSG00000115252.18,PDE1A,5136,3.51177480060833e-27,-0.760128200054169,37890
chr2,hsa04742,Taste transduction - Homo sapiens (human),Brain_Substantia_nigra,chr2_182561082_T_G_b38,rs4666590,ENSG00000115252.18,PDE1A,5136,3.51177480060833e-27,-0.760128200054169,37890
chr2,hsa00230,Purine metabolism - Homo sapiens (human),Brain_Substantia_nigra,chr2_182561084_G_T_b38,rs4666856,ENSG00000115252.18,PDE1A,5136,5.13625409310682e-26,-0.762853503227234,37892
chr2,hsa04020,Calcium signaling pathway - Homo sapiens (human),Brain_Substantia_nigra,chr2_182561084_G_T_b38,rs4666856,ENSG00000115252.18,PDE1A,5136,5.13625409310682e-26,-0.762853503227234,37892
chr2,hsa04742,Taste transduction - Homo sapiens (human),Brain_Substantia_nigra,chr2_182561084_G_T_b38,rs4666856,ENSG00000115252.18,PDE1A,5136,5.13625409310682e-26,-0.762853503227234,37892
chr2,hsa00230,Purine metabolism - Homo sapiens (human),Brain_Substantia_nigra,chr2_182561133_A_T_b38,rs4666591,ENSG00000115252.18,PDE1A,5136,3.19206528329551e-11,-0.594322800636292,37941
chr2,hsa04020,Calcium signaling pathway - Homo sapiens (human),Brain_Substantia_nigra,chr2_182561133_A_T_b38,rs4666591,ENSG00000115252.18,PDE1A,5136,3.19206528329551e-11,-0.594322800636292,37941
chr2,hsa04742,Taste transduction - Homo sapiens (human),Brain_Substantia_nigra,chr2_182561133_A_T_b38,rs4666591,ENSG00000115252.18,PDE1A,5136,3.19206528329551e-11,-0.594322800636292,37941
chr2,hsa00230,Purine metabolism - Homo sapiens (human),Brain_Substantia_nigra,chr2_182561752_T_C_b38,rs4375820,ENSG00000115252.18,PDE1A,5136,2.97291941636545e-26,-0.750832915306091,38560
chr2,hsa04020,Calcium signaling pathway - Homo sapiens (human),Brain_Substantia_nigra,chr2_182561752_T_C_b38,rs4375820,ENSG00000115252.18,PDE1A,5136,2.97291941636545e-26,-0.750832915306091,38560
chr2,hsa04742,Taste transduction - Homo sapiens (human),Brain_Substantia_nigra,chr2_182561752_T_C_b38,rs4375820,ENSG00000115252.18,PDE1A,5136,2.97291941636545e-26,-0.750832915306091,38560
chr2,hsa00230,Purine metabolism - Homo sapiens (human),Brain_Substantia_nigra,chr2_182562091_G_A_b38,rs11684336,ENSG00000115252.18,PDE1A,5136,4.89214284604599e-12,-0.611386716365814,38899
chr2,hsa04020,Calcium signaling pathway - Homo sapiens (human),Brain_Substantia_nigra,chr2_182562091_G_A_b38,rs11684336,ENSG00000115252.18,PDE1A,5136,4.89214284604599e-12,-0.611386716365814,38899
chr2,hsa04742,Taste transduction - Homo sapiens (human),Brain_Substantia_nigra,chr2_182562091_G_A_b38,rs11684336,ENSG00000115252.18,PDE1A,5136,4.89214284604599e-12,-0.611386716365814,38899
chr2,hsa00230,Purine metabolism - Homo sapiens (human),Brain_Substantia_nigra,chr2_182562381_T_A_b38,rs199787942,ENSG00000115252.18,PDE1A,5136,3.41687556069636e-12,-0.610204041004181,39189
chr2,hsa04020,Calcium signaling pathway - Homo sapiens (human),Brain_Substantia_nigra,chr2_182562381_T_A_b38,rs199787942,ENSG00000115252.18,PDE1A,5136,3.41687556069636e-12,-0.610204041004181,39189
chr2,hsa04742,Taste transduction - Homo sapiens (human),Brain_Substantia_nigra,chr2_182562381_T_A_b38,rs199787942,ENSG00000115252.18,PDE1A,5136,3.41687556069636e-12,-0.610204041004181,39189
chr2,hsa00230,Purine metabolism - Homo sapiens (human),Brain_Substantia_nigra,chr2_182562664_G_A_b38,rs7607891,ENSG00000115252.18,PDE1A,5136,1.97173302824482e-32,-0.836249470710754,39472
chr2,hsa04020,Calcium signaling pathway - Homo sapiens (human),Brain_Substantia_nigra,chr2_182562664_G_A_b38,rs7607891,ENSG00000115252.18,PDE1A,5136,1.97173302824482e-32,-0.836249470710754,39472
chr2,hsa04742,Taste transduction - Homo sapiens (human),Brain_Substantia_nigra,chr2_182562664_G_A_b38,rs7607891,ENSG00000115252.18,PDE1A,5136,1.97173302824482e-32,-0.836249470710754,39472
chr2,hsa00230,Purine metabolism - Homo sapiens (human),Brain_Substantia_nigra,chr2_182563327_C_T_b38,rs139837068,ENSG00000115252.18,PDE1A,5136,4.89214284604599e-12,-0.611386716365814,40135
chr2,hsa04020,Calcium signaling pathway - Homo sapiens (human),Brain_Substantia_nigra,chr2_182563327_C_T_b38,rs139837068,ENSG00000115252.18,PDE1A,5136,4.89214284604599e-12,-0.611386716365814,40135
chr2,hsa04742,Taste transduction - Homo sapiens (human),Brain_Substantia_nigra,chr2_182563327_C_T_b38,rs139837068,ENSG00000115252.18,PDE1A,5136,4.89214284604599e-12,-0.611386716365814,40135
chr2,hsa00230,Purine metabolism - Homo sapiens (human),Brain_Substantia_nigra,chr2_182563459_G_A_b38,rs7558348,ENSG00000115252.18,PDE1A,5136,3.19206528329551e-11,-0.594322800636292,40267
chr2,hsa04020,Calcium signaling pathway - Homo sapiens (human),Brain_Substantia_nigra,chr2_182563459_G_A_b38,rs7558348,ENSG00000115252.18,PDE1A,5136,3.19206528329551e-11,-0.594322800636292,40267
chr2,hsa04742,Taste transduction - Homo sapiens (human),Brain_Substantia_nigra,chr2_182563459_G_A_b38,rs7558348,ENSG00000115252.18,PDE1A,5136,3.19206528329551e-11,-0.594322800636292,40267
chr2,hsa00230,Purine metabolism - Homo sapiens (human),Brain_Substantia_nigra,chr2_182564110_G_C_b38,rs138322941,ENSG00000115252.18,PDE1A,5136,3.66672456529933e-08,0.809257566928864,40918
chr2,hsa04020,Calcium signaling pathway - Homo sapiens (human),Brain_Substantia_nigra,chr2_182564110_G_C_b38,rs138322941,ENSG00000115252.18,PDE1A,5136,3.66672456529933e-08,0.809257566928864,40918
chr2,hsa04742,Taste transduction - Homo sapiens (human),Brain_Substantia_nigra,chr2_182564110_G_C_b38,rs138322941,ENSG00000115252.18,PDE1A,5136,3.66672456529933e-08,0.809257566928864,40918
chr2,hsa00230,Purine metabolism - Homo sapiens (human),Brain_Substantia_nigra,chr2_182565344_A_C_b38,rs148836803,ENSG00000115252.18,PDE1A,5136,8.19678883001991e-09,0.80070024728775,42152
chr2,hsa04020,Calcium signaling pathway - Homo sapiens (human),Brain_Substantia_nigra,chr2_182565344_A_C_b38,rs148836803,ENSG00000115252.18,PDE1A,5136,8.19678883001991e-09,0.80070024728775,42152
chr2,hsa04742,Taste transduction - Homo sapiens (human),Brain_Substantia_nigra,chr2_182565344_A_C_b38,rs148836803,ENSG00000115252.18,PDE1A,5136,8.19678883001991e-09,0.80070024728775,42152
chr2,hsa00230,Purine metabolism - Homo sapiens (human),Brain_Substantia_nigra,chr2_182566077_G_T_b38,rs60420748,ENSG00000115252.18,PDE1A,5136,8.19678883001991e-09,0.80070024728775,42885
chr2,hsa04020,Calcium signaling pathway - Homo sapiens (human),Brain_Substantia_nigra,chr2_182566077_G_T_b38,rs60420748,ENSG00000115252.18,PDE1A,5136,8.19678883001991e-09,0.80070024728775,42885
chr2,hsa04742,Taste transduction - Homo sapiens (human),Brain_Substantia_nigra,chr2_182566077_G_T_b38,rs60420748,ENSG00000115252.18,PDE1A,5136,8.19678883001991e-09,0.80070024728775,42885
chr2,hsa00230,Purine metabolism - Homo sapiens (human),Brain_Substantia_nigra,chr2_182566114_T_C_b38,rs7563205,ENSG00000115252.18,PDE1A,5136,8.19678883001991e-09,0.80070024728775,42922
chr2,hsa04020,Calcium signaling pathway - Homo sapiens (human),Brain_Substantia_nigra,chr2_182566114_T_C_b38,rs7563205,ENSG00000115252.18,PDE1A,5136,8.19678883001991e-09,0.80070024728775,42922
chr2,hsa04742,Taste transduction - Homo sapiens (human),Brain_Substantia_nigra,chr2_182566114_T_C_b38,rs7563205,ENSG00000115252.18,PDE1A,5136,8.19678883001991e-09,0.80070024728775,42922
chr2,hsa00230,Purine metabolism - Homo sapiens (human),Brain_Substantia_nigra,chr2_182566194_T_C_b38,rs7563329,ENSG00000115252.18,PDE1A,5136,8.19678883001991e-09,0.80070024728775,43002
chr2,hsa04020,Calcium signaling pathway - Homo sapiens (human),Brain_Substantia_nigra,chr2_182566194_T_C_b38,rs7563329,ENSG00000115252.18,PDE1A,5136,8.19678883001991e-09,0.80070024728775,43002
chr2,hsa04742,Taste transduction - Homo sapiens (human),Brain_Substantia_nigra,chr2_182566194_T_C_b38,rs7563329,ENSG00000115252.18,PDE1A,5136,8.19678883001991e-09,0.80070024728775,43002
chr2,hsa00230,Purine metabolism - Homo sapiens (human),Brain_Substantia_nigra,chr2_182569244_A_C_b38,rs9636303,ENSG00000115252.18,PDE1A,5136,2.25491922891021e-09,-0.562984645366669,46052
chr2,hsa04020,Calcium signaling pathway - Homo sapiens (human),Brain_Substantia_nigra,chr2_182569244_A_C_b38,rs9636303,ENSG00000115252.18,PDE1A,5136,2.25491922891021e-09,-0.562984645366669,46052
chr2,hsa04742,Taste transduction - Homo sapiens (human),Brain_Substantia_nigra,chr2_182569244_A_C_b38,rs9636303,ENSG00000115252.18,PDE1A,5136,2.25491922891021e-09,-0.562984645366669,46052
chr2,hsa00230,Purine metabolism - Homo sapiens (human),Brain_Substantia_nigra,chr2_182576299_C_T_b38,rs10931024,ENSG00000115252.18,PDE1A,5136,1.3493945236841e-09,-0.571020483970642,53107
chr2,hsa04020,Calcium signaling pathway - Homo sapiens (human),Brain_Substantia_nigra,chr2_182576299_C_T_b38,rs10931024,ENSG00000115252.18,PDE1A,5136,1.3493945236841e-09,-0.571020483970642,53107
chr2,hsa04742,Taste transduction - Homo sapiens (human),Brain_Substantia_nigra,chr2_182576299_C_T_b38,rs10931024,ENSG00000115252.18,PDE1A,5136,1.3493945236841e-09,-0.571020483970642,53107
chr2,hsa00230,Purine metabolism - Homo sapiens (human),Brain_Substantia_nigra,chr2_182576491_T_C_b38,rs12479286,ENSG00000115252.18,PDE1A,5136,1.3493945236841e-09,-0.571020483970642,53299
chr2,hsa04020,Calcium signaling pathway - Homo sapiens (human),Brain_Substantia_nigra,chr2_182576491_T_C_b38,rs12479286,ENSG00000115252.18,PDE1A,5136,1.3493945236841e-09,-0.571020483970642,53299
chr2,hsa04742,Taste transduction - Homo sapiens (human),Brain_Substantia_nigra,chr2_182576491_T_C_b38,rs12479286,ENSG00000115252.18,PDE1A,5136,1.3493945236841e-09,-0.571020483970642,53299
chr2,hsa00230,Purine metabolism - Homo sapiens (human),Brain_Substantia_nigra,chr2_182576999_C_T_b38,rs7604873,ENSG00000115252.18,PDE1A,5136,1.1415143905607e-26,-0.807117879390717,53807
chr2,hsa04020,Calcium signaling pathway - Homo sapiens (human),Brain_Substantia_nigra,chr2_182576999_C_T_b38,rs7604873,ENSG00000115252.18,PDE1A,5136,1.1415143905607e-26,-0.807117879390717,53807
chr2,hsa04742,Taste transduction - Homo sapiens (human),Brain_Substantia_nigra,chr2_182576999_C_T_b38,rs7604873,ENSG00000115252.18,PDE1A,5136,1.1415143905607e-26,-0.807117879390717,53807
chr2,hsa00230,Purine metabolism - Homo sapiens (human),Brain_Substantia_nigra,chr2_182577716_G_A_b38,rs6758080,ENSG00000115252.18,PDE1A,5136,1.3493945236841e-09,-0.571020483970642,54524
chr2,hsa04020,Calcium signaling pathway - Homo sapiens (human),Brain_Substantia_nigra,chr2_182577716_G_A_b38,rs6758080,ENSG00000115252.18,PDE1A,5136,1.3493945236841e-09,-0.571020483970642,54524
chr2,hsa04742,Taste transduction - Homo sapiens (human),Brain_Substantia_nigra,chr2_182577716_G_A_b38,rs6758080,ENSG00000115252.18,PDE1A,5136,1.3493945236841e-09,-0.571020483970642,54524
chr2,hsa00230,Purine metabolism - Homo sapiens (human),Brain_Substantia_nigra,chr2_182578409_T_C_b38,rs7570144,ENSG00000115252.18,PDE1A,5136,1.3493945236841e-09,-0.571020483970642,55217
chr2,hsa04020,Calcium signaling pathway - Homo sapiens (human),Brain_Substantia_nigra,chr2_182578409_T_C_b38,rs7570144,ENSG00000115252.18,PDE1A,5136,1.3493945236841e-09,-0.571020483970642,55217
chr2,hsa04742,Taste transduction - Homo sapiens (human),Brain_Substantia_nigra,chr2_182578409_T_C_b38,rs7570144,ENSG00000115252.18,PDE1A,5136,1.3493945236841e-09,-0.571020483970642,55217
chr2,hsa00230,Purine metabolism - Homo sapiens (human),Brain_Substantia_nigra,chr2_182581808_G_A_b38,rs1527878,ENSG00000115252.18,PDE1A,5136,2.52043471402624e-24,-0.806333601474762,58616
chr2,hsa04020,Calcium signaling pathway - Homo sapiens (human),Brain_Substantia_nigra,chr2_182581808_G_A_b38,rs1527878,ENSG00000115252.18,PDE1A,5136,2.52043471402624e-24,-0.806333601474762,58616
chr2,hsa04742,Taste transduction - Homo sapiens (human),Brain_Substantia_nigra,chr2_182581808_G_A_b38,rs1527878,ENSG00000115252.18,PDE1A,5136,2.52043471402624e-24,-0.806333601474762,58616
chr2,hsa00230,Purine metabolism - Homo sapiens (human),Brain_Substantia_nigra,chr2_182584998_G_T_b38,rs1918700,ENSG00000115252.18,PDE1A,5136,1.1415143905607e-26,-0.807117879390717,61806
chr2,hsa04020,Calcium signaling pathway - Homo sapiens (human),Brain_Substantia_nigra,chr2_182584998_G_T_b38,rs1918700,ENSG00000115252.18,PDE1A,5136,1.1415143905607e-26,-0.807117879390717,61806
chr2,hsa04742,Taste transduction - Homo sapiens (human),Brain_Substantia_nigra,chr2_182584998_G_T_b38,rs1918700,ENSG00000115252.18,PDE1A,5136,1.1415143905607e-26,-0.807117879390717,61806
chr2,hsa00230,Purine metabolism - Homo sapiens (human),Brain_Substantia_nigra,chr2_182585676_T_G_b38,rs4490143,ENSG00000115252.18,PDE1A,5136,4.67030886966865e-23,-0.751891136169434,62484
chr2,hsa04020,Calcium signaling pathway - Homo sapiens (human),Brain_Substantia_nigra,chr2_182585676_T_G_b38,rs4490143,ENSG00000115252.18,PDE1A,5136,4.67030886966865e-23,-0.751891136169434,62484
chr2,hsa04742,Taste transduction - Homo sapiens (human),Brain_Substantia_nigra,chr2_182585676_T_G_b38,rs4490143,ENSG00000115252.18,PDE1A,5136,4.67030886966865e-23,-0.751891136169434,62484
chr2,hsa00230,Purine metabolism - Homo sapiens (human),Brain_Substantia_nigra,chr2_182588518_C_T_b38,rs955038,ENSG00000115252.18,PDE1A,5136,2.72314906722427e-10,-0.596076846122742,65326
chr2,hsa04020,Calcium signaling pathway - Homo sapiens (human),Brain_Substantia_nigra,chr2_182588518_C_T_b38,rs955038,ENSG00000115252.18,PDE1A,5136,2.72314906722427e-10,-0.596076846122742,65326
chr2,hsa04742,Taste transduction - Homo sapiens (human),Brain_Substantia_nigra,chr2_182588518_C_T_b38,rs955038,ENSG00000115252.18,PDE1A,5136,2.72314906722427e-10,-0.596076846122742,65326
chr2,hsa00230,Purine metabolism - Homo sapiens (human),Brain_Substantia_nigra,chr2_182588815_A_G_b38,rs2368330,ENSG00000115252.18,PDE1A,5136,2.72313358964824e-10,-0.596076905727387,65623
chr2,hsa04020,Calcium signaling pathway - Homo sapiens (human),Brain_Substantia_nigra,chr2_182588815_A_G_b38,rs2368330,ENSG00000115252.18,PDE1A,5136,2.72313358964824e-10,-0.596076905727387,65623
chr2,hsa04742,Taste transduction - Homo sapiens (human),Brain_Substantia_nigra,chr2_182588815_A_G_b38,rs2368330,ENSG00000115252.18,PDE1A,5136,2.72313358964824e-10,-0.596076905727387,65623
chr2,hsa00230,Purine metabolism - Homo sapiens (human),Brain_Substantia_nigra,chr2_182594649_C_T_b38,rs2049666,ENSG00000115252.18,PDE1A,5136,2.72313358964824e-10,-0.596076905727387,71457
chr2,hsa04020,Calcium signaling pathway - Homo sapiens (human),Brain_Substantia_nigra,chr2_182594649_C_T_b38,rs2049666,ENSG00000115252.18,PDE1A,5136,2.72313358964824e-10,-0.596076905727387,71457
chr2,hsa04742,Taste transduction - Homo sapiens (human),Brain_Substantia_nigra,chr2_182594649_C_T_b38,rs2049666,ENSG00000115252.18,PDE1A,5136,2.72313358964824e-10,-0.596076905727387,71457
chr2,hsa00230,Purine metabolism - Homo sapiens (human),Brain_Substantia_nigra,chr2_182599409_T_G_b38,rs10205339,ENSG00000115252.18,PDE1A,5136,8.26692819915378e-11,0.566236257553101,76217
chr2,hsa04020,Calcium signaling pathway - Homo sapiens (human),Brain_Substantia_nigra,chr2_182599409_T_G_b38,rs10205339,ENSG00000115252.18,PDE1A,5136,8.26692819915378e-11,0.566236257553101,76217
chr2,hsa04742,Taste transduction - Homo sapiens (human),Brain_Substantia_nigra,chr2_182599409_T_G_b38,rs10205339,ENSG00000115252.18,PDE1A,5136,8.26692819915378e-11,0.566236257553101,76217
chr2,hsa00230,Purine metabolism - Homo sapiens (human),Brain_Substantia_nigra,chr2_182599414_C_T_b38,rs6746274,ENSG00000115252.18,PDE1A,5136,8.26692819915378e-11,0.566236257553101,76222
chr2,hsa04020,Calcium signaling pathway - Homo sapiens (human),Brain_Substantia_nigra,chr2_182599414_C_T_b38,rs6746274,ENSG00000115252.18,PDE1A,5136,8.26692819915378e-11,0.566236257553101,76222
chr2,hsa04742,Taste transduction - Homo sapiens (human),Brain_Substantia_nigra,chr2_182599414_C_T_b38,rs6746274,ENSG00000115252.18,PDE1A,5136,8.26692819915378e-11,0.566236257553101,76222
chr2,hsa00230,Purine metabolism - Homo sapiens (human),Brain_Substantia_nigra,chr2_182600343_T_C_b38,rs13429751,ENSG00000115252.18,PDE1A,5136,8.26692819915378e-11,0.566236257553101,77151
chr2,hsa04020,Calcium signaling pathway - Homo sapiens (human),Brain_Substantia_nigra,chr2_182600343_T_C_b38,rs13429751,ENSG00000115252.18,PDE1A,5136,8.26692819915378e-11,0.566236257553101,77151
chr2,hsa04742,Taste transduction - Homo sapiens (human),Brain_Substantia_nigra,chr2_182600343_T_C_b38,rs13429751,ENSG00000115252.18,PDE1A,5136,8.26692819915378e-11,0.566236257553101,77151
chr2,hsa00230,Purine metabolism - Homo sapiens (human),Brain_Substantia_nigra,chr2_182601152_G_C_b38,rs13419827,ENSG00000115252.18,PDE1A,5136,8.26692819915378e-11,0.566236257553101,77960
chr2,hsa04020,Calcium signaling pathway - Homo sapiens (human),Brain_Substantia_nigra,chr2_182601152_G_C_b38,rs13419827,ENSG00000115252.18,PDE1A,5136,8.26692819915378e-11,0.566236257553101,77960
chr2,hsa04742,Taste transduction - Homo sapiens (human),Brain_Substantia_nigra,chr2_182601152_G_C_b38,rs13419827,ENSG00000115252.18,PDE1A,5136,8.26692819915378e-11,0.566236257553101,77960
chr2,hsa00230,Purine metabolism - Homo sapiens (human),Brain_Substantia_nigra,chr2_182601561_C_G_b38,rs71427855,ENSG00000115252.18,PDE1A,5136,8.26692819915378e-11,0.566236257553101,78369
chr2,hsa04020,Calcium signaling pathway - Homo sapiens (human),Brain_Substantia_nigra,chr2_182601561_C_G_b38,rs71427855,ENSG00000115252.18,PDE1A,5136,8.26692819915378e-11,0.566236257553101,78369
chr2,hsa04742,Taste transduction - Homo sapiens (human),Brain_Substantia_nigra,chr2_182601561_C_G_b38,rs71427855,ENSG00000115252.18,PDE1A,5136,8.26692819915378e-11,0.566236257553101,78369
chr2,hsa00230,Purine metabolism - Homo sapiens (human),Brain_Substantia_nigra,chr2_182601751_A_G_b38,rs55796027,ENSG00000115252.18,PDE1A,5136,8.26692819915378e-11,0.566236257553101,78559
chr2,hsa04020,Calcium signaling pathway - Homo sapiens (human),Brain_Substantia_nigra,chr2_182601751_A_G_b38,rs55796027,ENSG00000115252.18,PDE1A,5136,8.26692819915378e-11,0.566236257553101,78559
chr2,hsa04742,Taste transduction - Homo sapiens (human),Brain_Substantia_nigra,chr2_182601751_A_G_b38,rs55796027,ENSG00000115252.18,PDE1A,5136,8.26692819915378e-11,0.566236257553101,78559
chr2,hsa00230,Purine metabolism - Homo sapiens (human),Brain_Substantia_nigra,chr2_182601812_C_T_b38,rs11690427,ENSG00000115252.18,PDE1A,5136,8.26692819915378e-11,0.566236257553101,78620
chr2,hsa04020,Calcium signaling pathway - Homo sapiens (human),Brain_Substantia_nigra,chr2_182601812_C_T_b38,rs11690427,ENSG00000115252.18,PDE1A,5136,8.26692819915378e-11,0.566236257553101,78620
chr2,hsa04742,Taste transduction - Homo sapiens (human),Brain_Substantia_nigra,chr2_182601812_C_T_b38,rs11690427,ENSG00000115252.18,PDE1A,5136,8.26692819915378e-11,0.566236257553101,78620
chr2,hsa00230,Purine metabolism - Homo sapiens (human),Brain_Substantia_nigra,chr2_182601894_T_C_b38,rs11675236,ENSG00000115252.18,PDE1A,5136,8.26692819915378e-11,0.566236257553101,78702
chr2,hsa04020,Calcium signaling pathway - Homo sapiens (human),Brain_Substantia_nigra,chr2_182601894_T_C_b38,rs11675236,ENSG00000115252.18,PDE1A,5136,8.26692819915378e-11,0.566236257553101,78702
chr2,hsa04742,Taste transduction - Homo sapiens (human),Brain_Substantia_nigra,chr2_182601894_T_C_b38,rs11675236,ENSG00000115252.18,PDE1A,5136,8.26692819915378e-11,0.566236257553101,78702
chr2,hsa00230,Purine metabolism - Homo sapiens (human),Brain_Substantia_nigra,chr2_182602489_A_G_b38,rs13398082,ENSG00000115252.18,PDE1A,5136,1.99900463004287e-08,0.495040088891983,79297
chr2,hsa04020,Calcium signaling pathway - Homo sapiens (human),Brain_Substantia_nigra,chr2_182602489_A_G_b38,rs13398082,ENSG00000115252.18,PDE1A,5136,1.99900463004287e-08,0.495040088891983,79297
chr2,hsa04742,Taste transduction - Homo sapiens (human),Brain_Substantia_nigra,chr2_182602489_A_G_b38,rs13398082,ENSG00000115252.18,PDE1A,5136,1.99900463004287e-08,0.495040088891983,79297
chr2,hsa00230,Purine metabolism - Homo sapiens (human),Brain_Substantia_nigra,chr2_231720734_T_C_b38,rs11899760,ENSG00000156973.14,PDE6D,5147,1.95336193966635e-09,-0.372971892356873,-65538
chr2,hsa00230,Purine metabolism - Homo sapiens (human),Brain_Substantia_nigra,chr2_231722134_C_T_b38,rs838434,ENSG00000156973.14,PDE6D,5147,7.16928074149998e-13,-0.390941798686981,-64138
chr2,hsa00230,Purine metabolism - Homo sapiens (human),Brain_Substantia_nigra,chr2_231725507_G_A_b38,rs844413,ENSG00000156973.14,PDE6D,5147,7.16928074149998e-13,-0.390941798686981,-60765
chr2,hsa00230,Purine metabolism - Homo sapiens (human),Brain_Substantia_nigra,chr2_231730820_A_ATTTTTT_b38,rs75769685,ENSG00000156973.14,PDE6D,5147,2.81044708319835e-13,-0.393442213535309,-55452
chr2,hsa00230,Purine metabolism - Homo sapiens (human),Brain_Substantia_nigra,chr2_231732765_T_C_b38,rs8165,ENSG00000156973.14,PDE6D,5147,8.50302392020338e-16,-0.40885391831398,-53507
chr2,hsa00230,Purine metabolism - Homo sapiens (human),Brain_Substantia_nigra,chr2_231733355_T_C_b38,rs838424,ENSG00000156973.14,PDE6D,5147,2.81044708319835e-13,-0.393442213535309,-52917
chr2,hsa00230,Purine metabolism - Homo sapiens (human),Brain_Substantia_nigra,chr2_231733693_G_GC_b38,rs35145561,ENSG00000156973.14,PDE6D,5147,8.50302392020338e-16,-0.40885391831398,-52579
chr2,hsa00230,Purine metabolism - Homo sapiens (human),Brain_Substantia_nigra,chr2_231734190_C_G_b38,rs838421,ENSG00000156973.14,PDE6D,5147,1.39202637292311e-10,-0.339071810245514,-52082
chr2,hsa00230,Purine metabolism - Homo sapiens (human),Brain_Substantia_nigra,chr2_231735087_G_A_b38,rs143306427,ENSG00000156973.14,PDE6D,5147,1.14720179270137e-13,-0.398792833089829,-51185
chr2,hsa00230,Purine metabolism - Homo sapiens (human),Brain_Substantia_nigra,chr2_231735734_T_TA_b38,rs147028211,ENSG00000156973.14,PDE6D,5147,2.10876796170359e-16,-0.416481912136078,-50538
chr2,hsa00230,Purine metabolism - Homo sapiens (human),Brain_Substantia_nigra,chr2_231735966_G_T_b38,rs62197242,ENSG00000156973.14,PDE6D,5147,2.10876796170359e-16,-0.416481912136078,-50306
chr2,hsa00230,Purine metabolism - Homo sapiens (human),Brain_Substantia_nigra,chr2_231738702_T_G_b38,rs1246075,ENSG00000156973.14,PDE6D,5147,4.38872850455201e-11,-0.353839814662933,-47570
chr2,hsa00230,Purine metabolism - Homo sapiens (human),Brain_Substantia_nigra,chr2_231740076_T_C_b38,rs1246074,ENSG00000156973.14,PDE6D,5147,1.39202637292311e-10,-0.339071810245514,-46196
chr2,hsa00230,Purine metabolism - Homo sapiens (human),Brain_Substantia_nigra,chr2_231740799_A_T_b38,rs1246073,ENSG00000156973.14,PDE6D,5147,6.29005752845147e-10,-0.332892537117004,-45473
chr2,hsa00230,Purine metabolism - Homo sapiens (human),Brain_Substantia_nigra,chr2_231742746_T_C_b38,rs838448,ENSG00000156973.14,PDE6D,5147,6.29005752845147e-10,-0.332892537117004,-43526
chr2,hsa00230,Purine metabolism - Homo sapiens (human),Brain_Substantia_nigra,chr2_231743584_C_T_b38,rs2570991,ENSG00000156973.14,PDE6D,5147,6.29005752845147e-10,-0.332892537117004,-42688
chr2,hsa00230,Purine metabolism - Homo sapiens (human),Brain_Substantia_nigra,chr2_231745046_C_T_b38,rs838447,ENSG00000156973.14,PDE6D,5147,1.39202637292311e-10,-0.339071810245514,-41226
chr2,hsa00230,Purine metabolism - Homo sapiens (human),Brain_Substantia_nigra,chr2_231745158_T_C_b38,rs838446,ENSG00000156973.14,PDE6D,5147,1.09714336903914e-11,-0.347931712865829,-41114
chr2,hsa00230,Purine metabolism - Homo sapiens (human),Brain_Substantia_nigra,chr2_231745248_A_G_b38,rs838445,ENSG00000156973.14,PDE6D,5147,6.29009226757569e-10,-0.332892507314682,-41024
chr2,hsa00230,Purine metabolism - Homo sapiens (human),Brain_Substantia_nigra,chr2_231746432_A_G_b38,rs838443,ENSG00000156973.14,PDE6D,5147,1.09714336903914e-11,-0.347931712865829,-39840
chr2,hsa00230,Purine metabolism - Homo sapiens (human),Brain_Substantia_nigra,chr2_231746910_T_TA_b38,rs67108912,ENSG00000156973.14,PDE6D,5147,1.09714336903914e-11,-0.347931712865829,-39362
chr2,hsa00230,Purine metabolism - Homo sapiens (human),Brain_Substantia_nigra,chr2_231747668_A_C_b38,rs838442,ENSG00000156973.14,PDE6D,5147,6.29009226757569e-10,-0.332892507314682,-38604
chr2,hsa00230,Purine metabolism - Homo sapiens (human),Brain_Substantia_nigra,chr2_231748975_C_A_b38,rs1097850,ENSG00000156973.14,PDE6D,5147,9.09707985701034e-14,-0.400383144617081,-37297
chr2,hsa00230,Purine metabolism - Homo sapiens (human),Brain_Substantia_nigra,chr2_231749206_A_G_b38,rs1097849,ENSG00000156973.14,PDE6D,5147,9.72339011539998e-11,-0.350622415542603,-37066
chr2,hsa00230,Purine metabolism - Homo sapiens (human),Brain_Substantia_nigra,chr2_231752240_GA_G_b38,rs67071088,ENSG00000156973.14,PDE6D,5147,6.29005752845147e-10,-0.332892537117004,-34032
chr2,hsa00230,Purine metabolism - Homo sapiens (human),Brain_Substantia_nigra,chr2_231752495_A_G_b38,rs6719408,ENSG00000156973.14,PDE6D,5147,6.29005752845147e-10,-0.332892537117004,-33777
chr2,hsa00230,Purine metabolism - Homo sapiens (human),Brain_Substantia_nigra,chr2_231755257_C_CAA_b38,rs56747577,ENSG00000156973.14,PDE6D,5147,6.14846998909017e-16,-0.411377847194672,-31015
chr2,hsa00230,Purine metabolism - Homo sapiens (human),Brain_Substantia_nigra,chr2_231755843_T_C_b38,rs838460,ENSG00000156973.14,PDE6D,5147,9.09707985701034e-14,-0.400383144617081,-30429
chr2,hsa00230,Purine metabolism - Homo sapiens (human),Brain_Substantia_nigra,chr2_231757291_T_A_b38,rs865706,ENSG00000156973.14,PDE6D,5147,1.39202637292311e-10,-0.339071810245514,-28981
chr2,hsa00230,Purine metabolism - Homo sapiens (human),Brain_Substantia_nigra,chr2_231761387_A_AG_b38,rs35025339,ENSG00000156973.14,PDE6D,5147,9.09707985701034e-14,-0.400383144617081,-24885
chr2,hsa00230,Purine metabolism - Homo sapiens (human),Brain_Substantia_nigra,chr2_231763822_C_T_b38,rs4134454,ENSG00000156973.14,PDE6D,5147,2.10876796170359e-16,-0.416481912136078,-22450
chr2,hsa00230,Purine metabolism - Homo sapiens (human),Brain_Substantia_nigra,chr2_231764946_C_T_b38,rs11691808,ENSG00000156973.14,PDE6D,5147,2.10876796170359e-16,-0.416481912136078,-21326
chr2,hsa00230,Purine metabolism - Homo sapiens (human),Brain_Substantia_nigra,chr2_231765179_A_G_b38,rs113105409,ENSG00000156973.14,PDE6D,5147,9.09707985701034e-14,-0.400383144617081,-21093
chr2,hsa00230,Purine metabolism - Homo sapiens (human),Brain_Substantia_nigra,chr2_231766860_T_C_b38,rs1464975,ENSG00000156973.14,PDE6D,5147,2.65910061879354e-15,-0.409397512674332,-19412
chr2,hsa00230,Purine metabolism - Homo sapiens (human),Brain_Substantia_nigra,chr2_231767136_A_G_b38,rs1464976,ENSG00000156973.14,PDE6D,5147,1.39202637292311e-10,-0.339071810245514,-19136
chr2,hsa00230,Purine metabolism - Homo sapiens (human),Brain_Substantia_nigra,chr2_231768459_T_C_b38,rs10208197,ENSG00000156973.14,PDE6D,5147,2.65910061879354e-15,-0.409397512674332,-17813
chr2,hsa00230,Purine metabolism - Homo sapiens (human),Brain_Substantia_nigra,chr2_231770436_T_C_b38,rs2340510,ENSG00000156973.14,PDE6D,5147,1.14258018448479e-12,-0.389193296432495,-15836
chr2,hsa00230,Purine metabolism - Homo sapiens (human),Brain_Substantia_nigra,chr2_231771734_G_A_b38,rs6437035,ENSG00000156973.14,PDE6D,5147,1.39202637292311e-10,-0.339071810245514,-14538
chr2,hsa00230,Purine metabolism - Homo sapiens (human),Brain_Substantia_nigra,chr2_231772919_A_G_b38,rs67585372,ENSG00000156973.14,PDE6D,5147,2.10876796170359e-16,-0.416481912136078,-13353
chr2,hsa00230,Purine metabolism - Homo sapiens (human),Brain_Substantia_nigra,chr2_231772963_C_T_b38,rs62198563,ENSG00000156973.14,PDE6D,5147,9.09707985701034e-14,-0.400383144617081,-13309
chr2,hsa00230,Purine metabolism - Homo sapiens (human),Brain_Substantia_nigra,chr2_231773129_G_A_b38,rs62198564,ENSG00000156973.14,PDE6D,5147,2.10876796170359e-16,-0.416481912136078,-13143
chr2,hsa00230,Purine metabolism - Homo sapiens (human),Brain_Substantia_nigra,chr2_231774519_C_T_b38,rs55754571,ENSG00000156973.14,PDE6D,5147,9.09707985701034e-14,-0.400383144617081,-11753
chr2,hsa00230,Purine metabolism - Homo sapiens (human),Brain_Substantia_nigra,chr2_231776060_A_G_b38,rs6437036,ENSG00000156973.14,PDE6D,5147,1.14258018448479e-12,-0.389193296432495,-10212
chr2,hsa00230,Purine metabolism - Homo sapiens (human),Brain_Substantia_nigra,chr2_231776548_C_T_b38,rs13425658,ENSG00000156973.14,PDE6D,5147,1.14258018448479e-12,-0.389193296432495,-9724
chr2,hsa00230,Purine metabolism - Homo sapiens (human),Brain_Substantia_nigra,chr2_231779482_C_CCA_b38,rs57397211,ENSG00000156973.14,PDE6D,5147,1.34987697513099e-13,-0.392773002386093,-6790
chr2,hsa00230,Purine metabolism - Homo sapiens (human),Brain_Substantia_nigra,chr2_231779710_G_A_b38,rs4479418,ENSG00000156973.14,PDE6D,5147,1.34988665749841e-13,-0.392772942781448,-6562
chr2,hsa00230,Purine metabolism - Homo sapiens (human),Brain_Substantia_nigra,chr2_231783044_A_G_b38,rs13424754,ENSG00000156973.14,PDE6D,5147,1.00440782610411e-15,-0.410168319940567,-3228
chr2,hsa00230,Purine metabolism - Homo sapiens (human),Brain_Substantia_nigra,chr2_231783948_C_T_b38,rs6732581,ENSG00000156973.14,PDE6D,5147,4.16954039576287e-15,-0.401882350444794,-2324
chr2,hsa00230,Purine metabolism - Homo sapiens (human),Brain_Substantia_nigra,chr2_231788463_G_T_b38,rs17271845,ENSG00000156973.14,PDE6D,5147,5.43202803542525e-09,-0.366649657487869,2191
chr2,hsa00230,Purine metabolism - Homo sapiens (human),Brain_Substantia_nigra,chr2_231800253_T_G_b38,rs56272010,ENSG00000156973.14,PDE6D,5147,1.17741302430287e-08,-0.359249711036682,13981
chr2,hsa00230,Purine metabolism - Homo sapiens (human),Brain_Substantia_nigra,chr2_231804368_G_C_b38,rs4555339,ENSG00000156973.14,PDE6D,5147,5.21746117225523e-11,-0.352978944778442,18096
chr2,hsa00230,Purine metabolism - Homo sapiens (human),Brain_Substantia_nigra,chr2_231815529_G_A_b38,rs146082281,ENSG00000156973.14,PDE6D,5147,1.27473375775862e-09,-0.376008838415146,29257
chr2,hsa00230,Purine metabolism - Homo sapiens (human),Brain_Substantia_nigra,chr2_231817565_C_CTT_b38,rs138416872,ENSG00000156973.14,PDE6D,5147,1.01592279541951e-13,-0.382421106100082,31293
chr2,hsa00230,Purine metabolism - Homo sapiens (human),Brain_Substantia_nigra,chr2_231848985_T_G_b38,rs13397384,ENSG00000156973.14,PDE6D,5147,2.14505596168327e-11,-0.356623470783234,62713
chr2,hsa00230,Purine metabolism - Homo sapiens (human),Brain_Substantia_nigra,chr2_231849732_G_A_b38,rs3856541,ENSG00000156973.14,PDE6D,5147,4.38872850455201e-11,-0.353839814662933,63460
chr2,hsa00230,Purine metabolism - Homo sapiens (human),Brain_Substantia_nigra,chr2_231849821_T_C_b38,rs3856543,ENSG00000156973.14,PDE6D,5147,4.38872850455201e-11,-0.353839814662933,63549
chr2,hsa00230,Purine metabolism - Homo sapiens (human),Brain_Substantia_nigra,chr2_231849927_G_C_b38,rs4040722,ENSG00000156973.14,PDE6D,5147,4.38872850455201e-11,-0.353839814662933,63655
chr2,hsa00230,Purine metabolism - Homo sapiens (human),Brain_Substantia_nigra,chr2_231851527_C_G_b38,rs62198650,ENSG00000156973.14,PDE6D,5147,1.88749107104806e-08,-0.340991079807282,65255
chr2,hsa00230,Purine metabolism - Homo sapiens (human),Brain_Substantia_nigra,chr2_231853147_A_G_b38,rs920400,ENSG00000156973.14,PDE6D,5147,4.38870201483675e-11,-0.353839844465256,66875
chr2,hsa00230,Purine metabolism - Homo sapiens (human),Brain_Substantia_nigra,chr2_231856029_A_G_b38,rs10195385,ENSG00000156973.14,PDE6D,5147,3.08084608378976e-09,-0.322623133659363,69757
chr2,hsa00450,Selenocompound metabolism - Homo sapiens (human),Brain_Substantia_nigra,chr2_238086035_T_C_b38,rs2264132,ENSG00000132330.18,SCLY,51540,3.21025346868098e-09,-0.452594786882401,25111
chr2,hsa01100,Metabolic pathways - Homo sapiens (human),Brain_Substantia_nigra,chr2_238086035_T_C_b38,rs2264132,ENSG00000132330.18,SCLY,51540,3.21025346868098e-09,-0.452594786882401,25111
chr2,hsa00450,Selenocompound metabolism - Homo sapiens (human),Brain_Substantia_nigra,chr2_238098238_C_T_b38,rs12993309,ENSG00000132330.18,SCLY,51540,3.31412620888973e-08,0.417835116386414,37314
chr2,hsa01100,Metabolic pathways - Homo sapiens (human),Brain_Substantia_nigra,chr2_238098238_C_T_b38,rs12993309,ENSG00000132330.18,SCLY,51540,3.31412620888973e-08,0.417835116386414,37314
chr2,hsa00450,Selenocompound metabolism - Homo sapiens (human),Brain_Substantia_nigra,chr2_238098489_A_T_b38,rs62196005,ENSG00000132330.18,SCLY,51540,2.74295861780107e-08,0.385003000497818,37565
chr2,hsa01100,Metabolic pathways - Homo sapiens (human),Brain_Substantia_nigra,chr2_238098489_A_T_b38,rs62196005,ENSG00000132330.18,SCLY,51540,2.74295861780107e-08,0.385003000497818,37565
chr2,hsa00785,Lipoic acid metabolism - Homo sapiens (human),Brain_Substantia_nigra,chr2_99087810_T_C_b38,rs720229,ENSG00000144182.17,LIPT1,51601,8.44381758544705e-09,0.413251727819443,-67155
chr2,hsa01100,Metabolic pathways - Homo sapiens (human),Brain_Substantia_nigra,chr2_99087810_T_C_b38,rs720229,ENSG00000144182.17,LIPT1,51601,8.44381758544705e-09,0.413251727819443,-67155
chr2,hsa00785,Lipoic acid metabolism - Homo sapiens (human),Brain_Substantia_nigra,chr2_99088084_A_G_b38,rs720228,ENSG00000144182.17,LIPT1,51601,7.70494519770872e-09,0.409456938505173,-66881
chr2,hsa01100,Metabolic pathways - Homo sapiens (human),Brain_Substantia_nigra,chr2_99088084_A_G_b38,rs720228,ENSG00000144182.17,LIPT1,51601,7.70494519770872e-09,0.409456938505173,-66881
chr2,hsa00785,Lipoic acid metabolism - Homo sapiens (human),Brain_Substantia_nigra,chr2_99089440_A_G_b38,rs11123761,ENSG00000144182.17,LIPT1,51601,2.67454357805928e-08,0.3978610932827,-65525
chr2,hsa01100,Metabolic pathways - Homo sapiens (human),Brain_Substantia_nigra,chr2_99089440_A_G_b38,rs11123761,ENSG00000144182.17,LIPT1,51601,2.67454357805928e-08,0.3978610932827,-65525
chr2,hsa00785,Lipoic acid metabolism - Homo sapiens (human),Brain_Substantia_nigra,chr2_99091774_G_A_b38,rs11678456,ENSG00000144182.17,LIPT1,51601,2.67456285065552e-08,0.397861033678055,-63191
chr2,hsa01100,Metabolic pathways - Homo sapiens (human),Brain_Substantia_nigra,chr2_99091774_G_A_b38,rs11678456,ENSG00000144182.17,LIPT1,51601,2.67456285065552e-08,0.397861033678055,-63191
chr2,hsa00785,Lipoic acid metabolism - Homo sapiens (human),Brain_Substantia_nigra,chr2_99091784_A_C_b38,rs11695751,ENSG00000144182.17,LIPT1,51601,2.78478003257764e-08,0.393657833337784,-63181
chr2,hsa01100,Metabolic pathways - Homo sapiens (human),Brain_Substantia_nigra,chr2_99091784_A_C_b38,rs11695751,ENSG00000144182.17,LIPT1,51601,2.78478003257764e-08,0.393657833337784,-63181
chr2,hsa00785,Lipoic acid metabolism - Homo sapiens (human),Brain_Substantia_nigra,chr2_99092952_C_A_b38,rs11900670,ENSG00000144182.17,LIPT1,51601,4.12157978061192e-08,0.392498552799225,-62013
chr2,hsa01100,Metabolic pathways - Homo sapiens (human),Brain_Substantia_nigra,chr2_99092952_C_A_b38,rs11900670,ENSG00000144182.17,LIPT1,51601,4.12157978061192e-08,0.392498552799225,-62013
chr2,hsa00785,Lipoic acid metabolism - Homo sapiens (human),Brain_Substantia_nigra,chr2_99095829_C_T_b38,rs12987548,ENSG00000144182.17,LIPT1,51601,2.65718196563164e-08,0.399808257818222,-59136
chr2,hsa01100,Metabolic pathways - Homo sapiens (human),Brain_Substantia_nigra,chr2_99095829_C_T_b38,rs12987548,ENSG00000144182.17,LIPT1,51601,2.65718196563164e-08,0.399808257818222,-59136
chr2,hsa00785,Lipoic acid metabolism - Homo sapiens (human),Brain_Substantia_nigra,chr2_99098614_T_TAGAG_b38,rs34993555,ENSG00000144182.17,LIPT1,51601,3.64122552006354e-08,0.389954537153244,-56351
chr2,hsa01100,Metabolic pathways - Homo sapiens (human),Brain_Substantia_nigra,chr2_99098614_T_TAGAG_b38,rs34993555,ENSG00000144182.17,LIPT1,51601,3.64122552006354e-08,0.389954537153244,-56351
chr2,hsa00785,Lipoic acid metabolism - Homo sapiens (human),Brain_Substantia_nigra,chr2_99099201_G_A_b38,rs13020339,ENSG00000144182.17,LIPT1,51601,2.67456285065552e-08,0.397861033678055,-55764
chr2,hsa01100,Metabolic pathways - Homo sapiens (human),Brain_Substantia_nigra,chr2_99099201_G_A_b38,rs13020339,ENSG00000144182.17,LIPT1,51601,2.67456285065552e-08,0.397861033678055,-55764
chr2,hsa00785,Lipoic acid metabolism - Homo sapiens (human),Brain_Substantia_nigra,chr2_99101145_A_G_b38,rs4402818,ENSG00000144182.17,LIPT1,51601,2.67456285065552e-08,0.397861033678055,-53820
chr2,hsa01100,Metabolic pathways - Homo sapiens (human),Brain_Substantia_nigra,chr2_99101145_A_G_b38,rs4402818,ENSG00000144182.17,LIPT1,51601,2.67456285065552e-08,0.397861033678055,-53820
chr2,hsa00785,Lipoic acid metabolism - Homo sapiens (human),Brain_Substantia_nigra,chr2_99101835_C_T_b38,rs10865029,ENSG00000144182.17,LIPT1,51601,4.12157978061192e-08,0.392498552799225,-53130
chr2,hsa01100,Metabolic pathways - Homo sapiens (human),Brain_Substantia_nigra,chr2_99101835_C_T_b38,rs10865029,ENSG00000144182.17,LIPT1,51601,4.12157978061192e-08,0.392498552799225,-53130
chr2,hsa00785,Lipoic acid metabolism - Homo sapiens (human),Brain_Substantia_nigra,chr2_99103224_C_T_b38,rs6712704,ENSG00000144182.17,LIPT1,51601,4.12157978061192e-08,0.392498552799225,-51741
chr2,hsa01100,Metabolic pathways - Homo sapiens (human),Brain_Substantia_nigra,chr2_99103224_C_T_b38,rs6712704,ENSG00000144182.17,LIPT1,51601,4.12157978061192e-08,0.392498552799225,-51741
chr2,hsa00785,Lipoic acid metabolism - Homo sapiens (human),Brain_Substantia_nigra,chr2_99103804_C_G_b38,rs1453563,ENSG00000144182.17,LIPT1,51601,2.65718196563164e-08,0.399808257818222,-51161
chr2,hsa01100,Metabolic pathways - Homo sapiens (human),Brain_Substantia_nigra,chr2_99103804_C_G_b38,rs1453563,ENSG00000144182.17,LIPT1,51601,2.65718196563164e-08,0.399808257818222,-51161
chr2,hsa00785,Lipoic acid metabolism - Homo sapiens (human),Brain_Substantia_nigra,chr2_99108049_T_C_b38,rs11683188,ENSG00000144182.17,LIPT1,51601,2.65718196563164e-08,0.399808257818222,-46916
chr2,hsa01100,Metabolic pathways - Homo sapiens (human),Brain_Substantia_nigra,chr2_99108049_T_C_b38,rs11683188,ENSG00000144182.17,LIPT1,51601,2.65718196563164e-08,0.399808257818222,-46916
chr2,hsa00785,Lipoic acid metabolism - Homo sapiens (human),Brain_Substantia_nigra,chr2_99108562_C_T_b38,rs4340581,ENSG00000144182.17,LIPT1,51601,2.78478671075181e-08,0.393657833337784,-46403
chr2,hsa01100,Metabolic pathways - Homo sapiens (human),Brain_Substantia_nigra,chr2_99108562_C_T_b38,rs4340581,ENSG00000144182.17,LIPT1,51601,2.78478671075181e-08,0.393657833337784,-46403
chr2,hsa00785,Lipoic acid metabolism - Homo sapiens (human),Brain_Substantia_nigra,chr2_99108675_C_T_b38,rs6542863,ENSG00000144182.17,LIPT1,51601,4.12157978061192e-08,0.392498552799225,-46290
chr2,hsa01100,Metabolic pathways - Homo sapiens (human),Brain_Substantia_nigra,chr2_99108675_C_T_b38,rs6542863,ENSG00000144182.17,LIPT1,51601,4.12157978061192e-08,0.392498552799225,-46290
chr2,hsa00785,Lipoic acid metabolism - Homo sapiens (human),Brain_Substantia_nigra,chr2_99108760_A_G_b38,rs6542864,ENSG00000144182.17,LIPT1,51601,4.36925671760339e-08,0.388549864292145,-46205
chr2,hsa01100,Metabolic pathways - Homo sapiens (human),Brain_Substantia_nigra,chr2_99108760_A_G_b38,rs6542864,ENSG00000144182.17,LIPT1,51601,4.36925671760339e-08,0.388549864292145,-46205
chr2,hsa00785,Lipoic acid metabolism - Homo sapiens (human),Brain_Substantia_nigra,chr2_99109016_A_AT_b38,rs11396964,ENSG00000144182.17,LIPT1,51601,4.12157978061192e-08,0.392498552799225,-45949
chr2,hsa01100,Metabolic pathways - Homo sapiens (human),Brain_Substantia_nigra,chr2_99109016_A_AT_b38,rs11396964,ENSG00000144182.17,LIPT1,51601,4.12157978061192e-08,0.392498552799225,-45949
chr2,hsa00785,Lipoic acid metabolism - Homo sapiens (human),Brain_Substantia_nigra,chr2_99109112_T_C_b38,rs6733285,ENSG00000144182.17,LIPT1,51601,2.4246507583041e-08,0.401030898094177,-45853
chr2,hsa01100,Metabolic pathways - Homo sapiens (human),Brain_Substantia_nigra,chr2_99109112_T_C_b38,rs6733285,ENSG00000144182.17,LIPT1,51601,2.4246507583041e-08,0.401030898094177,-45853
chr2,hsa00785,Lipoic acid metabolism - Homo sapiens (human),Brain_Substantia_nigra,chr2_99111326_T_C_b38,rs11123762,ENSG00000144182.17,LIPT1,51601,4.47988764275476e-08,0.389137595891953,-43639
chr2,hsa01100,Metabolic pathways - Homo sapiens (human),Brain_Substantia_nigra,chr2_99111326_T_C_b38,rs11123762,ENSG00000144182.17,LIPT1,51601,4.47988764275476e-08,0.389137595891953,-43639
chr2,hsa00785,Lipoic acid metabolism - Homo sapiens (human),Brain_Substantia_nigra,chr2_99111830_C_T_b38,rs7577477,ENSG00000144182.17,LIPT1,51601,4.12157978061192e-08,0.392498552799225,-43135
chr2,hsa01100,Metabolic pathways - Homo sapiens (human),Brain_Substantia_nigra,chr2_99111830_C_T_b38,rs7577477,ENSG00000144182.17,LIPT1,51601,4.12157978061192e-08,0.392498552799225,-43135
chr2,hsa00785,Lipoic acid metabolism - Homo sapiens (human),Brain_Substantia_nigra,chr2_99112544_CT_C_b38,rs11354035,ENSG00000144182.17,LIPT1,51601,2.65718196563164e-08,0.399808257818222,-42421
chr2,hsa01100,Metabolic pathways - Homo sapiens (human),Brain_Substantia_nigra,chr2_99112544_CT_C_b38,rs11354035,ENSG00000144182.17,LIPT1,51601,2.65718196563164e-08,0.399808257818222,-42421
chr2,hsa00785,Lipoic acid metabolism - Homo sapiens (human),Brain_Substantia_nigra,chr2_99114194_T_C_b38,rs11692699,ENSG00000144182.17,LIPT1,51601,4.12157978061192e-08,0.392498552799225,-40771
chr2,hsa01100,Metabolic pathways - Homo sapiens (human),Brain_Substantia_nigra,chr2_99114194_T_C_b38,rs11692699,ENSG00000144182.17,LIPT1,51601,4.12157978061192e-08,0.392498552799225,-40771
chr2,hsa00785,Lipoic acid metabolism - Homo sapiens (human),Brain_Substantia_nigra,chr2_99114726_A_T_b38,rs13022329,ENSG00000144182.17,LIPT1,51601,4.63239386889458e-08,0.390981405973434,-40239
chr2,hsa01100,Metabolic pathways - Homo sapiens (human),Brain_Substantia_nigra,chr2_99114726_A_T_b38,rs13022329,ENSG00000144182.17,LIPT1,51601,4.63239386889458e-08,0.390981405973434,-40239
chr2,hsa00785,Lipoic acid metabolism - Homo sapiens (human),Brain_Substantia_nigra,chr2_99115089_C_T_b38,rs6739579,ENSG00000144182.17,LIPT1,51601,4.36925671760339e-08,0.388549864292145,-39876
chr2,hsa01100,Metabolic pathways - Homo sapiens (human),Brain_Substantia_nigra,chr2_99115089_C_T_b38,rs6739579,ENSG00000144182.17,LIPT1,51601,4.36925671760339e-08,0.388549864292145,-39876
chr2,hsa00785,Lipoic acid metabolism - Homo sapiens (human),Brain_Substantia_nigra,chr2_99115897_C_G_b38,rs6743355,ENSG00000144182.17,LIPT1,51601,4.12157978061192e-08,0.392498552799225,-39068
chr2,hsa01100,Metabolic pathways - Homo sapiens (human),Brain_Substantia_nigra,chr2_99115897_C_G_b38,rs6743355,ENSG00000144182.17,LIPT1,51601,4.12157978061192e-08,0.392498552799225,-39068
chr2,hsa00785,Lipoic acid metabolism - Homo sapiens (human),Brain_Substantia_nigra,chr2_99116278_G_A_b38,rs12613624,ENSG00000144182.17,LIPT1,51601,2.65718196563164e-08,0.399808257818222,-38687
chr2,hsa01100,Metabolic pathways - Homo sapiens (human),Brain_Substantia_nigra,chr2_99116278_G_A_b38,rs12613624,ENSG00000144182.17,LIPT1,51601,2.65718196563164e-08,0.399808257818222,-38687
chr2,hsa00785,Lipoic acid metabolism - Homo sapiens (human),Brain_Substantia_nigra,chr2_99116362_GA_G_b38,rs35899541,ENSG00000144182.17,LIPT1,51601,3.12807756043006e-08,0.390483975410461,-38603
chr2,hsa01100,Metabolic pathways - Homo sapiens (human),Brain_Substantia_nigra,chr2_99116362_GA_G_b38,rs35899541,ENSG00000144182.17,LIPT1,51601,3.12807756043006e-08,0.390483975410461,-38603
chr2,hsa00785,Lipoic acid metabolism - Homo sapiens (human),Brain_Substantia_nigra,chr2_99118589_G_T_b38,rs11688004,ENSG00000144182.17,LIPT1,51601,3.0845793558725e-08,0.397068679332733,-36376
chr2,hsa01100,Metabolic pathways - Homo sapiens (human),Brain_Substantia_nigra,chr2_99118589_G_T_b38,rs11688004,ENSG00000144182.17,LIPT1,51601,3.0845793558725e-08,0.397068679332733,-36376
chr2,hsa00785,Lipoic acid metabolism - Homo sapiens (human),Brain_Substantia_nigra,chr2_99120542_T_C_b38,rs17759607,ENSG00000144182.17,LIPT1,51601,3.0845793558725e-08,0.397068679332733,-34423
chr2,hsa01100,Metabolic pathways - Homo sapiens (human),Brain_Substantia_nigra,chr2_99120542_T_C_b38,rs17759607,ENSG00000144182.17,LIPT1,51601,3.0845793558725e-08,0.397068679332733,-34423
chr2,hsa00785,Lipoic acid metabolism - Homo sapiens (human),Brain_Substantia_nigra,chr2_99120657_G_A_b38,rs36071868,ENSG00000144182.17,LIPT1,51601,2.78478671075181e-08,0.393657833337784,-34308
chr2,hsa01100,Metabolic pathways - Homo sapiens (human),Brain_Substantia_nigra,chr2_99120657_G_A_b38,rs36071868,ENSG00000144182.17,LIPT1,51601,2.78478671075181e-08,0.393657833337784,-34308
chr2,hsa00785,Lipoic acid metabolism - Homo sapiens (human),Brain_Substantia_nigra,chr2_99120810_G_A_b38,rs34766932,ENSG00000144182.17,LIPT1,51601,2.67456285065552e-08,0.397861033678055,-34155
chr2,hsa01100,Metabolic pathways - Homo sapiens (human),Brain_Substantia_nigra,chr2_99120810_G_A_b38,rs34766932,ENSG00000144182.17,LIPT1,51601,2.67456285065552e-08,0.397861033678055,-34155
chr2,hsa00785,Lipoic acid metabolism - Homo sapiens (human),Brain_Substantia_nigra,chr2_99120980_A_C_b38,rs34272114,ENSG00000144182.17,LIPT1,51601,2.65718196563164e-08,0.399808257818222,-33985
chr2,hsa01100,Metabolic pathways - Homo sapiens (human),Brain_Substantia_nigra,chr2_99120980_A_C_b38,rs34272114,ENSG00000144182.17,LIPT1,51601,2.65718196563164e-08,0.399808257818222,-33985
chr2,hsa00785,Lipoic acid metabolism - Homo sapiens (human),Brain_Substantia_nigra,chr2_99121183_A_G_b38,rs34252185,ENSG00000144182.17,LIPT1,51601,2.78478671075181e-08,0.393657833337784,-33782
chr2,hsa01100,Metabolic pathways - Homo sapiens (human),Brain_Substantia_nigra,chr2_99121183_A_G_b38,rs34252185,ENSG00000144182.17,LIPT1,51601,2.78478671075181e-08,0.393657833337784,-33782
chr2,hsa00785,Lipoic acid metabolism - Homo sapiens (human),Brain_Substantia_nigra,chr2_99121626_C_CA_b38,rs35416081,ENSG00000144182.17,LIPT1,51601,4.12157978061192e-08,0.392498552799225,-33339
chr2,hsa01100,Metabolic pathways - Homo sapiens (human),Brain_Substantia_nigra,chr2_99121626_C_CA_b38,rs35416081,ENSG00000144182.17,LIPT1,51601,4.12157978061192e-08,0.392498552799225,-33339
chr2,hsa00785,Lipoic acid metabolism - Homo sapiens (human),Brain_Substantia_nigra,chr2_99121761_C_T_b38,rs13023744,ENSG00000144182.17,LIPT1,51601,2.78478671075181e-08,0.393657833337784,-33204
chr2,hsa01100,Metabolic pathways - Homo sapiens (human),Brain_Substantia_nigra,chr2_99121761_C_T_b38,rs13023744,ENSG00000144182.17,LIPT1,51601,2.78478671075181e-08,0.393657833337784,-33204
chr2,hsa00785,Lipoic acid metabolism - Homo sapiens (human),Brain_Substantia_nigra,chr2_99122498_A_G_b38,rs6741772,ENSG00000144182.17,LIPT1,51601,1.71186176172568e-08,0.398573696613312,-32467
chr2,hsa01100,Metabolic pathways - Homo sapiens (human),Brain_Substantia_nigra,chr2_99122498_A_G_b38,rs6741772,ENSG00000144182.17,LIPT1,51601,1.71186176172568e-08,0.398573696613312,-32467
chr2,hsa00785,Lipoic acid metabolism - Homo sapiens (human),Brain_Substantia_nigra,chr2_99122499_A_C_b38,rs6741773,ENSG00000144182.17,LIPT1,51601,1.71185757661657e-08,0.398573726415634,-32466
chr2,hsa01100,Metabolic pathways - Homo sapiens (human),Brain_Substantia_nigra,chr2_99122499_A_C_b38,rs6741773,ENSG00000144182.17,LIPT1,51601,1.71185757661657e-08,0.398573726415634,-32466
chr2,hsa00785,Lipoic acid metabolism - Homo sapiens (human),Brain_Substantia_nigra,chr2_99123712_T_C_b38,rs6751927,ENSG00000144182.17,LIPT1,51601,2.78478671075181e-08,0.393657833337784,-31253
chr2,hsa01100,Metabolic pathways - Homo sapiens (human),Brain_Substantia_nigra,chr2_99123712_T_C_b38,rs6751927,ENSG00000144182.17,LIPT1,51601,2.78478671075181e-08,0.393657833337784,-31253
chr2,hsa00785,Lipoic acid metabolism - Homo sapiens (human),Brain_Substantia_nigra,chr2_99124143_T_C_b38,rs11692336,ENSG00000144182.17,LIPT1,51601,2.65718196563164e-08,0.399808257818222,-30822
chr2,hsa01100,Metabolic pathways - Homo sapiens (human),Brain_Substantia_nigra,chr2_99124143_T_C_b38,rs11692336,ENSG00000144182.17,LIPT1,51601,2.65718196563164e-08,0.399808257818222,-30822
chr2,hsa00785,Lipoic acid metabolism - Homo sapiens (human),Brain_Substantia_nigra,chr2_99125501_C_T_b38,rs1133978,ENSG00000144182.17,LIPT1,51601,2.65718196563164e-08,0.399808257818222,-29464
chr2,hsa01100,Metabolic pathways - Homo sapiens (human),Brain_Substantia_nigra,chr2_99125501_C_T_b38,rs1133978,ENSG00000144182.17,LIPT1,51601,2.65718196563164e-08,0.399808257818222,-29464
chr2,hsa00785,Lipoic acid metabolism - Homo sapiens (human),Brain_Substantia_nigra,chr2_99125521_T_G_b38,rs1133977,ENSG00000144182.17,LIPT1,51601,3.0845793558725e-08,0.397068679332733,-29444
chr2,hsa01100,Metabolic pathways - Homo sapiens (human),Brain_Substantia_nigra,chr2_99125521_T_G_b38,rs1133977,ENSG00000144182.17,LIPT1,51601,3.0845793558725e-08,0.397068679332733,-29444
chr2,hsa00785,Lipoic acid metabolism - Homo sapiens (human),Brain_Substantia_nigra,chr2_99125698_T_C_b38,rs11695379,ENSG00000144182.17,LIPT1,51601,4.12157978061192e-08,0.392498552799225,-29267
chr2,hsa01100,Metabolic pathways - Homo sapiens (human),Brain_Substantia_nigra,chr2_99125698_T_C_b38,rs11695379,ENSG00000144182.17,LIPT1,51601,4.12157978061192e-08,0.392498552799225,-29267
chr2,hsa00785,Lipoic acid metabolism - Homo sapiens (human),Brain_Substantia_nigra,chr2_99126956_G_A_b38,rs13008171,ENSG00000144182.17,LIPT1,51601,2.65718196563164e-08,0.399808257818222,-28009
chr2,hsa01100,Metabolic pathways - Homo sapiens (human),Brain_Substantia_nigra,chr2_99126956_G_A_b38,rs13008171,ENSG00000144182.17,LIPT1,51601,2.65718196563164e-08,0.399808257818222,-28009
chr2,hsa00785,Lipoic acid metabolism - Homo sapiens (human),Brain_Substantia_nigra,chr2_99127709_A_AAAC_b38,rs35189430,ENSG00000144182.17,LIPT1,51601,4.12157978061192e-08,0.392498552799225,-27256
chr2,hsa01100,Metabolic pathways - Homo sapiens (human),Brain_Substantia_nigra,chr2_99127709_A_AAAC_b38,rs35189430,ENSG00000144182.17,LIPT1,51601,4.12157978061192e-08,0.392498552799225,-27256
chr2,hsa00785,Lipoic acid metabolism - Homo sapiens (human),Brain_Substantia_nigra,chr2_99129397_A_C_b38,rs4851187,ENSG00000144182.17,LIPT1,51601,2.78478003257764e-08,0.393657833337784,-25568
chr2,hsa01100,Metabolic pathways - Homo sapiens (human),Brain_Substantia_nigra,chr2_99129397_A_C_b38,rs4851187,ENSG00000144182.17,LIPT1,51601,2.78478003257764e-08,0.393657833337784,-25568
chr2,hsa00785,Lipoic acid metabolism - Homo sapiens (human),Brain_Substantia_nigra,chr2_99129435_G_A_b38,rs4851188,ENSG00000144182.17,LIPT1,51601,3.0845793558725e-08,0.397068679332733,-25530
chr2,hsa01100,Metabolic pathways - Homo sapiens (human),Brain_Substantia_nigra,chr2_99129435_G_A_b38,rs4851188,ENSG00000144182.17,LIPT1,51601,3.0845793558725e-08,0.397068679332733,-25530
chr2,hsa00785,Lipoic acid metabolism - Homo sapiens (human),Brain_Substantia_nigra,chr2_99129827_C_T_b38,rs11895749,ENSG00000144182.17,LIPT1,51601,3.0845793558725e-08,0.397068679332733,-25138
chr2,hsa01100,Metabolic pathways - Homo sapiens (human),Brain_Substantia_nigra,chr2_99129827_C_T_b38,rs11895749,ENSG00000144182.17,LIPT1,51601,3.0845793558725e-08,0.397068679332733,-25138
chr2,hsa00785,Lipoic acid metabolism - Homo sapiens (human),Brain_Substantia_nigra,chr2_99130947_G_A_b38,rs78142075,ENSG00000144182.17,LIPT1,51601,4.12157978061192e-08,0.392498552799225,-24018
chr2,hsa01100,Metabolic pathways - Homo sapiens (human),Brain_Substantia_nigra,chr2_99130947_G_A_b38,rs78142075,ENSG00000144182.17,LIPT1,51601,4.12157978061192e-08,0.392498552799225,-24018
chr2,hsa00785,Lipoic acid metabolism - Homo sapiens (human),Brain_Substantia_nigra,chr2_99131366_A_G_b38,rs7604557,ENSG00000144182.17,LIPT1,51601,2.78478671075181e-08,0.393657833337784,-23599
chr2,hsa01100,Metabolic pathways - Homo sapiens (human),Brain_Substantia_nigra,chr2_99131366_A_G_b38,rs7604557,ENSG00000144182.17,LIPT1,51601,2.78478671075181e-08,0.393657833337784,-23599
chr2,hsa00785,Lipoic acid metabolism - Homo sapiens (human),Brain_Substantia_nigra,chr2_99132691_C_T_b38,rs13014232,ENSG00000144182.17,LIPT1,51601,4.12157978061192e-08,0.392498552799225,-22274
chr2,hsa01100,Metabolic pathways - Homo sapiens (human),Brain_Substantia_nigra,chr2_99132691_C_T_b38,rs13014232,ENSG00000144182.17,LIPT1,51601,4.12157978061192e-08,0.392498552799225,-22274
chr2,hsa00785,Lipoic acid metabolism - Homo sapiens (human),Brain_Substantia_nigra,chr2_99132887_T_C_b38,rs4588238,ENSG00000144182.17,LIPT1,51601,4.36926700651739e-08,0.388549834489822,-22078
chr2,hsa01100,Metabolic pathways - Homo sapiens (human),Brain_Substantia_nigra,chr2_99132887_T_C_b38,rs4588238,ENSG00000144182.17,LIPT1,51601,4.36926700651739e-08,0.388549834489822,-22078
chr2,hsa00785,Lipoic acid metabolism - Homo sapiens (human),Brain_Substantia_nigra,chr2_99133883_C_A_b38,rs11692669,ENSG00000144182.17,LIPT1,51601,3.0845793558725e-08,0.397068679332733,-21082
chr2,hsa01100,Metabolic pathways - Homo sapiens (human),Brain_Substantia_nigra,chr2_99133883_C_A_b38,rs11692669,ENSG00000144182.17,LIPT1,51601,3.0845793558725e-08,0.397068679332733,-21082
chr2,hsa00785,Lipoic acid metabolism - Homo sapiens (human),Brain_Substantia_nigra,chr2_99134210_A_G_b38,rs11123763,ENSG00000144182.17,LIPT1,51601,4.12157978061192e-08,0.392498552799225,-20755
chr2,hsa01100,Metabolic pathways - Homo sapiens (human),Brain_Substantia_nigra,chr2_99134210_A_G_b38,rs11123763,ENSG00000144182.17,LIPT1,51601,4.12157978061192e-08,0.392498552799225,-20755
chr2,hsa00785,Lipoic acid metabolism - Homo sapiens (human),Brain_Substantia_nigra,chr2_99134214_T_C_b38,rs11123764,ENSG00000144182.17,LIPT1,51601,2.67454357805928e-08,0.3978610932827,-20751
chr2,hsa01100,Metabolic pathways - Homo sapiens (human),Brain_Substantia_nigra,chr2_99134214_T_C_b38,rs11123764,ENSG00000144182.17,LIPT1,51601,2.67454357805928e-08,0.3978610932827,-20751
chr2,hsa00785,Lipoic acid metabolism - Homo sapiens (human),Brain_Substantia_nigra,chr2_99135783_C_T_b38,rs13035357,ENSG00000144182.17,LIPT1,51601,2.65718196563164e-08,0.399808257818222,-19182
chr2,hsa01100,Metabolic pathways - Homo sapiens (human),Brain_Substantia_nigra,chr2_99135783_C_T_b38,rs13035357,ENSG00000144182.17,LIPT1,51601,2.65718196563164e-08,0.399808257818222,-19182
chr2,hsa00785,Lipoic acid metabolism - Homo sapiens (human),Brain_Substantia_nigra,chr2_99137366_A_C_b38,rs9941561,ENSG00000144182.17,LIPT1,51601,2.67456285065552e-08,0.397861033678055,-17599
chr2,hsa01100,Metabolic pathways - Homo sapiens (human),Brain_Substantia_nigra,chr2_99137366_A_C_b38,rs9941561,ENSG00000144182.17,LIPT1,51601,2.67456285065552e-08,0.397861033678055,-17599
chr2,hsa00785,Lipoic acid metabolism - Homo sapiens (human),Brain_Substantia_nigra,chr2_99137371_G_A_b38,rs12992218,ENSG00000144182.17,LIPT1,51601,4.12157978061192e-08,0.392498552799225,-17594
chr2,hsa01100,Metabolic pathways - Homo sapiens (human),Brain_Substantia_nigra,chr2_99137371_G_A_b38,rs12992218,ENSG00000144182.17,LIPT1,51601,4.12157978061192e-08,0.392498552799225,-17594
chr2,hsa00785,Lipoic acid metabolism - Homo sapiens (human),Brain_Substantia_nigra,chr2_99138636_C_G_b38,rs13018891,ENSG00000144182.17,LIPT1,51601,4.36925671760339e-08,0.388549864292145,-16329
chr2,hsa01100,Metabolic pathways - Homo sapiens (human),Brain_Substantia_nigra,chr2_99138636_C_G_b38,rs13018891,ENSG00000144182.17,LIPT1,51601,4.36925671760339e-08,0.388549864292145,-16329
chr2,hsa00785,Lipoic acid metabolism - Homo sapiens (human),Brain_Substantia_nigra,chr2_99139895_A_G_b38,rs11677247,ENSG00000144182.17,LIPT1,51601,4.12157978061192e-08,0.392498552799225,-15070
chr2,hsa01100,Metabolic pathways - Homo sapiens (human),Brain_Substantia_nigra,chr2_99139895_A_G_b38,rs11677247,ENSG00000144182.17,LIPT1,51601,4.12157978061192e-08,0.392498552799225,-15070
chr2,hsa00785,Lipoic acid metabolism - Homo sapiens (human),Brain_Substantia_nigra,chr2_99140467_T_C_b38,rs6717723,ENSG00000144182.17,LIPT1,51601,2.78478003257764e-08,0.393657833337784,-14498
chr2,hsa01100,Metabolic pathways - Homo sapiens (human),Brain_Substantia_nigra,chr2_99140467_T_C_b38,rs6717723,ENSG00000144182.17,LIPT1,51601,2.78478003257764e-08,0.393657833337784,-14498
chr2,hsa00785,Lipoic acid metabolism - Homo sapiens (human),Brain_Substantia_nigra,chr2_99140478_T_C_b38,rs6717729,ENSG00000144182.17,LIPT1,51601,4.36926700651739e-08,0.388549834489822,-14487
chr2,hsa01100,Metabolic pathways - Homo sapiens (human),Brain_Substantia_nigra,chr2_99140478_T_C_b38,rs6717729,ENSG00000144182.17,LIPT1,51601,4.36926700651739e-08,0.388549834489822,-14487
chr2,hsa00785,Lipoic acid metabolism - Homo sapiens (human),Brain_Substantia_nigra,chr2_99141557_G_GCGCAGGCGCACGCCCA_b38,rs58516622,ENSG00000144182.17,LIPT1,51601,3.68796756562464e-08,0.388658165931702,-13408
chr2,hsa01100,Metabolic pathways - Homo sapiens (human),Brain_Substantia_nigra,chr2_99141557_G_GCGCAGGCGCACGCCCA_b38,rs58516622,ENSG00000144182.17,LIPT1,51601,3.68796756562464e-08,0.388658165931702,-13408
chr2,hsa00785,Lipoic acid metabolism - Homo sapiens (human),Brain_Substantia_nigra,chr2_99142772_T_A_b38,rs11683107,ENSG00000144182.17,LIPT1,51601,3.0845793558725e-08,0.397068679332733,-12193
chr2,hsa01100,Metabolic pathways - Homo sapiens (human),Brain_Substantia_nigra,chr2_99142772_T_A_b38,rs11683107,ENSG00000144182.17,LIPT1,51601,3.0845793558725e-08,0.397068679332733,-12193
chr2,hsa00785,Lipoic acid metabolism - Homo sapiens (human),Brain_Substantia_nigra,chr2_99143402_A_G_b38,rs6726618,ENSG00000144182.17,LIPT1,51601,4.12157978061192e-08,0.392498552799225,-11563
chr2,hsa01100,Metabolic pathways - Homo sapiens (human),Brain_Substantia_nigra,chr2_99143402_A_G_b38,rs6726618,ENSG00000144182.17,LIPT1,51601,4.12157978061192e-08,0.392498552799225,-11563
chr2,hsa00785,Lipoic acid metabolism - Homo sapiens (human),Brain_Substantia_nigra,chr2_99146863_G_A_b38,rs11693427,ENSG00000144182.17,LIPT1,51601,1.69111651995386e-08,0.402947038412094,-8102
chr2,hsa01100,Metabolic pathways - Homo sapiens (human),Brain_Substantia_nigra,chr2_99146863_G_A_b38,rs11693427,ENSG00000144182.17,LIPT1,51601,1.69111651995386e-08,0.402947038412094,-8102
chr2,hsa00785,Lipoic acid metabolism - Homo sapiens (human),Brain_Substantia_nigra,chr2_99147797_GTATC_G_b38,.,ENSG00000144182.17,LIPT1,51601,2.65718196563164e-08,0.399808257818222,-7168
chr2,hsa01100,Metabolic pathways - Homo sapiens (human),Brain_Substantia_nigra,chr2_99147797_GTATC_G_b38,.,ENSG00000144182.17,LIPT1,51601,2.65718196563164e-08,0.399808257818222,-7168
chr2,hsa00785,Lipoic acid metabolism - Homo sapiens (human),Brain_Substantia_nigra,chr2_99148058_C_T_b38,rs6542865,ENSG00000144182.17,LIPT1,51601,4.36925671760339e-08,0.388549864292145,-6907
chr2,hsa01100,Metabolic pathways - Homo sapiens (human),Brain_Substantia_nigra,chr2_99148058_C_T_b38,rs6542865,ENSG00000144182.17,LIPT1,51601,4.36925671760339e-08,0.388549864292145,-6907
chr2,hsa00785,Lipoic acid metabolism - Homo sapiens (human),Brain_Substantia_nigra,chr2_99148129_T_C_b38,rs6542866,ENSG00000144182.17,LIPT1,51601,3.0845793558725e-08,0.397068679332733,-6836
chr2,hsa01100,Metabolic pathways - Homo sapiens (human),Brain_Substantia_nigra,chr2_99148129_T_C_b38,rs6542866,ENSG00000144182.17,LIPT1,51601,3.0845793558725e-08,0.397068679332733,-6836
chr2,hsa00785,Lipoic acid metabolism - Homo sapiens (human),Brain_Substantia_nigra,chr2_99148421_G_T_b38,rs12995473,ENSG00000144182.17,LIPT1,51601,2.67454357805928e-08,0.3978610932827,-6544
chr2,hsa01100,Metabolic pathways - Homo sapiens (human),Brain_Substantia_nigra,chr2_99148421_G_T_b38,rs12995473,ENSG00000144182.17,LIPT1,51601,2.67454357805928e-08,0.3978610932827,-6544
chr2,hsa00785,Lipoic acid metabolism - Homo sapiens (human),Brain_Substantia_nigra,chr2_99149685_A_G_b38,rs11684507,ENSG00000144182.17,LIPT1,51601,4.12157978061192e-08,0.392498552799225,-5280
chr2,hsa01100,Metabolic pathways - Homo sapiens (human),Brain_Substantia_nigra,chr2_99149685_A_G_b38,rs11684507,ENSG00000144182.17,LIPT1,51601,4.12157978061192e-08,0.392498552799225,-5280
chr2,hsa00785,Lipoic acid metabolism - Homo sapiens (human),Brain_Substantia_nigra,chr2_99149754_T_C_b38,rs11685759,ENSG00000144182.17,LIPT1,51601,2.78478671075181e-08,0.393657833337784,-5211
chr2,hsa01100,Metabolic pathways - Homo sapiens (human),Brain_Substantia_nigra,chr2_99149754_T_C_b38,rs11685759,ENSG00000144182.17,LIPT1,51601,2.78478671075181e-08,0.393657833337784,-5211
chr2,hsa00785,Lipoic acid metabolism - Homo sapiens (human),Brain_Substantia_nigra,chr2_99149859_A_C_b38,rs11684610,ENSG00000144182.17,LIPT1,51601,4.12157978061192e-08,0.392498552799225,-5106
chr2,hsa01100,Metabolic pathways - Homo sapiens (human),Brain_Substantia_nigra,chr2_99149859_A_C_b38,rs11684610,ENSG00000144182.17,LIPT1,51601,4.12157978061192e-08,0.392498552799225,-5106
chr2,hsa00785,Lipoic acid metabolism - Homo sapiens (human),Brain_Substantia_nigra,chr2_99151405_C_T_b38,rs11890338,ENSG00000144182.17,LIPT1,51601,4.12157978061192e-08,0.392498552799225,-3560
chr2,hsa01100,Metabolic pathways - Homo sapiens (human),Brain_Substantia_nigra,chr2_99151405_C_T_b38,rs11890338,ENSG00000144182.17,LIPT1,51601,4.12157978061192e-08,0.392498552799225,-3560
chr2,hsa00785,Lipoic acid metabolism - Homo sapiens (human),Brain_Substantia_nigra,chr2_99151601_T_C_b38,rs11123765,ENSG00000144182.17,LIPT1,51601,2.78478003257764e-08,0.393657833337784,-3364
chr2,hsa01100,Metabolic pathways - Homo sapiens (human),Brain_Substantia_nigra,chr2_99151601_T_C_b38,rs11123765,ENSG00000144182.17,LIPT1,51601,2.78478003257764e-08,0.393657833337784,-3364
chr2,hsa00785,Lipoic acid metabolism - Homo sapiens (human),Brain_Substantia_nigra,chr2_99151811_GA_G_b38,rs34715372,ENSG00000144182.17,LIPT1,51601,4.12157978061192e-08,0.392498552799225,-3154
chr2,hsa01100,Metabolic pathways - Homo sapiens (human),Brain_Substantia_nigra,chr2_99151811_GA_G_b38,rs34715372,ENSG00000144182.17,LIPT1,51601,4.12157978061192e-08,0.392498552799225,-3154
chr2,hsa00785,Lipoic acid metabolism - Homo sapiens (human),Brain_Substantia_nigra,chr2_99151956_A_G_b38,rs4850897,ENSG00000144182.17,LIPT1,51601,2.65718196563164e-08,0.399808257818222,-3009
chr2,hsa01100,Metabolic pathways - Homo sapiens (human),Brain_Substantia_nigra,chr2_99151956_A_G_b38,rs4850897,ENSG00000144182.17,LIPT1,51601,2.65718196563164e-08,0.399808257818222,-3009
chr2,hsa00785,Lipoic acid metabolism - Homo sapiens (human),Brain_Substantia_nigra,chr2_99154805_G_C_b38,rs2516832,ENSG00000144182.17,LIPT1,51601,4.12157978061192e-08,0.392498552799225,-160
chr2,hsa01100,Metabolic pathways - Homo sapiens (human),Brain_Substantia_nigra,chr2_99154805_G_C_b38,rs2516832,ENSG00000144182.17,LIPT1,51601,4.12157978061192e-08,0.392498552799225,-160
chr2,hsa00785,Lipoic acid metabolism - Homo sapiens (human),Brain_Substantia_nigra,chr2_99154809_C_T_b38,rs2632261,ENSG00000144182.17,LIPT1,51601,2.67454357805928e-08,0.3978610932827,-156
chr2,hsa01100,Metabolic pathways - Homo sapiens (human),Brain_Substantia_nigra,chr2_99154809_C_T_b38,rs2632261,ENSG00000144182.17,LIPT1,51601,2.67454357805928e-08,0.3978610932827,-156
chr2,hsa00785,Lipoic acid metabolism - Homo sapiens (human),Brain_Substantia_nigra,chr2_99155070_C_T_b38,rs2516834,ENSG00000144182.17,LIPT1,51601,2.78478671075181e-08,0.393657833337784,105
chr2,hsa01100,Metabolic pathways - Homo sapiens (human),Brain_Substantia_nigra,chr2_99155070_C_T_b38,rs2516834,ENSG00000144182.17,LIPT1,51601,2.78478671075181e-08,0.393657833337784,105
chr2,hsa00785,Lipoic acid metabolism - Homo sapiens (human),Brain_Substantia_nigra,chr2_99155127_G_T_b38,rs2632260,ENSG00000144182.17,LIPT1,51601,2.78478671075181e-08,0.393657833337784,162
chr2,hsa01100,Metabolic pathways - Homo sapiens (human),Brain_Substantia_nigra,chr2_99155127_G_T_b38,rs2632260,ENSG00000144182.17,LIPT1,51601,2.78478671075181e-08,0.393657833337784,162
chr2,hsa00785,Lipoic acid metabolism - Homo sapiens (human),Brain_Substantia_nigra,chr2_99156102_C_T_b38,rs2516827,ENSG00000144182.17,LIPT1,51601,4.12157978061192e-08,0.392498552799225,1137
chr2,hsa01100,Metabolic pathways - Homo sapiens (human),Brain_Substantia_nigra,chr2_99156102_C_T_b38,rs2516827,ENSG00000144182.17,LIPT1,51601,4.12157978061192e-08,0.392498552799225,1137
chr2,hsa00785,Lipoic acid metabolism - Homo sapiens (human),Brain_Substantia_nigra,chr2_99156412_T_C_b38,rs2516828,ENSG00000144182.17,LIPT1,51601,2.67456285065552e-08,0.397861033678055,1447
chr2,hsa01100,Metabolic pathways - Homo sapiens (human),Brain_Substantia_nigra,chr2_99156412_T_C_b38,rs2516828,ENSG00000144182.17,LIPT1,51601,2.67456285065552e-08,0.397861033678055,1447
chr2,hsa00785,Lipoic acid metabolism - Homo sapiens (human),Brain_Substantia_nigra,chr2_99156738_T_G_b38,rs2516829,ENSG00000144182.17,LIPT1,51601,2.67456285065552e-08,0.397861033678055,1773
chr2,hsa01100,Metabolic pathways - Homo sapiens (human),Brain_Substantia_nigra,chr2_99156738_T_G_b38,rs2516829,ENSG00000144182.17,LIPT1,51601,2.67456285065552e-08,0.397861033678055,1773
chr2,hsa00785,Lipoic acid metabolism - Homo sapiens (human),Brain_Substantia_nigra,chr2_99157239_T_G_b38,rs2516830,ENSG00000144182.17,LIPT1,51601,2.65718196563164e-08,0.399808257818222,2274
chr2,hsa01100,Metabolic pathways - Homo sapiens (human),Brain_Substantia_nigra,chr2_99157239_T_G_b38,rs2516830,ENSG00000144182.17,LIPT1,51601,2.65718196563164e-08,0.399808257818222,2274
chr2,hsa00785,Lipoic acid metabolism - Homo sapiens (human),Brain_Substantia_nigra,chr2_99159537_C_G_b38,rs2632283,ENSG00000144182.17,LIPT1,51601,2.65718196563164e-08,0.399808257818222,4572
chr2,hsa01100,Metabolic pathways - Homo sapiens (human),Brain_Substantia_nigra,chr2_99159537_C_G_b38,rs2632283,ENSG00000144182.17,LIPT1,51601,2.65718196563164e-08,0.399808257818222,4572
chr2,hsa00785,Lipoic acid metabolism - Homo sapiens (human),Brain_Substantia_nigra,chr2_99160223_G_A_b38,rs2969379,ENSG00000144182.17,LIPT1,51601,8.84315800298004e-09,0.401259064674377,5258
chr2,hsa01100,Metabolic pathways - Homo sapiens (human),Brain_Substantia_nigra,chr2_99160223_G_A_b38,rs2969379,ENSG00000144182.17,LIPT1,51601,8.84315800298004e-09,0.401259064674377,5258
chr2,hsa00785,Lipoic acid metabolism - Homo sapiens (human),Brain_Substantia_nigra,chr2_99160942_T_C_b38,rs2516833,ENSG00000144182.17,LIPT1,51601,2.65718196563164e-08,0.399808257818222,5977
chr2,hsa01100,Metabolic pathways - Homo sapiens (human),Brain_Substantia_nigra,chr2_99160942_T_C_b38,rs2516833,ENSG00000144182.17,LIPT1,51601,2.65718196563164e-08,0.399808257818222,5977
chr2,hsa00785,Lipoic acid metabolism - Homo sapiens (human),Brain_Substantia_nigra,chr2_99162522_T_C_b38,rs2632277,ENSG00000144182.17,LIPT1,51601,8.84315800298004e-09,0.401259064674377,7557
chr2,hsa01100,Metabolic pathways - Homo sapiens (human),Brain_Substantia_nigra,chr2_99162522_T_C_b38,rs2632277,ENSG00000144182.17,LIPT1,51601,8.84315800298004e-09,0.401259064674377,7557
chr2,hsa00785,Lipoic acid metabolism - Homo sapiens (human),Brain_Substantia_nigra,chr2_99162668_T_C_b38,rs2516835,ENSG00000144182.17,LIPT1,51601,2.65718196563164e-08,0.399808257818222,7703
chr2,hsa01100,Metabolic pathways - Homo sapiens (human),Brain_Substantia_nigra,chr2_99162668_T_C_b38,rs2516835,ENSG00000144182.17,LIPT1,51601,2.65718196563164e-08,0.399808257818222,7703
chr2,hsa00785,Lipoic acid metabolism - Homo sapiens (human),Brain_Substantia_nigra,chr2_99163509_A_G_b38,rs2516836,ENSG00000144182.17,LIPT1,51601,4.12157978061192e-08,0.392498552799225,8544
chr2,hsa01100,Metabolic pathways - Homo sapiens (human),Brain_Substantia_nigra,chr2_99163509_A_G_b38,rs2516836,ENSG00000144182.17,LIPT1,51601,4.12157978061192e-08,0.392498552799225,8544
chr2,hsa00785,Lipoic acid metabolism - Homo sapiens (human),Brain_Substantia_nigra,chr2_99164452_C_T_b38,rs11123766,ENSG00000144182.17,LIPT1,51601,4.36925671760339e-08,0.388549864292145,9487
chr2,hsa01100,Metabolic pathways - Homo sapiens (human),Brain_Substantia_nigra,chr2_99164452_C_T_b38,rs11123766,ENSG00000144182.17,LIPT1,51601,4.36925671760339e-08,0.388549864292145,9487
chr2,hsa00785,Lipoic acid metabolism - Homo sapiens (human),Brain_Substantia_nigra,chr2_99164545_T_TA_b38,rs60992070,ENSG00000144182.17,LIPT1,51601,1.01769175858243e-08,0.395803660154343,9580
chr2,hsa01100,Metabolic pathways - Homo sapiens (human),Brain_Substantia_nigra,chr2_99164545_T_TA_b38,rs60992070,ENSG00000144182.17,LIPT1,51601,1.01769175858243e-08,0.395803660154343,9580
chr2,hsa00785,Lipoic acid metabolism - Homo sapiens (human),Brain_Substantia_nigra,chr2_99164876_G_GGGT_b38,rs58825857,ENSG00000144182.17,LIPT1,51601,2.65718196563164e-08,0.399808257818222,9911
chr2,hsa01100,Metabolic pathways - Homo sapiens (human),Brain_Substantia_nigra,chr2_99164876_G_GGGT_b38,rs58825857,ENSG00000144182.17,LIPT1,51601,2.65718196563164e-08,0.399808257818222,9911
chr2,hsa00785,Lipoic acid metabolism - Homo sapiens (human),Brain_Substantia_nigra,chr2_99165763_C_T_b38,rs7608938,ENSG00000144182.17,LIPT1,51601,2.65718196563164e-08,0.399808257818222,10798
chr2,hsa01100,Metabolic pathways - Homo sapiens (human),Brain_Substantia_nigra,chr2_99165763_C_T_b38,rs7608938,ENSG00000144182.17,LIPT1,51601,2.65718196563164e-08,0.399808257818222,10798
chr2,hsa00785,Lipoic acid metabolism - Homo sapiens (human),Brain_Substantia_nigra,chr2_99166348_G_A_b38,rs2964969,ENSG00000144182.17,LIPT1,51601,4.36925671760339e-08,0.388549864292145,11383
chr2,hsa01100,Metabolic pathways - Homo sapiens (human),Brain_Substantia_nigra,chr2_99166348_G_A_b38,rs2964969,ENSG00000144182.17,LIPT1,51601,4.36925671760339e-08,0.388549864292145,11383
chr2,hsa00785,Lipoic acid metabolism - Homo sapiens (human),Brain_Substantia_nigra,chr2_99166385_A_C_b38,rs6542868,ENSG00000144182.17,LIPT1,51601,2.65718196563164e-08,0.399808257818222,11420
chr2,hsa01100,Metabolic pathways - Homo sapiens (human),Brain_Substantia_nigra,chr2_99166385_A_C_b38,rs6542868,ENSG00000144182.17,LIPT1,51601,2.65718196563164e-08,0.399808257818222,11420
chr2,hsa00785,Lipoic acid metabolism - Homo sapiens (human),Brain_Substantia_nigra,chr2_99167829_G_A_b38,rs2309581,ENSG00000144182.17,LIPT1,51601,4.36925671760339e-08,0.388549864292145,12864
chr2,hsa01100,Metabolic pathways - Homo sapiens (human),Brain_Substantia_nigra,chr2_99167829_G_A_b38,rs2309581,ENSG00000144182.17,LIPT1,51601,4.36925671760339e-08,0.388549864292145,12864
chr2,hsa00785,Lipoic acid metabolism - Homo sapiens (human),Brain_Substantia_nigra,chr2_99172119_A_G_b38,rs7572660,ENSG00000144182.17,LIPT1,51601,4.36926700651739e-08,0.388549834489822,17154
chr2,hsa01100,Metabolic pathways - Homo sapiens (human),Brain_Substantia_nigra,chr2_99172119_A_G_b38,rs7572660,ENSG00000144182.17,LIPT1,51601,4.36926700651739e-08,0.388549834489822,17154
chr2,hsa00785,Lipoic acid metabolism - Homo sapiens (human),Brain_Substantia_nigra,chr2_99174934_T_C_b38,rs12992930,ENSG00000144182.17,LIPT1,51601,4.36925671760339e-08,0.388549864292145,19969
chr2,hsa01100,Metabolic pathways - Homo sapiens (human),Brain_Substantia_nigra,chr2_99174934_T_C_b38,rs12992930,ENSG00000144182.17,LIPT1,51601,4.36925671760339e-08,0.388549864292145,19969
chr2,hsa00785,Lipoic acid metabolism - Homo sapiens (human),Brain_Substantia_nigra,chr2_99175483_G_C_b38,rs12621007,ENSG00000144182.17,LIPT1,51601,8.84315800298004e-09,0.401259064674377,20518
chr2,hsa01100,Metabolic pathways - Homo sapiens (human),Brain_Substantia_nigra,chr2_99175483_G_C_b38,rs12621007,ENSG00000144182.17,LIPT1,51601,8.84315800298004e-09,0.401259064674377,20518
chr2,hsa00785,Lipoic acid metabolism - Homo sapiens (human),Brain_Substantia_nigra,chr2_99176578_G_A_b38,rs13023479,ENSG00000144182.17,LIPT1,51601,4.12157978061192e-08,0.392498552799225,21613
chr2,hsa01100,Metabolic pathways - Homo sapiens (human),Brain_Substantia_nigra,chr2_99176578_G_A_b38,rs13023479,ENSG00000144182.17,LIPT1,51601,4.12157978061192e-08,0.392498552799225,21613
chr2,hsa00785,Lipoic acid metabolism - Homo sapiens (human),Brain_Substantia_nigra,chr2_99176607_G_A_b38,rs13023501,ENSG00000144182.17,LIPT1,51601,2.65718196563164e-08,0.399808257818222,21642
chr2,hsa01100,Metabolic pathways - Homo sapiens (human),Brain_Substantia_nigra,chr2_99176607_G_A_b38,rs13023501,ENSG00000144182.17,LIPT1,51601,2.65718196563164e-08,0.399808257818222,21642
chr2,hsa00785,Lipoic acid metabolism - Homo sapiens (human),Brain_Substantia_nigra,chr2_99177127_C_T_b38,rs6727749,ENSG00000144182.17,LIPT1,51601,2.65718196563164e-08,0.399808257818222,22162
chr2,hsa01100,Metabolic pathways - Homo sapiens (human),Brain_Substantia_nigra,chr2_99177127_C_T_b38,rs6727749,ENSG00000144182.17,LIPT1,51601,2.65718196563164e-08,0.399808257818222,22162
chr2,hsa00785,Lipoic acid metabolism - Homo sapiens (human),Brain_Substantia_nigra,chr2_99178686_T_C_b38,rs13033012,ENSG00000144182.17,LIPT1,51601,2.65718196563164e-08,0.399808257818222,23721
chr2,hsa01100,Metabolic pathways - Homo sapiens (human),Brain_Substantia_nigra,chr2_99178686_T_C_b38,rs13033012,ENSG00000144182.17,LIPT1,51601,2.65718196563164e-08,0.399808257818222,23721
chr2,hsa00785,Lipoic acid metabolism - Homo sapiens (human),Brain_Substantia_nigra,chr2_99178768_G_T_b38,rs13000731,ENSG00000144182.17,LIPT1,51601,2.65718196563164e-08,0.399808257818222,23803
chr2,hsa01100,Metabolic pathways - Homo sapiens (human),Brain_Substantia_nigra,chr2_99178768_G_T_b38,rs13000731,ENSG00000144182.17,LIPT1,51601,2.65718196563164e-08,0.399808257818222,23803
chr2,hsa00785,Lipoic acid metabolism - Homo sapiens (human),Brain_Substantia_nigra,chr2_99178837_T_A_b38,rs8179690,ENSG00000144182.17,LIPT1,51601,4.36926700651739e-08,0.388549834489822,23872
chr2,hsa01100,Metabolic pathways - Homo sapiens (human),Brain_Substantia_nigra,chr2_99178837_T_A_b38,rs8179690,ENSG00000144182.17,LIPT1,51601,4.36926700651739e-08,0.388549834489822,23872
chr2,hsa00785,Lipoic acid metabolism - Homo sapiens (human),Brain_Substantia_nigra,chr2_99178897_T_C_b38,rs2171359,ENSG00000144182.17,LIPT1,51601,4.36925671760339e-08,0.388549864292145,23932
chr2,hsa01100,Metabolic pathways - Homo sapiens (human),Brain_Substantia_nigra,chr2_99178897_T_C_b38,rs2171359,ENSG00000144182.17,LIPT1,51601,4.36925671760339e-08,0.388549864292145,23932
chr2,hsa00785,Lipoic acid metabolism - Homo sapiens (human),Brain_Substantia_nigra,chr2_99180175_C_T_b38,rs6542870,ENSG00000144182.17,LIPT1,51601,4.36925671760339e-08,0.388549864292145,25210
chr2,hsa01100,Metabolic pathways - Homo sapiens (human),Brain_Substantia_nigra,chr2_99180175_C_T_b38,rs6542870,ENSG00000144182.17,LIPT1,51601,4.36925671760339e-08,0.388549864292145,25210
chr2,hsa00785,Lipoic acid metabolism - Homo sapiens (human),Brain_Substantia_nigra,chr2_99182804_A_G_b38,rs11689265,ENSG00000144182.17,LIPT1,51601,8.84315800298004e-09,0.401259064674377,27839
chr2,hsa01100,Metabolic pathways - Homo sapiens (human),Brain_Substantia_nigra,chr2_99182804_A_G_b38,rs11689265,ENSG00000144182.17,LIPT1,51601,8.84315800298004e-09,0.401259064674377,27839
chr2,hsa00785,Lipoic acid metabolism - Homo sapiens (human),Brain_Substantia_nigra,chr2_99183057_C_G_b38,rs13030961,ENSG00000144182.17,LIPT1,51601,1.01769175858243e-08,0.395803660154343,28092
chr2,hsa01100,Metabolic pathways - Homo sapiens (human),Brain_Substantia_nigra,chr2_99183057_C_G_b38,rs13030961,ENSG00000144182.17,LIPT1,51601,1.01769175858243e-08,0.395803660154343,28092
chr2,hsa00785,Lipoic acid metabolism - Homo sapiens (human),Brain_Substantia_nigra,chr2_99183170_A_AG_b38,rs34868679,ENSG00000144182.17,LIPT1,51601,2.65718196563164e-08,0.399808257818222,28205
chr2,hsa01100,Metabolic pathways - Homo sapiens (human),Brain_Substantia_nigra,chr2_99183170_A_AG_b38,rs34868679,ENSG00000144182.17,LIPT1,51601,2.65718196563164e-08,0.399808257818222,28205
chr2,hsa00785,Lipoic acid metabolism - Homo sapiens (human),Brain_Substantia_nigra,chr2_99184351_G_T_b38,rs11883676,ENSG00000144182.17,LIPT1,51601,4.36926700651739e-08,0.388549834489822,29386
chr2,hsa01100,Metabolic pathways - Homo sapiens (human),Brain_Substantia_nigra,chr2_99184351_G_T_b38,rs11883676,ENSG00000144182.17,LIPT1,51601,4.36926700651739e-08,0.388549834489822,29386
chr2,hsa00785,Lipoic acid metabolism - Homo sapiens (human),Brain_Substantia_nigra,chr2_99184845_G_A_b38,rs6708576,ENSG00000144182.17,LIPT1,51601,2.67456285065552e-08,0.397861033678055,29880
chr2,hsa01100,Metabolic pathways - Homo sapiens (human),Brain_Substantia_nigra,chr2_99184845_G_A_b38,rs6708576,ENSG00000144182.17,LIPT1,51601,2.67456285065552e-08,0.397861033678055,29880
chr2,hsa00785,Lipoic acid metabolism - Homo sapiens (human),Brain_Substantia_nigra,chr2_99185006_A_G_b38,rs6753063,ENSG00000144182.17,LIPT1,51601,4.36926700651739e-08,0.388549834489822,30041
chr2,hsa01100,Metabolic pathways - Homo sapiens (human),Brain_Substantia_nigra,chr2_99185006_A_G_b38,rs6753063,ENSG00000144182.17,LIPT1,51601,4.36926700651739e-08,0.388549834489822,30041
chr2,hsa00785,Lipoic acid metabolism - Homo sapiens (human),Brain_Substantia_nigra,chr2_99185101_G_A_b38,rs6708878,ENSG00000144182.17,LIPT1,51601,2.65718196563164e-08,0.399808257818222,30136
chr2,hsa01100,Metabolic pathways - Homo sapiens (human),Brain_Substantia_nigra,chr2_99185101_G_A_b38,rs6708878,ENSG00000144182.17,LIPT1,51601,2.65718196563164e-08,0.399808257818222,30136
chr2,hsa00785,Lipoic acid metabolism - Homo sapiens (human),Brain_Substantia_nigra,chr2_99185337_T_C_b38,rs6756650,ENSG00000144182.17,LIPT1,51601,4.36925671760339e-08,0.388549864292145,30372
chr2,hsa01100,Metabolic pathways - Homo sapiens (human),Brain_Substantia_nigra,chr2_99185337_T_C_b38,rs6756650,ENSG00000144182.17,LIPT1,51601,4.36925671760339e-08,0.388549864292145,30372
chr2,hsa00785,Lipoic acid metabolism - Homo sapiens (human),Brain_Substantia_nigra,chr2_99186357_A_G_b38,rs6757661,ENSG00000144182.17,LIPT1,51601,1.42270566847655e-08,0.396059304475784,31392
chr2,hsa01100,Metabolic pathways - Homo sapiens (human),Brain_Substantia_nigra,chr2_99186357_A_G_b38,rs6757661,ENSG00000144182.17,LIPT1,51601,1.42270566847655e-08,0.396059304475784,31392
chr2,hsa00785,Lipoic acid metabolism - Homo sapiens (human),Brain_Substantia_nigra,chr2_99187535_T_G_b38,rs13009147,ENSG00000144182.17,LIPT1,51601,4.36925671760339e-08,0.388549864292145,32570
chr2,hsa01100,Metabolic pathways - Homo sapiens (human),Brain_Substantia_nigra,chr2_99187535_T_G_b38,rs13009147,ENSG00000144182.17,LIPT1,51601,4.36925671760339e-08,0.388549864292145,32570
chr2,hsa00785,Lipoic acid metabolism - Homo sapiens (human),Brain_Substantia_nigra,chr2_99187544_G_A_b38,rs4347885,ENSG00000144182.17,LIPT1,51601,2.65718196563164e-08,0.399808257818222,32579
chr2,hsa01100,Metabolic pathways - Homo sapiens (human),Brain_Substantia_nigra,chr2_99187544_G_A_b38,rs4347885,ENSG00000144182.17,LIPT1,51601,2.65718196563164e-08,0.399808257818222,32579
chr2,hsa00785,Lipoic acid metabolism - Homo sapiens (human),Brain_Substantia_nigra,chr2_99187815_G_A_b38,rs13026928,ENSG00000144182.17,LIPT1,51601,8.84315800298004e-09,0.401259064674377,32850
chr2,hsa01100,Metabolic pathways - Homo sapiens (human),Brain_Substantia_nigra,chr2_99187815_G_A_b38,rs13026928,ENSG00000144182.17,LIPT1,51601,8.84315800298004e-09,0.401259064674377,32850
chr2,hsa00785,Lipoic acid metabolism - Homo sapiens (human),Brain_Substantia_nigra,chr2_99192332_T_C_b38,rs7558004,ENSG00000144182.17,LIPT1,51601,2.92776353024873e-08,0.396879464387894,37367
chr2,hsa01100,Metabolic pathways - Homo sapiens (human),Brain_Substantia_nigra,chr2_99192332_T_C_b38,rs7558004,ENSG00000144182.17,LIPT1,51601,2.92776353024873e-08,0.396879464387894,37367
chr2,hsa00785,Lipoic acid metabolism - Homo sapiens (human),Brain_Substantia_nigra,chr2_99194019_T_C_b38,rs11677321,ENSG00000144182.17,LIPT1,51601,2.92776353024873e-08,0.396879464387894,39054
chr2,hsa01100,Metabolic pathways - Homo sapiens (human),Brain_Substantia_nigra,chr2_99194019_T_C_b38,rs11677321,ENSG00000144182.17,LIPT1,51601,2.92776353024873e-08,0.396879464387894,39054
chr2,hsa00785,Lipoic acid metabolism - Homo sapiens (human),Brain_Substantia_nigra,chr2_99195431_C_T_b38,rs7605843,ENSG00000144182.17,LIPT1,51601,2.92776353024873e-08,0.396879464387894,40466
chr2,hsa01100,Metabolic pathways - Homo sapiens (human),Brain_Substantia_nigra,chr2_99195431_C_T_b38,rs7605843,ENSG00000144182.17,LIPT1,51601,2.92776353024873e-08,0.396879464387894,40466
chr2,hsa00785,Lipoic acid metabolism - Homo sapiens (human),Brain_Substantia_nigra,chr2_99197151_T_C_b38,rs13798,ENSG00000144182.17,LIPT1,51601,2.67476200862417e-08,0.393545240163803,42186
chr2,hsa01100,Metabolic pathways - Homo sapiens (human),Brain_Substantia_nigra,chr2_99197151_T_C_b38,rs13798,ENSG00000144182.17,LIPT1,51601,2.67476200862417e-08,0.393545240163803,42186
chr2,hsa00785,Lipoic acid metabolism - Homo sapiens (human),Brain_Substantia_nigra,chr2_99197835_A_AG_b38,rs34119189,ENSG00000144182.17,LIPT1,51601,2.67476200862417e-08,0.393545240163803,42870
chr2,hsa01100,Metabolic pathways - Homo sapiens (human),Brain_Substantia_nigra,chr2_99197835_A_AG_b38,rs34119189,ENSG00000144182.17,LIPT1,51601,2.67476200862417e-08,0.393545240163803,42870
chr2,hsa00785,Lipoic acid metabolism - Homo sapiens (human),Brain_Substantia_nigra,chr2_99198683_T_G_b38,rs7349217,ENSG00000144182.17,LIPT1,51601,2.67476200862417e-08,0.393545240163803,43718
chr2,hsa01100,Metabolic pathways - Homo sapiens (human),Brain_Substantia_nigra,chr2_99198683_T_G_b38,rs7349217,ENSG00000144182.17,LIPT1,51601,2.67476200862417e-08,0.393545240163803,43718
chr2,hsa00230,Purine metabolism - Homo sapiens (human),Brain_Substantia_nigra,chr2_127815279_G_A_b38,rs335128,ENSG00000144231.11,POLR2D,5433,2.909892231296e-08,-0.333468616008759,-42876
chr2,hsa00240,Pyrimidine metabolism - Homo sapiens (human),Brain_Substantia_nigra,chr2_127815279_G_A_b38,rs335128,ENSG00000144231.11,POLR2D,5433,2.909892231296e-08,-0.333468616008759,-42876
chr2,hsa01100,Metabolic pathways - Homo sapiens (human),Brain_Substantia_nigra,chr2_127815279_G_A_b38,rs335128,ENSG00000144231.11,POLR2D,5433,2.909892231296e-08,-0.333468616008759,-42876
chr2,hsa03020,RNA polymerase - Homo sapiens (human),Brain_Substantia_nigra,chr2_127815279_G_A_b38,rs335128,ENSG00000144231.11,POLR2D,5433,2.909892231296e-08,-0.333468616008759,-42876
chr2,hsa05016,Huntington disease - Homo sapiens (human),Brain_Substantia_nigra,chr2_127815279_G_A_b38,rs335128,ENSG00000144231.11,POLR2D,5433,2.909892231296e-08,-0.333468616008759,-42876
chr2,hsa00230,Purine metabolism - Homo sapiens (human),Brain_Substantia_nigra,chr2_127828045_A_G_b38,rs335135,ENSG00000144231.11,POLR2D,5433,4.64008303857229e-08,-0.320404350757599,-30110
chr2,hsa00240,Pyrimidine metabolism - Homo sapiens (human),Brain_Substantia_nigra,chr2_127828045_A_G_b38,rs335135,ENSG00000144231.11,POLR2D,5433,4.64008303857229e-08,-0.320404350757599,-30110
chr2,hsa01100,Metabolic pathways - Homo sapiens (human),Brain_Substantia_nigra,chr2_127828045_A_G_b38,rs335135,ENSG00000144231.11,POLR2D,5433,4.64008303857229e-08,-0.320404350757599,-30110
chr2,hsa03020,RNA polymerase - Homo sapiens (human),Brain_Substantia_nigra,chr2_127828045_A_G_b38,rs335135,ENSG00000144231.11,POLR2D,5433,4.64008303857229e-08,-0.320404350757599,-30110
chr2,hsa05016,Huntington disease - Homo sapiens (human),Brain_Substantia_nigra,chr2_127828045_A_G_b38,rs335135,ENSG00000144231.11,POLR2D,5433,4.64008303857229e-08,-0.320404350757599,-30110
chr2,hsa00230,Purine metabolism - Homo sapiens (human),Brain_Substantia_nigra,chr2_127830399_C_A_b38,rs67525852,ENSG00000144231.11,POLR2D,5433,1.23649707153382e-09,-0.381298124790192,-27756
chr2,hsa00240,Pyrimidine metabolism - Homo sapiens (human),Brain_Substantia_nigra,chr2_127830399_C_A_b38,rs67525852,ENSG00000144231.11,POLR2D,5433,1.23649707153382e-09,-0.381298124790192,-27756
chr2,hsa01100,Metabolic pathways - Homo sapiens (human),Brain_Substantia_nigra,chr2_127830399_C_A_b38,rs67525852,ENSG00000144231.11,POLR2D,5433,1.23649707153382e-09,-0.381298124790192,-27756
chr2,hsa03020,RNA polymerase - Homo sapiens (human),Brain_Substantia_nigra,chr2_127830399_C_A_b38,rs67525852,ENSG00000144231.11,POLR2D,5433,1.23649707153382e-09,-0.381298124790192,-27756
chr2,hsa05016,Huntington disease - Homo sapiens (human),Brain_Substantia_nigra,chr2_127830399_C_A_b38,rs67525852,ENSG00000144231.11,POLR2D,5433,1.23649707153382e-09,-0.381298124790192,-27756
chr2,hsa00230,Purine metabolism - Homo sapiens (human),Brain_Substantia_nigra,chr2_127830882_A_G_b38,rs3856368,ENSG00000144231.11,POLR2D,5433,9.28505268452331e-09,-0.321650624275208,-27273
chr2,hsa00240,Pyrimidine metabolism - Homo sapiens (human),Brain_Substantia_nigra,chr2_127830882_A_G_b38,rs3856368,ENSG00000144231.11,POLR2D,5433,9.28505268452331e-09,-0.321650624275208,-27273
chr2,hsa01100,Metabolic pathways - Homo sapiens (human),Brain_Substantia_nigra,chr2_127830882_A_G_b38,rs3856368,ENSG00000144231.11,POLR2D,5433,9.28505268452331e-09,-0.321650624275208,-27273
chr2,hsa03020,RNA polymerase - Homo sapiens (human),Brain_Substantia_nigra,chr2_127830882_A_G_b38,rs3856368,ENSG00000144231.11,POLR2D,5433,9.28505268452331e-09,-0.321650624275208,-27273
chr2,hsa05016,Huntington disease - Homo sapiens (human),Brain_Substantia_nigra,chr2_127830882_A_G_b38,rs3856368,ENSG00000144231.11,POLR2D,5433,9.28505268452331e-09,-0.321650624275208,-27273
chr2,hsa00230,Purine metabolism - Homo sapiens (human),Brain_Substantia_nigra,chr2_127831477_G_A_b38,rs35591811,ENSG00000144231.11,POLR2D,5433,3.04600936543786e-10,-0.394477099180222,-26678
chr2,hsa00240,Pyrimidine metabolism - Homo sapiens (human),Brain_Substantia_nigra,chr2_127831477_G_A_b38,rs35591811,ENSG00000144231.11,POLR2D,5433,3.04600936543786e-10,-0.394477099180222,-26678
chr2,hsa01100,Metabolic pathways - Homo sapiens (human),Brain_Substantia_nigra,chr2_127831477_G_A_b38,rs35591811,ENSG00000144231.11,POLR2D,5433,3.04600936543786e-10,-0.394477099180222,-26678
chr2,hsa03020,RNA polymerase - Homo sapiens (human),Brain_Substantia_nigra,chr2_127831477_G_A_b38,rs35591811,ENSG00000144231.11,POLR2D,5433,3.04600936543786e-10,-0.394477099180222,-26678
chr2,hsa05016,Huntington disease - Homo sapiens (human),Brain_Substantia_nigra,chr2_127831477_G_A_b38,rs35591811,ENSG00000144231.11,POLR2D,5433,3.04600936543786e-10,-0.394477099180222,-26678
chr2,hsa00230,Purine metabolism - Homo sapiens (human),Brain_Substantia_nigra,chr2_127831725_T_C_b38,rs6715529,ENSG00000144231.11,POLR2D,5433,9.28505268452331e-09,-0.321650624275208,-26430
chr2,hsa00240,Pyrimidine metabolism - Homo sapiens (human),Brain_Substantia_nigra,chr2_127831725_T_C_b38,rs6715529,ENSG00000144231.11,POLR2D,5433,9.28505268452331e-09,-0.321650624275208,-26430
chr2,hsa01100,Metabolic pathways - Homo sapiens (human),Brain_Substantia_nigra,chr2_127831725_T_C_b38,rs6715529,ENSG00000144231.11,POLR2D,5433,9.28505268452331e-09,-0.321650624275208,-26430
chr2,hsa03020,RNA polymerase - Homo sapiens (human),Brain_Substantia_nigra,chr2_127831725_T_C_b38,rs6715529,ENSG00000144231.11,POLR2D,5433,9.28505268452331e-09,-0.321650624275208,-26430
chr2,hsa05016,Huntington disease - Homo sapiens (human),Brain_Substantia_nigra,chr2_127831725_T_C_b38,rs6715529,ENSG00000144231.11,POLR2D,5433,9.28505268452331e-09,-0.321650624275208,-26430
chr2,hsa00230,Purine metabolism - Homo sapiens (human),Brain_Substantia_nigra,chr2_127832457_G_T_b38,rs13028781,ENSG00000144231.11,POLR2D,5433,3.04600936543786e-10,-0.394477099180222,-25698
chr2,hsa00240,Pyrimidine metabolism - Homo sapiens (human),Brain_Substantia_nigra,chr2_127832457_G_T_b38,rs13028781,ENSG00000144231.11,POLR2D,5433,3.04600936543786e-10,-0.394477099180222,-25698
chr2,hsa01100,Metabolic pathways - Homo sapiens (human),Brain_Substantia_nigra,chr2_127832457_G_T_b38,rs13028781,ENSG00000144231.11,POLR2D,5433,3.04600936543786e-10,-0.394477099180222,-25698
chr2,hsa03020,RNA polymerase - Homo sapiens (human),Brain_Substantia_nigra,chr2_127832457_G_T_b38,rs13028781,ENSG00000144231.11,POLR2D,5433,3.04600936543786e-10,-0.394477099180222,-25698
chr2,hsa05016,Huntington disease - Homo sapiens (human),Brain_Substantia_nigra,chr2_127832457_G_T_b38,rs13028781,ENSG00000144231.11,POLR2D,5433,3.04600936543786e-10,-0.394477099180222,-25698
chr2,hsa00230,Purine metabolism - Homo sapiens (human),Brain_Substantia_nigra,chr2_127833897_T_C_b38,rs6723825,ENSG00000144231.11,POLR2D,5433,5.36547715549583e-10,-0.387924313545227,-24258
chr2,hsa00240,Pyrimidine metabolism - Homo sapiens (human),Brain_Substantia_nigra,chr2_127833897_T_C_b38,rs6723825,ENSG00000144231.11,POLR2D,5433,5.36547715549583e-10,-0.387924313545227,-24258
chr2,hsa01100,Metabolic pathways - Homo sapiens (human),Brain_Substantia_nigra,chr2_127833897_T_C_b38,rs6723825,ENSG00000144231.11,POLR2D,5433,5.36547715549583e-10,-0.387924313545227,-24258
chr2,hsa03020,RNA polymerase - Homo sapiens (human),Brain_Substantia_nigra,chr2_127833897_T_C_b38,rs6723825,ENSG00000144231.11,POLR2D,5433,5.36547715549583e-10,-0.387924313545227,-24258
chr2,hsa05016,Huntington disease - Homo sapiens (human),Brain_Substantia_nigra,chr2_127833897_T_C_b38,rs6723825,ENSG00000144231.11,POLR2D,5433,5.36547715549583e-10,-0.387924313545227,-24258
chr2,hsa00230,Purine metabolism - Homo sapiens (human),Brain_Substantia_nigra,chr2_127834921_G_T_b38,rs6430954,ENSG00000144231.11,POLR2D,5433,5.36547715549583e-10,-0.387924313545227,-23234
chr2,hsa00240,Pyrimidine metabolism - Homo sapiens (human),Brain_Substantia_nigra,chr2_127834921_G_T_b38,rs6430954,ENSG00000144231.11,POLR2D,5433,5.36547715549583e-10,-0.387924313545227,-23234
chr2,hsa01100,Metabolic pathways - Homo sapiens (human),Brain_Substantia_nigra,chr2_127834921_G_T_b38,rs6430954,ENSG00000144231.11,POLR2D,5433,5.36547715549583e-10,-0.387924313545227,-23234
chr2,hsa03020,RNA polymerase - Homo sapiens (human),Brain_Substantia_nigra,chr2_127834921_G_T_b38,rs6430954,ENSG00000144231.11,POLR2D,5433,5.36547715549583e-10,-0.387924313545227,-23234
chr2,hsa05016,Huntington disease - Homo sapiens (human),Brain_Substantia_nigra,chr2_127834921_G_T_b38,rs6430954,ENSG00000144231.11,POLR2D,5433,5.36547715549583e-10,-0.387924313545227,-23234
chr2,hsa00230,Purine metabolism - Homo sapiens (human),Brain_Substantia_nigra,chr2_127835484_A_C_b38,rs13027410,ENSG00000144231.11,POLR2D,5433,9.94267084046094e-10,-0.380917847156525,-22671
chr2,hsa00240,Pyrimidine metabolism - Homo sapiens (human),Brain_Substantia_nigra,chr2_127835484_A_C_b38,rs13027410,ENSG00000144231.11,POLR2D,5433,9.94267084046094e-10,-0.380917847156525,-22671
chr2,hsa01100,Metabolic pathways - Homo sapiens (human),Brain_Substantia_nigra,chr2_127835484_A_C_b38,rs13027410,ENSG00000144231.11,POLR2D,5433,9.94267084046094e-10,-0.380917847156525,-22671
chr2,hsa03020,RNA polymerase - Homo sapiens (human),Brain_Substantia_nigra,chr2_127835484_A_C_b38,rs13027410,ENSG00000144231.11,POLR2D,5433,9.94267084046094e-10,-0.380917847156525,-22671
chr2,hsa05016,Huntington disease - Homo sapiens (human),Brain_Substantia_nigra,chr2_127835484_A_C_b38,rs13027410,ENSG00000144231.11,POLR2D,5433,9.94267084046094e-10,-0.380917847156525,-22671
chr2,hsa00230,Purine metabolism - Homo sapiens (human),Brain_Substantia_nigra,chr2_127836403_A_G_b38,rs35706812,ENSG00000144231.11,POLR2D,5433,3.93834904466611e-11,-0.364193677902222,-21752
chr2,hsa00240,Pyrimidine metabolism - Homo sapiens (human),Brain_Substantia_nigra,chr2_127836403_A_G_b38,rs35706812,ENSG00000144231.11,POLR2D,5433,3.93834904466611e-11,-0.364193677902222,-21752
chr2,hsa01100,Metabolic pathways - Homo sapiens (human),Brain_Substantia_nigra,chr2_127836403_A_G_b38,rs35706812,ENSG00000144231.11,POLR2D,5433,3.93834904466611e-11,-0.364193677902222,-21752
chr2,hsa03020,RNA polymerase - Homo sapiens (human),Brain_Substantia_nigra,chr2_127836403_A_G_b38,rs35706812,ENSG00000144231.11,POLR2D,5433,3.93834904466611e-11,-0.364193677902222,-21752
chr2,hsa05016,Huntington disease - Homo sapiens (human),Brain_Substantia_nigra,chr2_127836403_A_G_b38,rs35706812,ENSG00000144231.11,POLR2D,5433,3.93834904466611e-11,-0.364193677902222,-21752
chr2,hsa00230,Purine metabolism - Homo sapiens (human),Brain_Substantia_nigra,chr2_127837439_G_A_b38,rs62158418,ENSG00000144231.11,POLR2D,5433,9.20241972346951e-13,-0.459420949220657,-20716
chr2,hsa00240,Pyrimidine metabolism - Homo sapiens (human),Brain_Substantia_nigra,chr2_127837439_G_A_b38,rs62158418,ENSG00000144231.11,POLR2D,5433,9.20241972346951e-13,-0.459420949220657,-20716
chr2,hsa01100,Metabolic pathways - Homo sapiens (human),Brain_Substantia_nigra,chr2_127837439_G_A_b38,rs62158418,ENSG00000144231.11,POLR2D,5433,9.20241972346951e-13,-0.459420949220657,-20716
chr2,hsa03020,RNA polymerase - Homo sapiens (human),Brain_Substantia_nigra,chr2_127837439_G_A_b38,rs62158418,ENSG00000144231.11,POLR2D,5433,9.20241972346951e-13,-0.459420949220657,-20716
chr2,hsa05016,Huntington disease - Homo sapiens (human),Brain_Substantia_nigra,chr2_127837439_G_A_b38,rs62158418,ENSG00000144231.11,POLR2D,5433,9.20241972346951e-13,-0.459420949220657,-20716
chr2,hsa00230,Purine metabolism - Homo sapiens (human),Brain_Substantia_nigra,chr2_127839014_G_C_b38,rs34504853,ENSG00000144231.11,POLR2D,5433,7.71685081220932e-11,-0.396753460168839,-19141
chr2,hsa00240,Pyrimidine metabolism - Homo sapiens (human),Brain_Substantia_nigra,chr2_127839014_G_C_b38,rs34504853,ENSG00000144231.11,POLR2D,5433,7.71685081220932e-11,-0.396753460168839,-19141
chr2,hsa01100,Metabolic pathways - Homo sapiens (human),Brain_Substantia_nigra,chr2_127839014_G_C_b38,rs34504853,ENSG00000144231.11,POLR2D,5433,7.71685081220932e-11,-0.396753460168839,-19141
chr2,hsa03020,RNA polymerase - Homo sapiens (human),Brain_Substantia_nigra,chr2_127839014_G_C_b38,rs34504853,ENSG00000144231.11,POLR2D,5433,7.71685081220932e-11,-0.396753460168839,-19141
chr2,hsa05016,Huntington disease - Homo sapiens (human),Brain_Substantia_nigra,chr2_127839014_G_C_b38,rs34504853,ENSG00000144231.11,POLR2D,5433,7.71685081220932e-11,-0.396753460168839,-19141
chr2,hsa00230,Purine metabolism - Homo sapiens (human),Brain_Substantia_nigra,chr2_127840887_C_T_b38,rs11685164,ENSG00000144231.11,POLR2D,5433,7.84240177001937e-13,-0.461266905069351,-17268
chr2,hsa00240,Pyrimidine metabolism - Homo sapiens (human),Brain_Substantia_nigra,chr2_127840887_C_T_b38,rs11685164,ENSG00000144231.11,POLR2D,5433,7.84240177001937e-13,-0.461266905069351,-17268
chr2,hsa01100,Metabolic pathways - Homo sapiens (human),Brain_Substantia_nigra,chr2_127840887_C_T_b38,rs11685164,ENSG00000144231.11,POLR2D,5433,7.84240177001937e-13,-0.461266905069351,-17268
chr2,hsa03020,RNA polymerase - Homo sapiens (human),Brain_Substantia_nigra,chr2_127840887_C_T_b38,rs11685164,ENSG00000144231.11,POLR2D,5433,7.84240177001937e-13,-0.461266905069351,-17268
chr2,hsa05016,Huntington disease - Homo sapiens (human),Brain_Substantia_nigra,chr2_127840887_C_T_b38,rs11685164,ENSG00000144231.11,POLR2D,5433,7.84240177001937e-13,-0.461266905069351,-17268
chr2,hsa00230,Purine metabolism - Homo sapiens (human),Brain_Substantia_nigra,chr2_127842940_A_G_b38,rs34616919,ENSG00000144231.11,POLR2D,5433,2.89275857776118e-09,-0.338202297687531,-15215
chr2,hsa00240,Pyrimidine metabolism - Homo sapiens (human),Brain_Substantia_nigra,chr2_127842940_A_G_b38,rs34616919,ENSG00000144231.11,POLR2D,5433,2.89275857776118e-09,-0.338202297687531,-15215
chr2,hsa01100,Metabolic pathways - Homo sapiens (human),Brain_Substantia_nigra,chr2_127842940_A_G_b38,rs34616919,ENSG00000144231.11,POLR2D,5433,2.89275857776118e-09,-0.338202297687531,-15215
chr2,hsa03020,RNA polymerase - Homo sapiens (human),Brain_Substantia_nigra,chr2_127842940_A_G_b38,rs34616919,ENSG00000144231.11,POLR2D,5433,2.89275857776118e-09,-0.338202297687531,-15215
chr2,hsa05016,Huntington disease - Homo sapiens (human),Brain_Substantia_nigra,chr2_127842940_A_G_b38,rs34616919,ENSG00000144231.11,POLR2D,5433,2.89275857776118e-09,-0.338202297687531,-15215
chr2,hsa00230,Purine metabolism - Homo sapiens (human),Brain_Substantia_nigra,chr2_127843035_T_C_b38,rs17600636,ENSG00000144231.11,POLR2D,5433,1.76770528069078e-12,-0.387073159217834,-15120
chr2,hsa00240,Pyrimidine metabolism - Homo sapiens (human),Brain_Substantia_nigra,chr2_127843035_T_C_b38,rs17600636,ENSG00000144231.11,POLR2D,5433,1.76770528069078e-12,-0.387073159217834,-15120
chr2,hsa01100,Metabolic pathways - Homo sapiens (human),Brain_Substantia_nigra,chr2_127843035_T_C_b38,rs17600636,ENSG00000144231.11,POLR2D,5433,1.76770528069078e-12,-0.387073159217834,-15120
chr2,hsa03020,RNA polymerase - Homo sapiens (human),Brain_Substantia_nigra,chr2_127843035_T_C_b38,rs17600636,ENSG00000144231.11,POLR2D,5433,1.76770528069078e-12,-0.387073159217834,-15120
chr2,hsa05016,Huntington disease - Homo sapiens (human),Brain_Substantia_nigra,chr2_127843035_T_C_b38,rs17600636,ENSG00000144231.11,POLR2D,5433,1.76770528069078e-12,-0.387073159217834,-15120
chr2,hsa00230,Purine metabolism - Homo sapiens (human),Brain_Substantia_nigra,chr2_127843916_T_C_b38,rs11688522,ENSG00000144231.11,POLR2D,5433,2.89275857776118e-09,-0.338202297687531,-14239
chr2,hsa00240,Pyrimidine metabolism - Homo sapiens (human),Brain_Substantia_nigra,chr2_127843916_T_C_b38,rs11688522,ENSG00000144231.11,POLR2D,5433,2.89275857776118e-09,-0.338202297687531,-14239
chr2,hsa01100,Metabolic pathways - Homo sapiens (human),Brain_Substantia_nigra,chr2_127843916_T_C_b38,rs11688522,ENSG00000144231.11,POLR2D,5433,2.89275857776118e-09,-0.338202297687531,-14239
chr2,hsa03020,RNA polymerase - Homo sapiens (human),Brain_Substantia_nigra,chr2_127843916_T_C_b38,rs11688522,ENSG00000144231.11,POLR2D,5433,2.89275857776118e-09,-0.338202297687531,-14239
chr2,hsa05016,Huntington disease - Homo sapiens (human),Brain_Substantia_nigra,chr2_127843916_T_C_b38,rs11688522,ENSG00000144231.11,POLR2D,5433,2.89275857776118e-09,-0.338202297687531,-14239
chr2,hsa00230,Purine metabolism - Homo sapiens (human),Brain_Substantia_nigra,chr2_127844028_T_C_b38,rs12692069,ENSG00000144231.11,POLR2D,5433,2.89275857776118e-09,-0.338202297687531,-14127
chr2,hsa00240,Pyrimidine metabolism - Homo sapiens (human),Brain_Substantia_nigra,chr2_127844028_T_C_b38,rs12692069,ENSG00000144231.11,POLR2D,5433,2.89275857776118e-09,-0.338202297687531,-14127
chr2,hsa01100,Metabolic pathways - Homo sapiens (human),Brain_Substantia_nigra,chr2_127844028_T_C_b38,rs12692069,ENSG00000144231.11,POLR2D,5433,2.89275857776118e-09,-0.338202297687531,-14127
chr2,hsa03020,RNA polymerase - Homo sapiens (human),Brain_Substantia_nigra,chr2_127844028_T_C_b38,rs12692069,ENSG00000144231.11,POLR2D,5433,2.89275857776118e-09,-0.338202297687531,-14127
chr2,hsa05016,Huntington disease - Homo sapiens (human),Brain_Substantia_nigra,chr2_127844028_T_C_b38,rs12692069,ENSG00000144231.11,POLR2D,5433,2.89275857776118e-09,-0.338202297687531,-14127
chr2,hsa00230,Purine metabolism - Homo sapiens (human),Brain_Substantia_nigra,chr2_127844767_T_C_b38,rs6746537,ENSG00000144231.11,POLR2D,5433,2.89275857776118e-09,-0.338202297687531,-13388
chr2,hsa00240,Pyrimidine metabolism - Homo sapiens (human),Brain_Substantia_nigra,chr2_127844767_T_C_b38,rs6746537,ENSG00000144231.11,POLR2D,5433,2.89275857776118e-09,-0.338202297687531,-13388
chr2,hsa01100,Metabolic pathways - Homo sapiens (human),Brain_Substantia_nigra,chr2_127844767_T_C_b38,rs6746537,ENSG00000144231.11,POLR2D,5433,2.89275857776118e-09,-0.338202297687531,-13388
chr2,hsa03020,RNA polymerase - Homo sapiens (human),Brain_Substantia_nigra,chr2_127844767_T_C_b38,rs6746537,ENSG00000144231.11,POLR2D,5433,2.89275857776118e-09,-0.338202297687531,-13388
chr2,hsa05016,Huntington disease - Homo sapiens (human),Brain_Substantia_nigra,chr2_127844767_T_C_b38,rs6746537,ENSG00000144231.11,POLR2D,5433,2.89275857776118e-09,-0.338202297687531,-13388
chr2,hsa00230,Purine metabolism - Homo sapiens (human),Brain_Substantia_nigra,chr2_127845452_C_T_b38,rs71420810,ENSG00000144231.11,POLR2D,5433,7.49103057056178e-12,-0.418048501014709,-12703
chr2,hsa00240,Pyrimidine metabolism - Homo sapiens (human),Brain_Substantia_nigra,chr2_127845452_C_T_b38,rs71420810,ENSG00000144231.11,POLR2D,5433,7.49103057056178e-12,-0.418048501014709,-12703
chr2,hsa01100,Metabolic pathways - Homo sapiens (human),Brain_Substantia_nigra,chr2_127845452_C_T_b38,rs71420810,ENSG00000144231.11,POLR2D,5433,7.49103057056178e-12,-0.418048501014709,-12703
chr2,hsa03020,RNA polymerase - Homo sapiens (human),Brain_Substantia_nigra,chr2_127845452_C_T_b38,rs71420810,ENSG00000144231.11,POLR2D,5433,7.49103057056178e-12,-0.418048501014709,-12703
chr2,hsa05016,Huntington disease - Homo sapiens (human),Brain_Substantia_nigra,chr2_127845452_C_T_b38,rs71420810,ENSG00000144231.11,POLR2D,5433,7.49103057056178e-12,-0.418048501014709,-12703
chr2,hsa00230,Purine metabolism - Homo sapiens (human),Brain_Substantia_nigra,chr2_127848488_A_G_b38,rs9630959,ENSG00000144231.11,POLR2D,5433,2.89275857776118e-09,-0.338202297687531,-9667
chr2,hsa00240,Pyrimidine metabolism - Homo sapiens (human),Brain_Substantia_nigra,chr2_127848488_A_G_b38,rs9630959,ENSG00000144231.11,POLR2D,5433,2.89275857776118e-09,-0.338202297687531,-9667
chr2,hsa01100,Metabolic pathways - Homo sapiens (human),Brain_Substantia_nigra,chr2_127848488_A_G_b38,rs9630959,ENSG00000144231.11,POLR2D,5433,2.89275857776118e-09,-0.338202297687531,-9667
chr2,hsa03020,RNA polymerase - Homo sapiens (human),Brain_Substantia_nigra,chr2_127848488_A_G_b38,rs9630959,ENSG00000144231.11,POLR2D,5433,2.89275857776118e-09,-0.338202297687531,-9667
chr2,hsa05016,Huntington disease - Homo sapiens (human),Brain_Substantia_nigra,chr2_127848488_A_G_b38,rs9630959,ENSG00000144231.11,POLR2D,5433,2.89275857776118e-09,-0.338202297687531,-9667
chr2,hsa00230,Purine metabolism - Homo sapiens (human),Brain_Substantia_nigra,chr2_127848956_G_A_b38,rs13005809,ENSG00000144231.11,POLR2D,5433,1.33527573887301e-11,-0.412439048290253,-9199
chr2,hsa00240,Pyrimidine metabolism - Homo sapiens (human),Brain_Substantia_nigra,chr2_127848956_G_A_b38,rs13005809,ENSG00000144231.11,POLR2D,5433,1.33527573887301e-11,-0.412439048290253,-9199
chr2,hsa01100,Metabolic pathways - Homo sapiens (human),Brain_Substantia_nigra,chr2_127848956_G_A_b38,rs13005809,ENSG00000144231.11,POLR2D,5433,1.33527573887301e-11,-0.412439048290253,-9199
chr2,hsa03020,RNA polymerase - Homo sapiens (human),Brain_Substantia_nigra,chr2_127848956_G_A_b38,rs13005809,ENSG00000144231.11,POLR2D,5433,1.33527573887301e-11,-0.412439048290253,-9199
chr2,hsa05016,Huntington disease - Homo sapiens (human),Brain_Substantia_nigra,chr2_127848956_G_A_b38,rs13005809,ENSG00000144231.11,POLR2D,5433,1.33527573887301e-11,-0.412439048290253,-9199
chr2,hsa00230,Purine metabolism - Homo sapiens (human),Brain_Substantia_nigra,chr2_127849504_C_T_b38,rs17340489,ENSG00000144231.11,POLR2D,5433,7.49103057056178e-12,-0.418048501014709,-8651
chr2,hsa00240,Pyrimidine metabolism - Homo sapiens (human),Brain_Substantia_nigra,chr2_127849504_C_T_b38,rs17340489,ENSG00000144231.11,POLR2D,5433,7.49103057056178e-12,-0.418048501014709,-8651
chr2,hsa01100,Metabolic pathways - Homo sapiens (human),Brain_Substantia_nigra,chr2_127849504_C_T_b38,rs17340489,ENSG00000144231.11,POLR2D,5433,7.49103057056178e-12,-0.418048501014709,-8651
chr2,hsa03020,RNA polymerase - Homo sapiens (human),Brain_Substantia_nigra,chr2_127849504_C_T_b38,rs17340489,ENSG00000144231.11,POLR2D,5433,7.49103057056178e-12,-0.418048501014709,-8651
chr2,hsa05016,Huntington disease - Homo sapiens (human),Brain_Substantia_nigra,chr2_127849504_C_T_b38,rs17340489,ENSG00000144231.11,POLR2D,5433,7.49103057056178e-12,-0.418048501014709,-8651
chr2,hsa00230,Purine metabolism - Homo sapiens (human),Brain_Substantia_nigra,chr2_127849863_C_T_b38,rs7597691,ENSG00000144231.11,POLR2D,5433,2.89275857776118e-09,-0.338202297687531,-8292
chr2,hsa00240,Pyrimidine metabolism - Homo sapiens (human),Brain_Substantia_nigra,chr2_127849863_C_T_b38,rs7597691,ENSG00000144231.11,POLR2D,5433,2.89275857776118e-09,-0.338202297687531,-8292
chr2,hsa01100,Metabolic pathways - Homo sapiens (human),Brain_Substantia_nigra,chr2_127849863_C_T_b38,rs7597691,ENSG00000144231.11,POLR2D,5433,2.89275857776118e-09,-0.338202297687531,-8292
chr2,hsa03020,RNA polymerase - Homo sapiens (human),Brain_Substantia_nigra,chr2_127849863_C_T_b38,rs7597691,ENSG00000144231.11,POLR2D,5433,2.89275857776118e-09,-0.338202297687531,-8292
chr2,hsa05016,Huntington disease - Homo sapiens (human),Brain_Substantia_nigra,chr2_127849863_C_T_b38,rs7597691,ENSG00000144231.11,POLR2D,5433,2.89275857776118e-09,-0.338202297687531,-8292
chr2,hsa00230,Purine metabolism - Homo sapiens (human),Brain_Substantia_nigra,chr2_127850810_G_T_b38,rs34706819,ENSG00000144231.11,POLR2D,5433,7.49103057056178e-12,-0.418048501014709,-7345
chr2,hsa00240,Pyrimidine metabolism - Homo sapiens (human),Brain_Substantia_nigra,chr2_127850810_G_T_b38,rs34706819,ENSG00000144231.11,POLR2D,5433,7.49103057056178e-12,-0.418048501014709,-7345
chr2,hsa01100,Metabolic pathways - Homo sapiens (human),Brain_Substantia_nigra,chr2_127850810_G_T_b38,rs34706819,ENSG00000144231.11,POLR2D,5433,7.49103057056178e-12,-0.418048501014709,-7345
chr2,hsa03020,RNA polymerase - Homo sapiens (human),Brain_Substantia_nigra,chr2_127850810_G_T_b38,rs34706819,ENSG00000144231.11,POLR2D,5433,7.49103057056178e-12,-0.418048501014709,-7345
chr2,hsa05016,Huntington disease - Homo sapiens (human),Brain_Substantia_nigra,chr2_127850810_G_T_b38,rs34706819,ENSG00000144231.11,POLR2D,5433,7.49103057056178e-12,-0.418048501014709,-7345
chr2,hsa00230,Purine metabolism - Homo sapiens (human),Brain_Substantia_nigra,chr2_127852026_A_T_b38,rs7601795,ENSG00000144231.11,POLR2D,5433,2.89275857776118e-09,-0.338202297687531,-6129
chr2,hsa00240,Pyrimidine metabolism - Homo sapiens (human),Brain_Substantia_nigra,chr2_127852026_A_T_b38,rs7601795,ENSG00000144231.11,POLR2D,5433,2.89275857776118e-09,-0.338202297687531,-6129
chr2,hsa01100,Metabolic pathways - Homo sapiens (human),Brain_Substantia_nigra,chr2_127852026_A_T_b38,rs7601795,ENSG00000144231.11,POLR2D,5433,2.89275857776118e-09,-0.338202297687531,-6129
chr2,hsa03020,RNA polymerase - Homo sapiens (human),Brain_Substantia_nigra,chr2_127852026_A_T_b38,rs7601795,ENSG00000144231.11,POLR2D,5433,2.89275857776118e-09,-0.338202297687531,-6129
chr2,hsa05016,Huntington disease - Homo sapiens (human),Brain_Substantia_nigra,chr2_127852026_A_T_b38,rs7601795,ENSG00000144231.11,POLR2D,5433,2.89275857776118e-09,-0.338202297687531,-6129
chr2,hsa00230,Purine metabolism - Homo sapiens (human),Brain_Substantia_nigra,chr2_127852162_T_C_b38,rs7604802,ENSG00000144231.11,POLR2D,5433,7.49103057056178e-12,-0.418048501014709,-5993
chr2,hsa00240,Pyrimidine metabolism - Homo sapiens (human),Brain_Substantia_nigra,chr2_127852162_T_C_b38,rs7604802,ENSG00000144231.11,POLR2D,5433,7.49103057056178e-12,-0.418048501014709,-5993
chr2,hsa01100,Metabolic pathways - Homo sapiens (human),Brain_Substantia_nigra,chr2_127852162_T_C_b38,rs7604802,ENSG00000144231.11,POLR2D,5433,7.49103057056178e-12,-0.418048501014709,-5993
chr2,hsa03020,RNA polymerase - Homo sapiens (human),Brain_Substantia_nigra,chr2_127852162_T_C_b38,rs7604802,ENSG00000144231.11,POLR2D,5433,7.49103057056178e-12,-0.418048501014709,-5993
chr2,hsa05016,Huntington disease - Homo sapiens (human),Brain_Substantia_nigra,chr2_127852162_T_C_b38,rs7604802,ENSG00000144231.11,POLR2D,5433,7.49103057056178e-12,-0.418048501014709,-5993
chr2,hsa00230,Purine metabolism - Homo sapiens (human),Brain_Substantia_nigra,chr2_127853145_T_C_b38,rs35614229,ENSG00000144231.11,POLR2D,5433,1.33527573887301e-11,-0.412439048290253,-5010
chr2,hsa00240,Pyrimidine metabolism - Homo sapiens (human),Brain_Substantia_nigra,chr2_127853145_T_C_b38,rs35614229,ENSG00000144231.11,POLR2D,5433,1.33527573887301e-11,-0.412439048290253,-5010
chr2,hsa01100,Metabolic pathways - Homo sapiens (human),Brain_Substantia_nigra,chr2_127853145_T_C_b38,rs35614229,ENSG00000144231.11,POLR2D,5433,1.33527573887301e-11,-0.412439048290253,-5010
chr2,hsa03020,RNA polymerase - Homo sapiens (human),Brain_Substantia_nigra,chr2_127853145_T_C_b38,rs35614229,ENSG00000144231.11,POLR2D,5433,1.33527573887301e-11,-0.412439048290253,-5010
chr2,hsa05016,Huntington disease - Homo sapiens (human),Brain_Substantia_nigra,chr2_127853145_T_C_b38,rs35614229,ENSG00000144231.11,POLR2D,5433,1.33527573887301e-11,-0.412439048290253,-5010
chr2,hsa00230,Purine metabolism - Homo sapiens (human),Brain_Substantia_nigra,chr2_127855249_C_T_b38,rs11691858,ENSG00000144231.11,POLR2D,5433,1.13266408639438e-11,-0.411128222942352,-2906
chr2,hsa00240,Pyrimidine metabolism - Homo sapiens (human),Brain_Substantia_nigra,chr2_127855249_C_T_b38,rs11691858,ENSG00000144231.11,POLR2D,5433,1.13266408639438e-11,-0.411128222942352,-2906
chr2,hsa01100,Metabolic pathways - Homo sapiens (human),Brain_Substantia_nigra,chr2_127855249_C_T_b38,rs11691858,ENSG00000144231.11,POLR2D,5433,1.13266408639438e-11,-0.411128222942352,-2906
chr2,hsa03020,RNA polymerase - Homo sapiens (human),Brain_Substantia_nigra,chr2_127855249_C_T_b38,rs11691858,ENSG00000144231.11,POLR2D,5433,1.13266408639438e-11,-0.411128222942352,-2906
chr2,hsa05016,Huntington disease - Homo sapiens (human),Brain_Substantia_nigra,chr2_127855249_C_T_b38,rs11691858,ENSG00000144231.11,POLR2D,5433,1.13266408639438e-11,-0.411128222942352,-2906
chr2,hsa00230,Purine metabolism - Homo sapiens (human),Brain_Substantia_nigra,chr2_127855582_G_A_b38,rs3771290,ENSG00000144231.11,POLR2D,5433,2.84724837854176e-09,-0.337779223918915,-2573
chr2,hsa00240,Pyrimidine metabolism - Homo sapiens (human),Brain_Substantia_nigra,chr2_127855582_G_A_b38,rs3771290,ENSG00000144231.11,POLR2D,5433,2.84724837854176e-09,-0.337779223918915,-2573
chr2,hsa01100,Metabolic pathways - Homo sapiens (human),Brain_Substantia_nigra,chr2_127855582_G_A_b38,rs3771290,ENSG00000144231.11,POLR2D,5433,2.84724837854176e-09,-0.337779223918915,-2573
chr2,hsa03020,RNA polymerase - Homo sapiens (human),Brain_Substantia_nigra,chr2_127855582_G_A_b38,rs3771290,ENSG00000144231.11,POLR2D,5433,2.84724837854176e-09,-0.337779223918915,-2573
chr2,hsa05016,Huntington disease - Homo sapiens (human),Brain_Substantia_nigra,chr2_127855582_G_A_b38,rs3771290,ENSG00000144231.11,POLR2D,5433,2.84724837854176e-09,-0.337779223918915,-2573
chr2,hsa00230,Purine metabolism - Homo sapiens (human),Brain_Substantia_nigra,chr2_127857631_G_A_b38,rs34803766,ENSG00000144231.11,POLR2D,5433,1.72568217303466e-12,-0.449238330125809,-524
chr2,hsa00240,Pyrimidine metabolism - Homo sapiens (human),Brain_Substantia_nigra,chr2_127857631_G_A_b38,rs34803766,ENSG00000144231.11,POLR2D,5433,1.72568217303466e-12,-0.449238330125809,-524
chr2,hsa01100,Metabolic pathways - Homo sapiens (human),Brain_Substantia_nigra,chr2_127857631_G_A_b38,rs34803766,ENSG00000144231.11,POLR2D,5433,1.72568217303466e-12,-0.449238330125809,-524
chr2,hsa03020,RNA polymerase - Homo sapiens (human),Brain_Substantia_nigra,chr2_127857631_G_A_b38,rs34803766,ENSG00000144231.11,POLR2D,5433,1.72568217303466e-12,-0.449238330125809,-524
chr2,hsa05016,Huntington disease - Homo sapiens (human),Brain_Substantia_nigra,chr2_127857631_G_A_b38,rs34803766,ENSG00000144231.11,POLR2D,5433,1.72568217303466e-12,-0.449238330125809,-524
chr2,hsa00230,Purine metabolism - Homo sapiens (human),Brain_Substantia_nigra,chr2_127858427_A_G_b38,rs6721274,ENSG00000144231.11,POLR2D,5433,2.84724837854176e-09,-0.337779223918915,272
chr2,hsa00240,Pyrimidine metabolism - Homo sapiens (human),Brain_Substantia_nigra,chr2_127858427_A_G_b38,rs6721274,ENSG00000144231.11,POLR2D,5433,2.84724837854176e-09,-0.337779223918915,272
chr2,hsa01100,Metabolic pathways - Homo sapiens (human),Brain_Substantia_nigra,chr2_127858427_A_G_b38,rs6721274,ENSG00000144231.11,POLR2D,5433,2.84724837854176e-09,-0.337779223918915,272
chr2,hsa03020,RNA polymerase - Homo sapiens (human),Brain_Substantia_nigra,chr2_127858427_A_G_b38,rs6721274,ENSG00000144231.11,POLR2D,5433,2.84724837854176e-09,-0.337779223918915,272
chr2,hsa05016,Huntington disease - Homo sapiens (human),Brain_Substantia_nigra,chr2_127858427_A_G_b38,rs6721274,ENSG00000144231.11,POLR2D,5433,2.84724837854176e-09,-0.337779223918915,272
chr2,hsa00230,Purine metabolism - Homo sapiens (human),Brain_Substantia_nigra,chr2_127860872_T_C_b38,rs3755305,ENSG00000144231.11,POLR2D,5433,4.37976698451536e-09,-0.358558416366577,2717
chr2,hsa00240,Pyrimidine metabolism - Homo sapiens (human),Brain_Substantia_nigra,chr2_127860872_T_C_b38,rs3755305,ENSG00000144231.11,POLR2D,5433,4.37976698451536e-09,-0.358558416366577,2717
chr2,hsa01100,Metabolic pathways - Homo sapiens (human),Brain_Substantia_nigra,chr2_127860872_T_C_b38,rs3755305,ENSG00000144231.11,POLR2D,5433,4.37976698451536e-09,-0.358558416366577,2717
chr2,hsa03020,RNA polymerase - Homo sapiens (human),Brain_Substantia_nigra,chr2_127860872_T_C_b38,rs3755305,ENSG00000144231.11,POLR2D,5433,4.37976698451536e-09,-0.358558416366577,2717
chr2,hsa05016,Huntington disease - Homo sapiens (human),Brain_Substantia_nigra,chr2_127860872_T_C_b38,rs3755305,ENSG00000144231.11,POLR2D,5433,4.37976698451536e-09,-0.358558416366577,2717
chr2,hsa00230,Purine metabolism - Homo sapiens (human),Brain_Substantia_nigra,chr2_127863520_A_G_b38,rs1045832,ENSG00000144231.11,POLR2D,5433,1.10332627635516e-08,-0.324014663696289,5365
chr2,hsa00240,Pyrimidine metabolism - Homo sapiens (human),Brain_Substantia_nigra,chr2_127863520_A_G_b38,rs1045832,ENSG00000144231.11,POLR2D,5433,1.10332627635516e-08,-0.324014663696289,5365
chr2,hsa01100,Metabolic pathways - Homo sapiens (human),Brain_Substantia_nigra,chr2_127863520_A_G_b38,rs1045832,ENSG00000144231.11,POLR2D,5433,1.10332627635516e-08,-0.324014663696289,5365
chr2,hsa03020,RNA polymerase - Homo sapiens (human),Brain_Substantia_nigra,chr2_127863520_A_G_b38,rs1045832,ENSG00000144231.11,POLR2D,5433,1.10332627635516e-08,-0.324014663696289,5365
chr2,hsa05016,Huntington disease - Homo sapiens (human),Brain_Substantia_nigra,chr2_127863520_A_G_b38,rs1045832,ENSG00000144231.11,POLR2D,5433,1.10332627635516e-08,-0.324014663696289,5365
chr2,hsa00230,Purine metabolism - Homo sapiens (human),Brain_Substantia_nigra,chr2_127864917_G_A_b38,rs13411546,ENSG00000144231.11,POLR2D,5433,1.8526067624625e-08,-0.320270627737045,6762
chr2,hsa00240,Pyrimidine metabolism - Homo sapiens (human),Brain_Substantia_nigra,chr2_127864917_G_A_b38,rs13411546,ENSG00000144231.11,POLR2D,5433,1.8526067624625e-08,-0.320270627737045,6762
chr2,hsa01100,Metabolic pathways - Homo sapiens (human),Brain_Substantia_nigra,chr2_127864917_G_A_b38,rs13411546,ENSG00000144231.11,POLR2D,5433,1.8526067624625e-08,-0.320270627737045,6762
chr2,hsa03020,RNA polymerase - Homo sapiens (human),Brain_Substantia_nigra,chr2_127864917_G_A_b38,rs13411546,ENSG00000144231.11,POLR2D,5433,1.8526067624625e-08,-0.320270627737045,6762
chr2,hsa05016,Huntington disease - Homo sapiens (human),Brain_Substantia_nigra,chr2_127864917_G_A_b38,rs13411546,ENSG00000144231.11,POLR2D,5433,1.8526067624625e-08,-0.320270627737045,6762
chr2,hsa00230,Purine metabolism - Homo sapiens (human),Brain_Substantia_nigra,chr2_127866537_T_C_b38,rs2118204,ENSG00000144231.11,POLR2D,5433,1.8526067624625e-08,-0.320270627737045,8382
chr2,hsa00240,Pyrimidine metabolism - Homo sapiens (human),Brain_Substantia_nigra,chr2_127866537_T_C_b38,rs2118204,ENSG00000144231.11,POLR2D,5433,1.8526067624625e-08,-0.320270627737045,8382
chr2,hsa01100,Metabolic pathways - Homo sapiens (human),Brain_Substantia_nigra,chr2_127866537_T_C_b38,rs2118204,ENSG00000144231.11,POLR2D,5433,1.8526067624625e-08,-0.320270627737045,8382
chr2,hsa03020,RNA polymerase - Homo sapiens (human),Brain_Substantia_nigra,chr2_127866537_T_C_b38,rs2118204,ENSG00000144231.11,POLR2D,5433,1.8526067624625e-08,-0.320270627737045,8382
chr2,hsa05016,Huntington disease - Homo sapiens (human),Brain_Substantia_nigra,chr2_127866537_T_C_b38,rs2118204,ENSG00000144231.11,POLR2D,5433,1.8526067624625e-08,-0.320270627737045,8382
chr2,hsa00230,Purine metabolism - Homo sapiens (human),Brain_Substantia_nigra,chr2_127867590_C_T_b38,rs7572242,ENSG00000144231.11,POLR2D,5433,1.70432362304082e-08,-0.319542676210403,9435
chr2,hsa00240,Pyrimidine metabolism - Homo sapiens (human),Brain_Substantia_nigra,chr2_127867590_C_T_b38,rs7572242,ENSG00000144231.11,POLR2D,5433,1.70432362304082e-08,-0.319542676210403,9435
chr2,hsa01100,Metabolic pathways - Homo sapiens (human),Brain_Substantia_nigra,chr2_127867590_C_T_b38,rs7572242,ENSG00000144231.11,POLR2D,5433,1.70432362304082e-08,-0.319542676210403,9435
chr2,hsa03020,RNA polymerase - Homo sapiens (human),Brain_Substantia_nigra,chr2_127867590_C_T_b38,rs7572242,ENSG00000144231.11,POLR2D,5433,1.70432362304082e-08,-0.319542676210403,9435
chr2,hsa05016,Huntington disease - Homo sapiens (human),Brain_Substantia_nigra,chr2_127867590_C_T_b38,rs7572242,ENSG00000144231.11,POLR2D,5433,1.70432362304082e-08,-0.319542676210403,9435
chr2,hsa00230,Purine metabolism - Homo sapiens (human),Brain_Substantia_nigra,chr2_127868891_A_AT_b38,rs34978045,ENSG00000144231.11,POLR2D,5433,3.45900083673167e-11,-0.418214946985245,10736
chr2,hsa00240,Pyrimidine metabolism - Homo sapiens (human),Brain_Substantia_nigra,chr2_127868891_A_AT_b38,rs34978045,ENSG00000144231.11,POLR2D,5433,3.45900083673167e-11,-0.418214946985245,10736
chr2,hsa01100,Metabolic pathways - Homo sapiens (human),Brain_Substantia_nigra,chr2_127868891_A_AT_b38,rs34978045,ENSG00000144231.11,POLR2D,5433,3.45900083673167e-11,-0.418214946985245,10736
chr2,hsa03020,RNA polymerase - Homo sapiens (human),Brain_Substantia_nigra,chr2_127868891_A_AT_b38,rs34978045,ENSG00000144231.11,POLR2D,5433,3.45900083673167e-11,-0.418214946985245,10736
chr2,hsa05016,Huntington disease - Homo sapiens (human),Brain_Substantia_nigra,chr2_127868891_A_AT_b38,rs34978045,ENSG00000144231.11,POLR2D,5433,3.45900083673167e-11,-0.418214946985245,10736
chr2,hsa00230,Purine metabolism - Homo sapiens (human),Brain_Substantia_nigra,chr2_127869789_C_A_b38,rs11683504,ENSG00000144231.11,POLR2D,5433,3.45900083673167e-11,-0.418214946985245,11634
chr2,hsa00240,Pyrimidine metabolism - Homo sapiens (human),Brain_Substantia_nigra,chr2_127869789_C_A_b38,rs11683504,ENSG00000144231.11,POLR2D,5433,3.45900083673167e-11,-0.418214946985245,11634
chr2,hsa01100,Metabolic pathways - Homo sapiens (human),Brain_Substantia_nigra,chr2_127869789_C_A_b38,rs11683504,ENSG00000144231.11,POLR2D,5433,3.45900083673167e-11,-0.418214946985245,11634
chr2,hsa03020,RNA polymerase - Homo sapiens (human),Brain_Substantia_nigra,chr2_127869789_C_A_b38,rs11683504,ENSG00000144231.11,POLR2D,5433,3.45900083673167e-11,-0.418214946985245,11634
chr2,hsa05016,Huntington disease - Homo sapiens (human),Brain_Substantia_nigra,chr2_127869789_C_A_b38,rs11683504,ENSG00000144231.11,POLR2D,5433,3.45900083673167e-11,-0.418214946985245,11634
chr2,hsa00230,Purine metabolism - Homo sapiens (human),Brain_Substantia_nigra,chr2_127870271_A_G_b38,rs13012321,ENSG00000144231.11,POLR2D,5433,1.10332627635516e-08,-0.324014663696289,12116
chr2,hsa00240,Pyrimidine metabolism - Homo sapiens (human),Brain_Substantia_nigra,chr2_127870271_A_G_b38,rs13012321,ENSG00000144231.11,POLR2D,5433,1.10332627635516e-08,-0.324014663696289,12116
chr2,hsa01100,Metabolic pathways - Homo sapiens (human),Brain_Substantia_nigra,chr2_127870271_A_G_b38,rs13012321,ENSG00000144231.11,POLR2D,5433,1.10332627635516e-08,-0.324014663696289,12116
chr2,hsa03020,RNA polymerase - Homo sapiens (human),Brain_Substantia_nigra,chr2_127870271_A_G_b38,rs13012321,ENSG00000144231.11,POLR2D,5433,1.10332627635516e-08,-0.324014663696289,12116
chr2,hsa05016,Huntington disease - Homo sapiens (human),Brain_Substantia_nigra,chr2_127870271_A_G_b38,rs13012321,ENSG00000144231.11,POLR2D,5433,1.10332627635516e-08,-0.324014663696289,12116
chr2,hsa00230,Purine metabolism - Homo sapiens (human),Brain_Substantia_nigra,chr2_127870278_C_T_b38,rs12986693,ENSG00000144231.11,POLR2D,5433,1.07126778879227e-11,-0.42151015996933,12123
chr2,hsa00240,Pyrimidine metabolism - Homo sapiens (human),Brain_Substantia_nigra,chr2_127870278_C_T_b38,rs12986693,ENSG00000144231.11,POLR2D,5433,1.07126778879227e-11,-0.42151015996933,12123
chr2,hsa01100,Metabolic pathways - Homo sapiens (human),Brain_Substantia_nigra,chr2_127870278_C_T_b38,rs12986693,ENSG00000144231.11,POLR2D,5433,1.07126778879227e-11,-0.42151015996933,12123
chr2,hsa03020,RNA polymerase - Homo sapiens (human),Brain_Substantia_nigra,chr2_127870278_C_T_b38,rs12986693,ENSG00000144231.11,POLR2D,5433,1.07126778879227e-11,-0.42151015996933,12123
chr2,hsa05016,Huntington disease - Homo sapiens (human),Brain_Substantia_nigra,chr2_127870278_C_T_b38,rs12986693,ENSG00000144231.11,POLR2D,5433,1.07126778879227e-11,-0.42151015996933,12123
chr2,hsa00230,Purine metabolism - Homo sapiens (human),Brain_Substantia_nigra,chr2_127870651_T_C_b38,rs13018398,ENSG00000144231.11,POLR2D,5433,3.60401339176001e-09,-0.357612133026123,12496
chr2,hsa00240,Pyrimidine metabolism - Homo sapiens (human),Brain_Substantia_nigra,chr2_127870651_T_C_b38,rs13018398,ENSG00000144231.11,POLR2D,5433,3.60401339176001e-09,-0.357612133026123,12496
chr2,hsa01100,Metabolic pathways - Homo sapiens (human),Brain_Substantia_nigra,chr2_127870651_T_C_b38,rs13018398,ENSG00000144231.11,POLR2D,5433,3.60401339176001e-09,-0.357612133026123,12496
chr2,hsa03020,RNA polymerase - Homo sapiens (human),Brain_Substantia_nigra,chr2_127870651_T_C_b38,rs13018398,ENSG00000144231.11,POLR2D,5433,3.60401339176001e-09,-0.357612133026123,12496
chr2,hsa05016,Huntington disease - Homo sapiens (human),Brain_Substantia_nigra,chr2_127870651_T_C_b38,rs13018398,ENSG00000144231.11,POLR2D,5433,3.60401339176001e-09,-0.357612133026123,12496
chr2,hsa00230,Purine metabolism - Homo sapiens (human),Brain_Substantia_nigra,chr2_127871978_A_C_b38,rs7584140,ENSG00000144231.11,POLR2D,5433,1.10332627635516e-08,-0.324014663696289,13823
chr2,hsa00240,Pyrimidine metabolism - Homo sapiens (human),Brain_Substantia_nigra,chr2_127871978_A_C_b38,rs7584140,ENSG00000144231.11,POLR2D,5433,1.10332627635516e-08,-0.324014663696289,13823
chr2,hsa01100,Metabolic pathways - Homo sapiens (human),Brain_Substantia_nigra,chr2_127871978_A_C_b38,rs7584140,ENSG00000144231.11,POLR2D,5433,1.10332627635516e-08,-0.324014663696289,13823
chr2,hsa03020,RNA polymerase - Homo sapiens (human),Brain_Substantia_nigra,chr2_127871978_A_C_b38,rs7584140,ENSG00000144231.11,POLR2D,5433,1.10332627635516e-08,-0.324014663696289,13823
chr2,hsa05016,Huntington disease - Homo sapiens (human),Brain_Substantia_nigra,chr2_127871978_A_C_b38,rs7584140,ENSG00000144231.11,POLR2D,5433,1.10332627635516e-08,-0.324014663696289,13823
chr2,hsa00230,Purine metabolism - Homo sapiens (human),Brain_Substantia_nigra,chr2_127872353_C_A_b38,rs72838411,ENSG00000144231.11,POLR2D,5433,1.98417197245715e-11,-0.423824548721314,14198
chr2,hsa00240,Pyrimidine metabolism - Homo sapiens (human),Brain_Substantia_nigra,chr2_127872353_C_A_b38,rs72838411,ENSG00000144231.11,POLR2D,5433,1.98417197245715e-11,-0.423824548721314,14198
chr2,hsa01100,Metabolic pathways - Homo sapiens (human),Brain_Substantia_nigra,chr2_127872353_C_A_b38,rs72838411,ENSG00000144231.11,POLR2D,5433,1.98417197245715e-11,-0.423824548721314,14198
chr2,hsa03020,RNA polymerase - Homo sapiens (human),Brain_Substantia_nigra,chr2_127872353_C_A_b38,rs72838411,ENSG00000144231.11,POLR2D,5433,1.98417197245715e-11,-0.423824548721314,14198
chr2,hsa05016,Huntington disease - Homo sapiens (human),Brain_Substantia_nigra,chr2_127872353_C_A_b38,rs72838411,ENSG00000144231.11,POLR2D,5433,1.98417197245715e-11,-0.423824548721314,14198
chr2,hsa00230,Purine metabolism - Homo sapiens (human),Brain_Substantia_nigra,chr2_127873198_G_A_b38,rs11692058,ENSG00000144231.11,POLR2D,5433,1.98417197245715e-11,-0.423824548721314,15043
chr2,hsa00240,Pyrimidine metabolism - Homo sapiens (human),Brain_Substantia_nigra,chr2_127873198_G_A_b38,rs11692058,ENSG00000144231.11,POLR2D,5433,1.98417197245715e-11,-0.423824548721314,15043
chr2,hsa01100,Metabolic pathways - Homo sapiens (human),Brain_Substantia_nigra,chr2_127873198_G_A_b38,rs11692058,ENSG00000144231.11,POLR2D,5433,1.98417197245715e-11,-0.423824548721314,15043
chr2,hsa03020,RNA polymerase - Homo sapiens (human),Brain_Substantia_nigra,chr2_127873198_G_A_b38,rs11692058,ENSG00000144231.11,POLR2D,5433,1.98417197245715e-11,-0.423824548721314,15043
chr2,hsa05016,Huntington disease - Homo sapiens (human),Brain_Substantia_nigra,chr2_127873198_G_A_b38,rs11692058,ENSG00000144231.11,POLR2D,5433,1.98417197245715e-11,-0.423824548721314,15043
chr2,hsa00230,Purine metabolism - Homo sapiens (human),Brain_Substantia_nigra,chr2_127875648_G_A_b38,rs7608170,ENSG00000144231.11,POLR2D,5433,3.45900083673167e-11,-0.418214946985245,17493
chr2,hsa00240,Pyrimidine metabolism - Homo sapiens (human),Brain_Substantia_nigra,chr2_127875648_G_A_b38,rs7608170,ENSG00000144231.11,POLR2D,5433,3.45900083673167e-11,-0.418214946985245,17493
chr2,hsa01100,Metabolic pathways - Homo sapiens (human),Brain_Substantia_nigra,chr2_127875648_G_A_b38,rs7608170,ENSG00000144231.11,POLR2D,5433,3.45900083673167e-11,-0.418214946985245,17493
chr2,hsa03020,RNA polymerase - Homo sapiens (human),Brain_Substantia_nigra,chr2_127875648_G_A_b38,rs7608170,ENSG00000144231.11,POLR2D,5433,3.45900083673167e-11,-0.418214946985245,17493
chr2,hsa05016,Huntington disease - Homo sapiens (human),Brain_Substantia_nigra,chr2_127875648_G_A_b38,rs7608170,ENSG00000144231.11,POLR2D,5433,3.45900083673167e-11,-0.418214946985245,17493
chr2,hsa00230,Purine metabolism - Homo sapiens (human),Brain_Substantia_nigra,chr2_127876087_A_G_b38,rs28496006,ENSG00000144231.11,POLR2D,5433,1.70432362304082e-08,-0.319542676210403,17932
chr2,hsa00240,Pyrimidine metabolism - Homo sapiens (human),Brain_Substantia_nigra,chr2_127876087_A_G_b38,rs28496006,ENSG00000144231.11,POLR2D,5433,1.70432362304082e-08,-0.319542676210403,17932
chr2,hsa01100,Metabolic pathways - Homo sapiens (human),Brain_Substantia_nigra,chr2_127876087_A_G_b38,rs28496006,ENSG00000144231.11,POLR2D,5433,1.70432362304082e-08,-0.319542676210403,17932
chr2,hsa03020,RNA polymerase - Homo sapiens (human),Brain_Substantia_nigra,chr2_127876087_A_G_b38,rs28496006,ENSG00000144231.11,POLR2D,5433,1.70432362304082e-08,-0.319542676210403,17932
chr2,hsa05016,Huntington disease - Homo sapiens (human),Brain_Substantia_nigra,chr2_127876087_A_G_b38,rs28496006,ENSG00000144231.11,POLR2D,5433,1.70432362304082e-08,-0.319542676210403,17932
chr2,hsa00230,Purine metabolism - Homo sapiens (human),Brain_Substantia_nigra,chr2_127878413_G_A_b38,rs7566163,ENSG00000144231.11,POLR2D,5433,7.27543618371477e-09,-0.326023012399673,20258
chr2,hsa00240,Pyrimidine metabolism - Homo sapiens (human),Brain_Substantia_nigra,chr2_127878413_G_A_b38,rs7566163,ENSG00000144231.11,POLR2D,5433,7.27543618371477e-09,-0.326023012399673,20258
chr2,hsa01100,Metabolic pathways - Homo sapiens (human),Brain_Substantia_nigra,chr2_127878413_G_A_b38,rs7566163,ENSG00000144231.11,POLR2D,5433,7.27543618371477e-09,-0.326023012399673,20258
chr2,hsa03020,RNA polymerase - Homo sapiens (human),Brain_Substantia_nigra,chr2_127878413_G_A_b38,rs7566163,ENSG00000144231.11,POLR2D,5433,7.27543618371477e-09,-0.326023012399673,20258
chr2,hsa05016,Huntington disease - Homo sapiens (human),Brain_Substantia_nigra,chr2_127878413_G_A_b38,rs7566163,ENSG00000144231.11,POLR2D,5433,7.27543618371477e-09,-0.326023012399673,20258
chr2,hsa00230,Purine metabolism - Homo sapiens (human),Brain_Substantia_nigra,chr2_127878511_GCAA_G_b38,rs10591591,ENSG00000144231.11,POLR2D,5433,3.45900083673167e-11,-0.418214946985245,20356
chr2,hsa00240,Pyrimidine metabolism - Homo sapiens (human),Brain_Substantia_nigra,chr2_127878511_GCAA_G_b38,rs10591591,ENSG00000144231.11,POLR2D,5433,3.45900083673167e-11,-0.418214946985245,20356
chr2,hsa01100,Metabolic pathways - Homo sapiens (human),Brain_Substantia_nigra,chr2_127878511_GCAA_G_b38,rs10591591,ENSG00000144231.11,POLR2D,5433,3.45900083673167e-11,-0.418214946985245,20356
chr2,hsa03020,RNA polymerase - Homo sapiens (human),Brain_Substantia_nigra,chr2_127878511_GCAA_G_b38,rs10591591,ENSG00000144231.11,POLR2D,5433,3.45900083673167e-11,-0.418214946985245,20356
chr2,hsa05016,Huntington disease - Homo sapiens (human),Brain_Substantia_nigra,chr2_127878511_GCAA_G_b38,rs10591591,ENSG00000144231.11,POLR2D,5433,3.45900083673167e-11,-0.418214946985245,20356
chr2,hsa00230,Purine metabolism - Homo sapiens (human),Brain_Substantia_nigra,chr2_127879651_A_G_b38,rs2405635,ENSG00000144231.11,POLR2D,5433,7.27543618371477e-09,-0.326023012399673,21496
chr2,hsa00240,Pyrimidine metabolism - Homo sapiens (human),Brain_Substantia_nigra,chr2_127879651_A_G_b38,rs2405635,ENSG00000144231.11,POLR2D,5433,7.27543618371477e-09,-0.326023012399673,21496
chr2,hsa01100,Metabolic pathways - Homo sapiens (human),Brain_Substantia_nigra,chr2_127879651_A_G_b38,rs2405635,ENSG00000144231.11,POLR2D,5433,7.27543618371477e-09,-0.326023012399673,21496
chr2,hsa03020,RNA polymerase - Homo sapiens (human),Brain_Substantia_nigra,chr2_127879651_A_G_b38,rs2405635,ENSG00000144231.11,POLR2D,5433,7.27543618371477e-09,-0.326023012399673,21496
chr2,hsa05016,Huntington disease - Homo sapiens (human),Brain_Substantia_nigra,chr2_127879651_A_G_b38,rs2405635,ENSG00000144231.11,POLR2D,5433,7.27543618371477e-09,-0.326023012399673,21496
chr2,hsa00230,Purine metabolism - Homo sapiens (human),Brain_Substantia_nigra,chr2_127881097_T_TG_b38,rs5834187,ENSG00000144231.11,POLR2D,5433,9.65149127534237e-09,-0.324122041463852,22942
chr2,hsa00240,Pyrimidine metabolism - Homo sapiens (human),Brain_Substantia_nigra,chr2_127881097_T_TG_b38,rs5834187,ENSG00000144231.11,POLR2D,5433,9.65149127534237e-09,-0.324122041463852,22942
chr2,hsa01100,Metabolic pathways - Homo sapiens (human),Brain_Substantia_nigra,chr2_127881097_T_TG_b38,rs5834187,ENSG00000144231.11,POLR2D,5433,9.65149127534237e-09,-0.324122041463852,22942
chr2,hsa03020,RNA polymerase - Homo sapiens (human),Brain_Substantia_nigra,chr2_127881097_T_TG_b38,rs5834187,ENSG00000144231.11,POLR2D,5433,9.65149127534237e-09,-0.324122041463852,22942
chr2,hsa05016,Huntington disease - Homo sapiens (human),Brain_Substantia_nigra,chr2_127881097_T_TG_b38,rs5834187,ENSG00000144231.11,POLR2D,5433,9.65149127534237e-09,-0.324122041463852,22942
chr2,hsa00230,Purine metabolism - Homo sapiens (human),Brain_Substantia_nigra,chr2_127883255_A_G_b38,rs7587290,ENSG00000144231.11,POLR2D,5433,1.70432362304082e-08,-0.319542676210403,25100
chr2,hsa00240,Pyrimidine metabolism - Homo sapiens (human),Brain_Substantia_nigra,chr2_127883255_A_G_b38,rs7587290,ENSG00000144231.11,POLR2D,5433,1.70432362304082e-08,-0.319542676210403,25100
chr2,hsa01100,Metabolic pathways - Homo sapiens (human),Brain_Substantia_nigra,chr2_127883255_A_G_b38,rs7587290,ENSG00000144231.11,POLR2D,5433,1.70432362304082e-08,-0.319542676210403,25100
chr2,hsa03020,RNA polymerase - Homo sapiens (human),Brain_Substantia_nigra,chr2_127883255_A_G_b38,rs7587290,ENSG00000144231.11,POLR2D,5433,1.70432362304082e-08,-0.319542676210403,25100
chr2,hsa05016,Huntington disease - Homo sapiens (human),Brain_Substantia_nigra,chr2_127883255_A_G_b38,rs7587290,ENSG00000144231.11,POLR2D,5433,1.70432362304082e-08,-0.319542676210403,25100
chr2,hsa00230,Purine metabolism - Homo sapiens (human),Brain_Substantia_nigra,chr2_127883299_T_C_b38,rs7590200,ENSG00000144231.11,POLR2D,5433,3.61735016717475e-09,-0.331649035215378,25144
chr2,hsa00240,Pyrimidine metabolism - Homo sapiens (human),Brain_Substantia_nigra,chr2_127883299_T_C_b38,rs7590200,ENSG00000144231.11,POLR2D,5433,3.61735016717475e-09,-0.331649035215378,25144
chr2,hsa01100,Metabolic pathways - Homo sapiens (human),Brain_Substantia_nigra,chr2_127883299_T_C_b38,rs7590200,ENSG00000144231.11,POLR2D,5433,3.61735016717475e-09,-0.331649035215378,25144
chr2,hsa03020,RNA polymerase - Homo sapiens (human),Brain_Substantia_nigra,chr2_127883299_T_C_b38,rs7590200,ENSG00000144231.11,POLR2D,5433,3.61735016717475e-09,-0.331649035215378,25144
chr2,hsa05016,Huntington disease - Homo sapiens (human),Brain_Substantia_nigra,chr2_127883299_T_C_b38,rs7590200,ENSG00000144231.11,POLR2D,5433,3.61735016717475e-09,-0.331649035215378,25144
chr2,hsa00230,Purine metabolism - Homo sapiens (human),Brain_Substantia_nigra,chr2_127884793_C_G_b38,rs10183605,ENSG00000144231.11,POLR2D,5433,2.37403513359424e-08,-0.305039912462235,26638
chr2,hsa00240,Pyrimidine metabolism - Homo sapiens (human),Brain_Substantia_nigra,chr2_127884793_C_G_b38,rs10183605,ENSG00000144231.11,POLR2D,5433,2.37403513359424e-08,-0.305039912462235,26638
chr2,hsa01100,Metabolic pathways - Homo sapiens (human),Brain_Substantia_nigra,chr2_127884793_C_G_b38,rs10183605,ENSG00000144231.11,POLR2D,5433,2.37403513359424e-08,-0.305039912462235,26638
chr2,hsa03020,RNA polymerase - Homo sapiens (human),Brain_Substantia_nigra,chr2_127884793_C_G_b38,rs10183605,ENSG00000144231.11,POLR2D,5433,2.37403513359424e-08,-0.305039912462235,26638
chr2,hsa05016,Huntington disease - Homo sapiens (human),Brain_Substantia_nigra,chr2_127884793_C_G_b38,rs10183605,ENSG00000144231.11,POLR2D,5433,2.37403513359424e-08,-0.305039912462235,26638
chr2,hsa00230,Purine metabolism - Homo sapiens (human),Brain_Substantia_nigra,chr2_127888044_G_A_b38,rs2304518,ENSG00000144231.11,POLR2D,5433,4.60960928793065e-09,-0.430572539567947,29889
chr2,hsa00240,Pyrimidine metabolism - Homo sapiens (human),Brain_Substantia_nigra,chr2_127888044_G_A_b38,rs2304518,ENSG00000144231.11,POLR2D,5433,4.60960928793065e-09,-0.430572539567947,29889
chr2,hsa01100,Metabolic pathways - Homo sapiens (human),Brain_Substantia_nigra,chr2_127888044_G_A_b38,rs2304518,ENSG00000144231.11,POLR2D,5433,4.60960928793065e-09,-0.430572539567947,29889
chr2,hsa03020,RNA polymerase - Homo sapiens (human),Brain_Substantia_nigra,chr2_127888044_G_A_b38,rs2304518,ENSG00000144231.11,POLR2D,5433,4.60960928793065e-09,-0.430572539567947,29889
chr2,hsa05016,Huntington disease - Homo sapiens (human),Brain_Substantia_nigra,chr2_127888044_G_A_b38,rs2304518,ENSG00000144231.11,POLR2D,5433,4.60960928793065e-09,-0.430572539567947,29889
chr2,hsa00230,Purine metabolism - Homo sapiens (human),Brain_Substantia_nigra,chr2_127892494_G_A_b38,rs75625811,ENSG00000144231.11,POLR2D,5433,4.01649913770379e-10,-0.457247614860535,34339
chr2,hsa00240,Pyrimidine metabolism - Homo sapiens (human),Brain_Substantia_nigra,chr2_127892494_G_A_b38,rs75625811,ENSG00000144231.11,POLR2D,5433,4.01649913770379e-10,-0.457247614860535,34339
chr2,hsa01100,Metabolic pathways - Homo sapiens (human),Brain_Substantia_nigra,chr2_127892494_G_A_b38,rs75625811,ENSG00000144231.11,POLR2D,5433,4.01649913770379e-10,-0.457247614860535,34339
chr2,hsa03020,RNA polymerase - Homo sapiens (human),Brain_Substantia_nigra,chr2_127892494_G_A_b38,rs75625811,ENSG00000144231.11,POLR2D,5433,4.01649913770379e-10,-0.457247614860535,34339
chr2,hsa05016,Huntington disease - Homo sapiens (human),Brain_Substantia_nigra,chr2_127892494_G_A_b38,rs75625811,ENSG00000144231.11,POLR2D,5433,4.01649913770379e-10,-0.457247614860535,34339
chr2,hsa00230,Purine metabolism - Homo sapiens (human),Brain_Substantia_nigra,chr2_127893554_T_A_b38,rs3796083,ENSG00000144231.11,POLR2D,5433,7.84536813049405e-10,-0.448225915431976,35399
chr2,hsa00240,Pyrimidine metabolism - Homo sapiens (human),Brain_Substantia_nigra,chr2_127893554_T_A_b38,rs3796083,ENSG00000144231.11,POLR2D,5433,7.84536813049405e-10,-0.448225915431976,35399
chr2,hsa01100,Metabolic pathways - Homo sapiens (human),Brain_Substantia_nigra,chr2_127893554_T_A_b38,rs3796083,ENSG00000144231.11,POLR2D,5433,7.84536813049405e-10,-0.448225915431976,35399
chr2,hsa03020,RNA polymerase - Homo sapiens (human),Brain_Substantia_nigra,chr2_127893554_T_A_b38,rs3796083,ENSG00000144231.11,POLR2D,5433,7.84536813049405e-10,-0.448225915431976,35399
chr2,hsa05016,Huntington disease - Homo sapiens (human),Brain_Substantia_nigra,chr2_127893554_T_A_b38,rs3796083,ENSG00000144231.11,POLR2D,5433,7.84536813049405e-10,-0.448225915431976,35399
chr2,hsa00230,Purine metabolism - Homo sapiens (human),Brain_Substantia_nigra,chr2_127912106_T_C_b38,rs36121454,ENSG00000144231.11,POLR2D,5433,2.79378328717138e-09,-0.430016040802002,53951
chr2,hsa00240,Pyrimidine metabolism - Homo sapiens (human),Brain_Substantia_nigra,chr2_127912106_T_C_b38,rs36121454,ENSG00000144231.11,POLR2D,5433,2.79378328717138e-09,-0.430016040802002,53951
chr2,hsa01100,Metabolic pathways - Homo sapiens (human),Brain_Substantia_nigra,chr2_127912106_T_C_b38,rs36121454,ENSG00000144231.11,POLR2D,5433,2.79378328717138e-09,-0.430016040802002,53951
chr2,hsa03020,RNA polymerase - Homo sapiens (human),Brain_Substantia_nigra,chr2_127912106_T_C_b38,rs36121454,ENSG00000144231.11,POLR2D,5433,2.79378328717138e-09,-0.430016040802002,53951
chr2,hsa05016,Huntington disease - Homo sapiens (human),Brain_Substantia_nigra,chr2_127912106_T_C_b38,rs36121454,ENSG00000144231.11,POLR2D,5433,2.79378328717138e-09,-0.430016040802002,53951
chr2,hsa00230,Purine metabolism - Homo sapiens (human),Brain_Substantia_nigra,chr2_127916765_T_C_b38,rs10928790,ENSG00000144231.11,POLR2D,5433,8.84353506003586e-09,-0.411480128765106,58610
chr2,hsa00240,Pyrimidine metabolism - Homo sapiens (human),Brain_Substantia_nigra,chr2_127916765_T_C_b38,rs10928790,ENSG00000144231.11,POLR2D,5433,8.84353506003586e-09,-0.411480128765106,58610
chr2,hsa01100,Metabolic pathways - Homo sapiens (human),Brain_Substantia_nigra,chr2_127916765_T_C_b38,rs10928790,ENSG00000144231.11,POLR2D,5433,8.84353506003586e-09,-0.411480128765106,58610
chr2,hsa03020,RNA polymerase - Homo sapiens (human),Brain_Substantia_nigra,chr2_127916765_T_C_b38,rs10928790,ENSG00000144231.11,POLR2D,5433,8.84353506003586e-09,-0.411480128765106,58610
chr2,hsa05016,Huntington disease - Homo sapiens (human),Brain_Substantia_nigra,chr2_127916765_T_C_b38,rs10928790,ENSG00000144231.11,POLR2D,5433,8.84353506003586e-09,-0.411480128765106,58610
chr2,hsa00230,Purine metabolism - Homo sapiens (human),Brain_Substantia_nigra,chr2_127920127_C_T_b38,rs10202869,ENSG00000144231.11,POLR2D,5433,5.09495849919936e-09,-0.421589970588684,61972
chr2,hsa00240,Pyrimidine metabolism - Homo sapiens (human),Brain_Substantia_nigra,chr2_127920127_C_T_b38,rs10202869,ENSG00000144231.11,POLR2D,5433,5.09495849919936e-09,-0.421589970588684,61972
chr2,hsa01100,Metabolic pathways - Homo sapiens (human),Brain_Substantia_nigra,chr2_127920127_C_T_b38,rs10202869,ENSG00000144231.11,POLR2D,5433,5.09495849919936e-09,-0.421589970588684,61972
chr2,hsa03020,RNA polymerase - Homo sapiens (human),Brain_Substantia_nigra,chr2_127920127_C_T_b38,rs10202869,ENSG00000144231.11,POLR2D,5433,5.09495849919936e-09,-0.421589970588684,61972
chr2,hsa05016,Huntington disease - Homo sapiens (human),Brain_Substantia_nigra,chr2_127920127_C_T_b38,rs10202869,ENSG00000144231.11,POLR2D,5433,5.09495849919936e-09,-0.421589970588684,61972
chr2,hsa04916,Melanogenesis - Homo sapiens (human),Brain_Substantia_nigra,chr2_25161587_C_CGCCGCTGCT_b38,.,ENSG00000115138.11,POMC,5443,6.78030830728976e-12,1.08106100559235,-7316
chr2,hsa04920,Adipocytokine signaling pathway - Homo sapiens (human),Brain_Substantia_nigra,chr2_25161587_C_CGCCGCTGCT_b38,.,ENSG00000115138.11,POMC,5443,6.78030830728976e-12,1.08106100559235,-7316
chr2,hsa04916,Melanogenesis - Homo sapiens (human),Brain_Substantia_nigra,chr2_25170853_A_C_b38,rs3754861,ENSG00000115138.11,POMC,5443,4.6898736787775e-11,0.9737788438797,1950
chr2,hsa04920,Adipocytokine signaling pathway - Homo sapiens (human),Brain_Substantia_nigra,chr2_25170853_A_C_b38,rs3754861,ENSG00000115138.11,POMC,5443,4.6898736787775e-11,0.9737788438797,1950
chr2,hsa00230,Purine metabolism - Homo sapiens (human),Brain_Substantia_nigra,chr2_3555203_T_TC_b38,rs140143795,ENSG00000151360.10,ALLC,55821,3.25370509401528e-09,0.785398781299591,-102997
chr2,hsa01100,Metabolic pathways - Homo sapiens (human),Brain_Substantia_nigra,chr2_3555203_T_TC_b38,rs140143795,ENSG00000151360.10,ALLC,55821,3.25370509401528e-09,0.785398781299591,-102997
chr2,hsa00230,Purine metabolism - Homo sapiens (human),Brain_Substantia_nigra,chr2_3577209_G_A_b38,rs9808287,ENSG00000151360.10,ALLC,55821,5.13873645662949e-12,0.95271772146225,-80991
chr2,hsa01100,Metabolic pathways - Homo sapiens (human),Brain_Substantia_nigra,chr2_3577209_G_A_b38,rs9808287,ENSG00000151360.10,ALLC,55821,5.13873645662949e-12,0.95271772146225,-80991
chr2,hsa00230,Purine metabolism - Homo sapiens (human),Brain_Substantia_nigra,chr2_3580793_C_A_b38,rs2071639,ENSG00000151360.10,ALLC,55821,7.08046614029718e-13,0.989999413490295,-77407
chr2,hsa01100,Metabolic pathways - Homo sapiens (human),Brain_Substantia_nigra,chr2_3580793_C_A_b38,rs2071639,ENSG00000151360.10,ALLC,55821,7.08046614029718e-13,0.989999413490295,-77407
chr2,hsa04360,Axon guidance - Homo sapiens (human),Brain_Substantia_nigra,chr2_26806266_C_T_b38,rs7590170,ENSG00000157851.17,DPYSL5,56896,3.4060858074719e-10,-0.20868194103241,-41481
chr2,hsa04360,Axon guidance - Homo sapiens (human),Brain_Substantia_nigra,chr2_26808163_AC_A_b38,rs139583735,ENSG00000157851.17,DPYSL5,56896,1.59636277332433e-09,-0.203627541661263,-39584
chr2,hsa04360,Axon guidance - Homo sapiens (human),Brain_Substantia_nigra,chr2_26808217_C_T_b38,rs34736994,ENSG00000157851.17,DPYSL5,56896,1.59636277332433e-09,-0.203627541661263,-39530
chr2,hsa04360,Axon guidance - Homo sapiens (human),Brain_Substantia_nigra,chr2_26808403_C_T_b38,rs12992179,ENSG00000157851.17,DPYSL5,56896,1.59636277332433e-09,-0.203627541661263,-39344
chr2,hsa04360,Axon guidance - Homo sapiens (human),Brain_Substantia_nigra,chr2_26809720_C_T_b38,rs66630757,ENSG00000157851.17,DPYSL5,56896,1.59636277332433e-09,-0.203627541661263,-38027
chr2,hsa04360,Axon guidance - Homo sapiens (human),Brain_Substantia_nigra,chr2_26810572_G_A_b38,rs2082610,ENSG00000157851.17,DPYSL5,56896,8.5142961898449e-10,-0.207173839211464,-37175
chr2,hsa04360,Axon guidance - Homo sapiens (human),Brain_Substantia_nigra,chr2_26811431_G_GA_b38,rs5830026,ENSG00000157851.17,DPYSL5,56896,1.67964437927438e-09,-0.203767135739326,-36316
chr2,hsa04360,Axon guidance - Homo sapiens (human),Brain_Substantia_nigra,chr2_26811688_T_C_b38,rs66661970,ENSG00000157851.17,DPYSL5,56896,1.67964437927438e-09,-0.203767135739326,-36059
chr2,hsa04360,Axon guidance - Homo sapiens (human),Brain_Substantia_nigra,chr2_26812827_C_T_b38,rs11126733,ENSG00000157851.17,DPYSL5,56896,1.67964437927438e-09,-0.203767135739326,-34920
chr2,hsa04360,Axon guidance - Homo sapiens (human),Brain_Substantia_nigra,chr2_26813110_C_A_b38,rs11126734,ENSG00000157851.17,DPYSL5,56896,1.67964437927438e-09,-0.203767135739326,-34637
chr2,hsa04360,Axon guidance - Homo sapiens (human),Brain_Substantia_nigra,chr2_26813313_C_T_b38,rs35455021,ENSG00000157851.17,DPYSL5,56896,1.67964437927438e-09,-0.203767135739326,-34434
chr2,hsa04360,Axon guidance - Homo sapiens (human),Brain_Substantia_nigra,chr2_26813614_T_C_b38,rs11891133,ENSG00000157851.17,DPYSL5,56896,3.08488381777162e-09,-0.197659835219383,-34133
chr2,hsa04360,Axon guidance - Homo sapiens (human),Brain_Substantia_nigra,chr2_26813624_A_G_b38,rs11890002,ENSG00000157851.17,DPYSL5,56896,1.67964437927438e-09,-0.203767135739326,-34123
chr2,hsa04360,Axon guidance - Homo sapiens (human),Brain_Substantia_nigra,chr2_26814211_C_G_b38,rs4665908,ENSG00000157851.17,DPYSL5,56896,3.08488381777162e-09,-0.197659835219383,-33536
chr2,hsa04360,Axon guidance - Homo sapiens (human),Brain_Substantia_nigra,chr2_26814228_C_G_b38,rs2082611,ENSG00000157851.17,DPYSL5,56896,3.08488381777162e-09,-0.197659835219383,-33519
chr2,hsa04360,Axon guidance - Homo sapiens (human),Brain_Substantia_nigra,chr2_26814238_C_T_b38,rs2082612,ENSG00000157851.17,DPYSL5,56896,3.08488381777162e-09,-0.197659835219383,-33509
chr2,hsa04360,Axon guidance - Homo sapiens (human),Brain_Substantia_nigra,chr2_26815163_G_C_b38,rs4665348,ENSG00000157851.17,DPYSL5,56896,3.08488381777162e-09,-0.197659835219383,-32584
chr2,hsa04360,Axon guidance - Homo sapiens (human),Brain_Substantia_nigra,chr2_26815175_T_A_b38,rs4665911,ENSG00000157851.17,DPYSL5,56896,8.1400963208469e-10,-0.208282455801964,-32572
chr2,hsa04360,Axon guidance - Homo sapiens (human),Brain_Substantia_nigra,chr2_26815209_A_G_b38,rs4665349,ENSG00000157851.17,DPYSL5,56896,8.1400963208469e-10,-0.208282455801964,-32538
chr2,hsa04360,Axon guidance - Homo sapiens (human),Brain_Substantia_nigra,chr2_26815250_A_G_b38,rs4665350,ENSG00000157851.17,DPYSL5,56896,3.08488381777162e-09,-0.197659835219383,-32497
chr2,hsa04360,Axon guidance - Homo sapiens (human),Brain_Substantia_nigra,chr2_26815338_A_G_b38,rs4665351,ENSG00000157851.17,DPYSL5,56896,3.08488381777162e-09,-0.197659835219383,-32409
chr2,hsa04360,Axon guidance - Homo sapiens (human),Brain_Substantia_nigra,chr2_26815498_T_C_b38,rs34472003,ENSG00000157851.17,DPYSL5,56896,3.08488381777162e-09,-0.197659835219383,-32249
chr2,hsa04360,Axon guidance - Homo sapiens (human),Brain_Substantia_nigra,chr2_26815502_C_CT_b38,rs34597075,ENSG00000157851.17,DPYSL5,56896,3.08488381777162e-09,-0.197659835219383,-32245
chr2,hsa04360,Axon guidance - Homo sapiens (human),Brain_Substantia_nigra,chr2_26815520_G_A_b38,rs34222834,ENSG00000157851.17,DPYSL5,56896,3.08488381777162e-09,-0.197659835219383,-32227
chr2,hsa04360,Axon guidance - Homo sapiens (human),Brain_Substantia_nigra,chr2_26815574_C_T_b38,rs36115338,ENSG00000157851.17,DPYSL5,56896,3.08488381777162e-09,-0.197659835219383,-32173
chr2,hsa04360,Axon guidance - Homo sapiens (human),Brain_Substantia_nigra,chr2_26816574_G_T_b38,rs4665352,ENSG00000157851.17,DPYSL5,56896,1.77122332050154e-09,-0.20063191652298,-31173
chr2,hsa04360,Axon guidance - Homo sapiens (human),Brain_Substantia_nigra,chr2_26816776_CTAATGTACG_C_b38,rs72153959,ENSG00000157851.17,DPYSL5,56896,8.91041353423006e-10,-0.207377016544342,-30971
chr2,hsa04360,Axon guidance - Homo sapiens (human),Brain_Substantia_nigra,chr2_26817051_A_G_b38,rs12471783,ENSG00000157851.17,DPYSL5,56896,1.62509941522019e-09,-0.203510209918022,-30696
chr2,hsa04360,Axon guidance - Homo sapiens (human),Brain_Substantia_nigra,chr2_26818045_C_G_b38,rs67579577,ENSG00000157851.17,DPYSL5,56896,4.83913665667089e-10,-0.211006760597229,-29702
chr2,hsa04360,Axon guidance - Homo sapiens (human),Brain_Substantia_nigra,chr2_26819238_C_T_b38,rs12105168,ENSG00000157851.17,DPYSL5,56896,6.20876164796519e-09,-0.19127294421196,-28509
chr2,hsa04360,Axon guidance - Homo sapiens (human),Brain_Substantia_nigra,chr2_26821229_A_G_b38,rs9646996,ENSG00000157851.17,DPYSL5,56896,7.27003905906597e-10,-0.20994821190834,-26518
chr2,hsa04360,Axon guidance - Homo sapiens (human),Brain_Substantia_nigra,chr2_26822932_C_T_b38,rs4665353,ENSG00000157851.17,DPYSL5,56896,7.27003905906597e-10,-0.20994821190834,-24815
chr2,hsa04360,Axon guidance - Homo sapiens (human),Brain_Substantia_nigra,chr2_26825964_G_A_b38,rs12987230,ENSG00000157851.17,DPYSL5,56896,7.27003905906597e-10,-0.20994821190834,-21783
chr2,hsa04360,Axon guidance - Homo sapiens (human),Brain_Substantia_nigra,chr2_26826248_CATA_C_b38,rs35517369,ENSG00000157851.17,DPYSL5,56896,7.27003905906597e-10,-0.20994821190834,-21499
chr2,hsa04360,Axon guidance - Homo sapiens (human),Brain_Substantia_nigra,chr2_26829076_C_T_b38,rs34180820,ENSG00000157851.17,DPYSL5,56896,9.80504405277517e-10,-0.208039566874504,-18671
chr2,hsa04360,Axon guidance - Homo sapiens (human),Brain_Substantia_nigra,chr2_26832192_G_T_b38,rs6547251,ENSG00000157851.17,DPYSL5,56896,7.27003905906597e-10,-0.20994821190834,-15555
chr2,hsa04360,Axon guidance - Homo sapiens (human),Brain_Substantia_nigra,chr2_26832535_G_A_b38,rs36057168,ENSG00000157851.17,DPYSL5,56896,7.27003905906597e-10,-0.20994821190834,-15212
chr2,hsa04360,Axon guidance - Homo sapiens (human),Brain_Substantia_nigra,chr2_26833397_T_C_b38,rs35447809,ENSG00000157851.17,DPYSL5,56896,9.80504405277517e-10,-0.208039566874504,-14350
chr2,hsa04360,Axon guidance - Homo sapiens (human),Brain_Substantia_nigra,chr2_26833531_A_AC_b38,rs34307774,ENSG00000157851.17,DPYSL5,56896,7.27003905906597e-10,-0.20994821190834,-14216
chr2,hsa04360,Axon guidance - Homo sapiens (human),Brain_Substantia_nigra,chr2_26835583_G_T_b38,rs4513249,ENSG00000157851.17,DPYSL5,56896,7.27003905906597e-10,-0.20994821190834,-12164
chr2,hsa04360,Axon guidance - Homo sapiens (human),Brain_Substantia_nigra,chr2_26840392_G_A_b38,rs12474330,ENSG00000157851.17,DPYSL5,56896,5.22809911943208e-10,-0.202761918306351,-7355
chr2,hsa04360,Axon guidance - Homo sapiens (human),Brain_Substantia_nigra,chr2_26840393_A_G_b38,rs12470698,ENSG00000157851.17,DPYSL5,56896,5.22809911943208e-10,-0.202761918306351,-7354
chr2,hsa04360,Axon guidance - Homo sapiens (human),Brain_Substantia_nigra,chr2_26841228_A_T_b38,rs13001084,ENSG00000157851.17,DPYSL5,56896,8.10514970813766e-10,-0.206167042255402,-6519
chr2,hsa04360,Axon guidance - Homo sapiens (human),Brain_Substantia_nigra,chr2_26841315_C_T_b38,rs13025436,ENSG00000157851.17,DPYSL5,56896,7.27003905906597e-10,-0.20994821190834,-6432
chr2,hsa04360,Axon guidance - Homo sapiens (human),Brain_Substantia_nigra,chr2_26841468_C_T_b38,rs7589183,ENSG00000157851.17,DPYSL5,56896,7.27003905906597e-10,-0.20994821190834,-6279
chr2,hsa04360,Axon guidance - Homo sapiens (human),Brain_Substantia_nigra,chr2_26841740_A_G_b38,rs7603056,ENSG00000157851.17,DPYSL5,56896,8.10519407736363e-10,-0.20616702735424,-6007
chr2,hsa04360,Axon guidance - Homo sapiens (human),Brain_Substantia_nigra,chr2_26841820_C_T_b38,rs7589610,ENSG00000157851.17,DPYSL5,56896,8.10514970813766e-10,-0.206167042255402,-5927
chr2,hsa04360,Axon guidance - Homo sapiens (human),Brain_Substantia_nigra,chr2_26843235_G_T_b38,rs2196150,ENSG00000157851.17,DPYSL5,56896,8.61748995665151e-10,-0.205771386623383,-4512
chr2,hsa04360,Axon guidance - Homo sapiens (human),Brain_Substantia_nigra,chr2_26843965_G_A_b38,rs111723669,ENSG00000157851.17,DPYSL5,56896,2.99691672477121e-08,-0.187899187207222,-3782
chr2,hsa04360,Axon guidance - Homo sapiens (human),Brain_Substantia_nigra,chr2_26847273_ATTTG_A_b38,rs71401528,ENSG00000157851.17,DPYSL5,56896,4.87229368317838e-09,-0.20023275911808,-474
chr2,hsa04360,Axon guidance - Homo sapiens (human),Brain_Substantia_nigra,chr2_26849341_C_T_b38,rs13405539,ENSG00000157851.17,DPYSL5,56896,4.87228118484817e-09,-0.200232774019241,1594
chr2,hsa04360,Axon guidance - Homo sapiens (human),Brain_Substantia_nigra,chr2_26851625_G_A_b38,rs13418647,ENSG00000157851.17,DPYSL5,56896,4.87228118484817e-09,-0.200232774019241,3878
chr2,hsa04360,Axon guidance - Homo sapiens (human),Brain_Substantia_nigra,chr2_26859691_A_G_b38,rs12991828,ENSG00000157851.17,DPYSL5,56896,4.87229368317838e-09,-0.20023275911808,11944
chr2,hsa04360,Axon guidance - Homo sapiens (human),Brain_Substantia_nigra,chr2_26862074_TC_T_b38,rs34902032,ENSG00000157851.17,DPYSL5,56896,4.96826696401199e-09,-0.200566977262497,14327
chr2,hsa04360,Axon guidance - Homo sapiens (human),Brain_Substantia_nigra,chr2_26869089_T_G_b38,rs12989446,ENSG00000157851.17,DPYSL5,56896,4.96826696401199e-09,-0.200566977262497,21342
chr2,hsa04360,Axon guidance - Homo sapiens (human),Brain_Substantia_nigra,chr2_26870976_A_C_b38,rs1368889,ENSG00000157851.17,DPYSL5,56896,6.59371853016606e-09,-0.198618099093437,23229
chr2,hsa04360,Axon guidance - Homo sapiens (human),Brain_Substantia_nigra,chr2_26871974_C_G_b38,rs827884,ENSG00000157851.17,DPYSL5,56896,1.64271662736895e-08,-0.183586299419403,24227
chr2,hsa04360,Axon guidance - Homo sapiens (human),Brain_Substantia_nigra,chr2_26872790_C_CAG_b38,rs35041270,ENSG00000157851.17,DPYSL5,56896,2.53490353376108e-10,-0.212710231542587,25043
chr2,hsa04360,Axon guidance - Homo sapiens (human),Brain_Substantia_nigra,chr2_26874326_T_A_b38,rs12992813,ENSG00000157851.17,DPYSL5,56896,4.00978001769332e-09,-0.198028326034546,26579
chr2,hsa04360,Axon guidance - Homo sapiens (human),Brain_Substantia_nigra,chr2_26875218_G_A_b38,rs562311,ENSG00000157851.17,DPYSL5,56896,1.30424126597997e-09,-0.196191042661667,27471
chr2,hsa04360,Axon guidance - Homo sapiens (human),Brain_Substantia_nigra,chr2_26881263_T_C_b38,rs486582,ENSG00000157851.17,DPYSL5,56896,1.18508640769101e-08,-0.188168808817863,33516
chr2,hsa04360,Axon guidance - Homo sapiens (human),Brain_Substantia_nigra,chr2_26883757_A_T_b38,rs935018,ENSG00000157851.17,DPYSL5,56896,3.10548115849836e-09,-0.204279914498329,36010
chr2,hsa04360,Axon guidance - Homo sapiens (human),Brain_Substantia_nigra,chr2_26888783_A_G_b38,rs471905,ENSG00000157851.17,DPYSL5,56896,2.35496462152276e-09,-0.196979478001595,41036
chr2,hsa04360,Axon guidance - Homo sapiens (human),Brain_Substantia_nigra,chr2_26896787_G_C_b38,rs527267,ENSG00000157851.17,DPYSL5,56896,1.71367074402197e-09,-0.197561249136925,49040
chr2,hsa04360,Axon guidance - Homo sapiens (human),Brain_Substantia_nigra,chr2_27020496_A_G_b38,rs7606840,ENSG00000157851.17,DPYSL5,56896,1.60735118152088e-08,0.20131516456604,172749
chr2,hsa04360,Axon guidance - Homo sapiens (human),Brain_Substantia_nigra,chr2_27021844_C_T_b38,rs2053386,ENSG00000157851.17,DPYSL5,56896,3.59140180227385e-08,0.190826460719109,174097
chr2,hsa04360,Axon guidance - Homo sapiens (human),Brain_Substantia_nigra,chr2_27024964_T_C_b38,rs11678188,ENSG00000157851.17,DPYSL5,56896,1.63698605444535e-08,0.194848150014877,177217
chr2,hsa04360,Axon guidance - Homo sapiens (human),Brain_Substantia_nigra,chr2_27027735_A_G_b38,rs11681562,ENSG00000157851.17,DPYSL5,56896,2.39327483029289e-08,0.193617552518845,179988
chr2,hsa04360,Axon guidance - Homo sapiens (human),Brain_Substantia_nigra,chr2_27027882_C_G_b38,rs67100745,ENSG00000157851.17,DPYSL5,56896,1.16161812947595e-08,0.203794255852699,180135
chr2,hsa04360,Axon guidance - Homo sapiens (human),Brain_Substantia_nigra,chr2_27079693_G_A_b38,rs2011616,ENSG00000157851.17,DPYSL5,56896,2.21649115767157e-08,-0.192022085189819,231946
chr2,hsa04012,ErbB signaling pathway - Homo sapiens (human),Brain_Substantia_nigra,chr2_70476715_C_A_b38,rs958685,ENSG00000163235.16,TGFA,7039,9.1562172586345e-10,0.181514531373978,-77478
chr2,hsa05200,Pathways in cancer - Homo sapiens (human),Brain_Substantia_nigra,chr2_70476715_C_A_b38,rs958685,ENSG00000163235.16,TGFA,7039,9.1562172586345e-10,0.181514531373978,-77478
chr2,hsa05211,Renal cell carcinoma - Homo sapiens (human),Brain_Substantia_nigra,chr2_70476715_C_A_b38,rs958685,ENSG00000163235.16,TGFA,7039,9.1562172586345e-10,0.181514531373978,-77478
chr2,hsa05212,Pancreatic cancer - Homo sapiens (human),Brain_Substantia_nigra,chr2_70476715_C_A_b38,rs958685,ENSG00000163235.16,TGFA,7039,9.1562172586345e-10,0.181514531373978,-77478
chr2,hsa05214,Glioma - Homo sapiens (human),Brain_Substantia_nigra,chr2_70476715_C_A_b38,rs958685,ENSG00000163235.16,TGFA,7039,9.1562172586345e-10,0.181514531373978,-77478
chr2,hsa05215,Prostate cancer - Homo sapiens (human),Brain_Substantia_nigra,chr2_70476715_C_A_b38,rs958685,ENSG00000163235.16,TGFA,7039,9.1562172586345e-10,0.181514531373978,-77478
chr2,hsa05223,Non-small cell lung cancer - Homo sapiens (human),Brain_Substantia_nigra,chr2_70476715_C_A_b38,rs958685,ENSG00000163235.16,TGFA,7039,9.1562172586345e-10,0.181514531373978,-77478
chr2,hsa04012,ErbB signaling pathway - Homo sapiens (human),Brain_Substantia_nigra,chr2_70477379_A_G_b38,rs3755384,ENSG00000163235.16,TGFA,7039,2.51628358710541e-09,0.177253678441048,-76814
chr2,hsa05200,Pathways in cancer - Homo sapiens (human),Brain_Substantia_nigra,chr2_70477379_A_G_b38,rs3755384,ENSG00000163235.16,TGFA,7039,2.51628358710541e-09,0.177253678441048,-76814
chr2,hsa05211,Renal cell carcinoma - Homo sapiens (human),Brain_Substantia_nigra,chr2_70477379_A_G_b38,rs3755384,ENSG00000163235.16,TGFA,7039,2.51628358710541e-09,0.177253678441048,-76814
chr2,hsa05212,Pancreatic cancer - Homo sapiens (human),Brain_Substantia_nigra,chr2_70477379_A_G_b38,rs3755384,ENSG00000163235.16,TGFA,7039,2.51628358710541e-09,0.177253678441048,-76814
chr2,hsa05214,Glioma - Homo sapiens (human),Brain_Substantia_nigra,chr2_70477379_A_G_b38,rs3755384,ENSG00000163235.16,TGFA,7039,2.51628358710541e-09,0.177253678441048,-76814
chr2,hsa05215,Prostate cancer - Homo sapiens (human),Brain_Substantia_nigra,chr2_70477379_A_G_b38,rs3755384,ENSG00000163235.16,TGFA,7039,2.51628358710541e-09,0.177253678441048,-76814
chr2,hsa05223,Non-small cell lung cancer - Homo sapiens (human),Brain_Substantia_nigra,chr2_70477379_A_G_b38,rs3755384,ENSG00000163235.16,TGFA,7039,2.51628358710541e-09,0.177253678441048,-76814
chr2,hsa04012,ErbB signaling pathway - Homo sapiens (human),Brain_Substantia_nigra,chr2_70478899_A_T_b38,rs2122129,ENSG00000163235.16,TGFA,7039,9.15624221298698e-10,0.181514516472816,-75294
chr2,hsa05200,Pathways in cancer - Homo sapiens (human),Brain_Substantia_nigra,chr2_70478899_A_T_b38,rs2122129,ENSG00000163235.16,TGFA,7039,9.15624221298698e-10,0.181514516472816,-75294
chr2,hsa05211,Renal cell carcinoma - Homo sapiens (human),Brain_Substantia_nigra,chr2_70478899_A_T_b38,rs2122129,ENSG00000163235.16,TGFA,7039,9.15624221298698e-10,0.181514516472816,-75294
chr2,hsa05212,Pancreatic cancer - Homo sapiens (human),Brain_Substantia_nigra,chr2_70478899_A_T_b38,rs2122129,ENSG00000163235.16,TGFA,7039,9.15624221298698e-10,0.181514516472816,-75294
chr2,hsa05214,Glioma - Homo sapiens (human),Brain_Substantia_nigra,chr2_70478899_A_T_b38,rs2122129,ENSG00000163235.16,TGFA,7039,9.15624221298698e-10,0.181514516472816,-75294
chr2,hsa05215,Prostate cancer - Homo sapiens (human),Brain_Substantia_nigra,chr2_70478899_A_T_b38,rs2122129,ENSG00000163235.16,TGFA,7039,9.15624221298698e-10,0.181514516472816,-75294
chr2,hsa05223,Non-small cell lung cancer - Homo sapiens (human),Brain_Substantia_nigra,chr2_70478899_A_T_b38,rs2122129,ENSG00000163235.16,TGFA,7039,9.15624221298698e-10,0.181514516472816,-75294
chr2,hsa04012,ErbB signaling pathway - Homo sapiens (human),Brain_Substantia_nigra,chr2_70478976_G_A_b38,rs2166976,ENSG00000163235.16,TGFA,7039,9.1562172586345e-10,0.181514531373978,-75217
chr2,hsa05200,Pathways in cancer - Homo sapiens (human),Brain_Substantia_nigra,chr2_70478976_G_A_b38,rs2166976,ENSG00000163235.16,TGFA,7039,9.1562172586345e-10,0.181514531373978,-75217
chr2,hsa05211,Renal cell carcinoma - Homo sapiens (human),Brain_Substantia_nigra,chr2_70478976_G_A_b38,rs2166976,ENSG00000163235.16,TGFA,7039,9.1562172586345e-10,0.181514531373978,-75217
chr2,hsa05212,Pancreatic cancer - Homo sapiens (human),Brain_Substantia_nigra,chr2_70478976_G_A_b38,rs2166976,ENSG00000163235.16,TGFA,7039,9.1562172586345e-10,0.181514531373978,-75217
chr2,hsa05214,Glioma - Homo sapiens (human),Brain_Substantia_nigra,chr2_70478976_G_A_b38,rs2166976,ENSG00000163235.16,TGFA,7039,9.1562172586345e-10,0.181514531373978,-75217
chr2,hsa05215,Prostate cancer - Homo sapiens (human),Brain_Substantia_nigra,chr2_70478976_G_A_b38,rs2166976,ENSG00000163235.16,TGFA,7039,9.1562172586345e-10,0.181514531373978,-75217
chr2,hsa05223,Non-small cell lung cancer - Homo sapiens (human),Brain_Substantia_nigra,chr2_70478976_G_A_b38,rs2166976,ENSG00000163235.16,TGFA,7039,9.1562172586345e-10,0.181514531373978,-75217
chr2,hsa04012,ErbB signaling pathway - Homo sapiens (human),Brain_Substantia_nigra,chr2_70480235_T_C_b38,rs3771505,ENSG00000163235.16,TGFA,7039,2.51628358710541e-09,0.177253678441048,-73958
chr2,hsa05200,Pathways in cancer - Homo sapiens (human),Brain_Substantia_nigra,chr2_70480235_T_C_b38,rs3771505,ENSG00000163235.16,TGFA,7039,2.51628358710541e-09,0.177253678441048,-73958
chr2,hsa05211,Renal cell carcinoma - Homo sapiens (human),Brain_Substantia_nigra,chr2_70480235_T_C_b38,rs3771505,ENSG00000163235.16,TGFA,7039,2.51628358710541e-09,0.177253678441048,-73958
chr2,hsa05212,Pancreatic cancer - Homo sapiens (human),Brain_Substantia_nigra,chr2_70480235_T_C_b38,rs3771505,ENSG00000163235.16,TGFA,7039,2.51628358710541e-09,0.177253678441048,-73958
chr2,hsa05214,Glioma - Homo sapiens (human),Brain_Substantia_nigra,chr2_70480235_T_C_b38,rs3771505,ENSG00000163235.16,TGFA,7039,2.51628358710541e-09,0.177253678441048,-73958
chr2,hsa05215,Prostate cancer - Homo sapiens (human),Brain_Substantia_nigra,chr2_70480235_T_C_b38,rs3771505,ENSG00000163235.16,TGFA,7039,2.51628358710541e-09,0.177253678441048,-73958
chr2,hsa05223,Non-small cell lung cancer - Homo sapiens (human),Brain_Substantia_nigra,chr2_70480235_T_C_b38,rs3771505,ENSG00000163235.16,TGFA,7039,2.51628358710541e-09,0.177253678441048,-73958
chr2,hsa04012,ErbB signaling pathway - Homo sapiens (human),Brain_Substantia_nigra,chr2_70481129_G_A_b38,rs1807968,ENSG00000163235.16,TGFA,7039,9.1562172586345e-10,0.181514531373978,-73064
chr2,hsa05200,Pathways in cancer - Homo sapiens (human),Brain_Substantia_nigra,chr2_70481129_G_A_b38,rs1807968,ENSG00000163235.16,TGFA,7039,9.1562172586345e-10,0.181514531373978,-73064
chr2,hsa05211,Renal cell carcinoma - Homo sapiens (human),Brain_Substantia_nigra,chr2_70481129_G_A_b38,rs1807968,ENSG00000163235.16,TGFA,7039,9.1562172586345e-10,0.181514531373978,-73064
chr2,hsa05212,Pancreatic cancer - Homo sapiens (human),Brain_Substantia_nigra,chr2_70481129_G_A_b38,rs1807968,ENSG00000163235.16,TGFA,7039,9.1562172586345e-10,0.181514531373978,-73064
chr2,hsa05214,Glioma - Homo sapiens (human),Brain_Substantia_nigra,chr2_70481129_G_A_b38,rs1807968,ENSG00000163235.16,TGFA,7039,9.1562172586345e-10,0.181514531373978,-73064
chr2,hsa05215,Prostate cancer - Homo sapiens (human),Brain_Substantia_nigra,chr2_70481129_G_A_b38,rs1807968,ENSG00000163235.16,TGFA,7039,9.1562172586345e-10,0.181514531373978,-73064
chr2,hsa05223,Non-small cell lung cancer - Homo sapiens (human),Brain_Substantia_nigra,chr2_70481129_G_A_b38,rs1807968,ENSG00000163235.16,TGFA,7039,9.1562172586345e-10,0.181514531373978,-73064
chr2,hsa04012,ErbB signaling pathway - Homo sapiens (human),Brain_Substantia_nigra,chr2_70484589_T_A_b38,rs3755383,ENSG00000163235.16,TGFA,7039,2.12171208340698e-09,0.17719429731369,-69604
chr2,hsa05200,Pathways in cancer - Homo sapiens (human),Brain_Substantia_nigra,chr2_70484589_T_A_b38,rs3755383,ENSG00000163235.16,TGFA,7039,2.12171208340698e-09,0.17719429731369,-69604
chr2,hsa05211,Renal cell carcinoma - Homo sapiens (human),Brain_Substantia_nigra,chr2_70484589_T_A_b38,rs3755383,ENSG00000163235.16,TGFA,7039,2.12171208340698e-09,0.17719429731369,-69604
chr2,hsa05212,Pancreatic cancer - Homo sapiens (human),Brain_Substantia_nigra,chr2_70484589_T_A_b38,rs3755383,ENSG00000163235.16,TGFA,7039,2.12171208340698e-09,0.17719429731369,-69604
chr2,hsa05214,Glioma - Homo sapiens (human),Brain_Substantia_nigra,chr2_70484589_T_A_b38,rs3755383,ENSG00000163235.16,TGFA,7039,2.12171208340698e-09,0.17719429731369,-69604
chr2,hsa05215,Prostate cancer - Homo sapiens (human),Brain_Substantia_nigra,chr2_70484589_T_A_b38,rs3755383,ENSG00000163235.16,TGFA,7039,2.12171208340698e-09,0.17719429731369,-69604
chr2,hsa05223,Non-small cell lung cancer - Homo sapiens (human),Brain_Substantia_nigra,chr2_70484589_T_A_b38,rs3755383,ENSG00000163235.16,TGFA,7039,2.12171208340698e-09,0.17719429731369,-69604
chr2,hsa04012,ErbB signaling pathway - Homo sapiens (human),Brain_Substantia_nigra,chr2_70485670_T_C_b38,rs2862851,ENSG00000163235.16,TGFA,7039,2.73195407871674e-10,0.19082011282444,-68523
chr2,hsa05200,Pathways in cancer - Homo sapiens (human),Brain_Substantia_nigra,chr2_70485670_T_C_b38,rs2862851,ENSG00000163235.16,TGFA,7039,2.73195407871674e-10,0.19082011282444,-68523
chr2,hsa05211,Renal cell carcinoma - Homo sapiens (human),Brain_Substantia_nigra,chr2_70485670_T_C_b38,rs2862851,ENSG00000163235.16,TGFA,7039,2.73195407871674e-10,0.19082011282444,-68523
chr2,hsa05212,Pancreatic cancer - Homo sapiens (human),Brain_Substantia_nigra,chr2_70485670_T_C_b38,rs2862851,ENSG00000163235.16,TGFA,7039,2.73195407871674e-10,0.19082011282444,-68523
chr2,hsa05214,Glioma - Homo sapiens (human),Brain_Substantia_nigra,chr2_70485670_T_C_b38,rs2862851,ENSG00000163235.16,TGFA,7039,2.73195407871674e-10,0.19082011282444,-68523
chr2,hsa05215,Prostate cancer - Homo sapiens (human),Brain_Substantia_nigra,chr2_70485670_T_C_b38,rs2862851,ENSG00000163235.16,TGFA,7039,2.73195407871674e-10,0.19082011282444,-68523
chr2,hsa05223,Non-small cell lung cancer - Homo sapiens (human),Brain_Substantia_nigra,chr2_70485670_T_C_b38,rs2862851,ENSG00000163235.16,TGFA,7039,2.73195407871674e-10,0.19082011282444,-68523
chr2,hsa04012,ErbB signaling pathway - Homo sapiens (human),Brain_Substantia_nigra,chr2_70487366_T_C_b38,rs10469958,ENSG00000163235.16,TGFA,7039,2.66559625139126e-08,0.169551610946655,-66827
chr2,hsa05200,Pathways in cancer - Homo sapiens (human),Brain_Substantia_nigra,chr2_70487366_T_C_b38,rs10469958,ENSG00000163235.16,TGFA,7039,2.66559625139126e-08,0.169551610946655,-66827
chr2,hsa05211,Renal cell carcinoma - Homo sapiens (human),Brain_Substantia_nigra,chr2_70487366_T_C_b38,rs10469958,ENSG00000163235.16,TGFA,7039,2.66559625139126e-08,0.169551610946655,-66827
chr2,hsa05212,Pancreatic cancer - Homo sapiens (human),Brain_Substantia_nigra,chr2_70487366_T_C_b38,rs10469958,ENSG00000163235.16,TGFA,7039,2.66559625139126e-08,0.169551610946655,-66827
chr2,hsa05214,Glioma - Homo sapiens (human),Brain_Substantia_nigra,chr2_70487366_T_C_b38,rs10469958,ENSG00000163235.16,TGFA,7039,2.66559625139126e-08,0.169551610946655,-66827
chr2,hsa05215,Prostate cancer - Homo sapiens (human),Brain_Substantia_nigra,chr2_70487366_T_C_b38,rs10469958,ENSG00000163235.16,TGFA,7039,2.66559625139126e-08,0.169551610946655,-66827
chr2,hsa05223,Non-small cell lung cancer - Homo sapiens (human),Brain_Substantia_nigra,chr2_70487366_T_C_b38,rs10469958,ENSG00000163235.16,TGFA,7039,2.66559625139126e-08,0.169551610946655,-66827
chr2,hsa04012,ErbB signaling pathway - Homo sapiens (human),Brain_Substantia_nigra,chr2_70487661_T_C_b38,rs7571789,ENSG00000163235.16,TGFA,7039,3.67044121271944e-10,0.188149347901344,-66532
chr2,hsa05200,Pathways in cancer - Homo sapiens (human),Brain_Substantia_nigra,chr2_70487661_T_C_b38,rs7571789,ENSG00000163235.16,TGFA,7039,3.67044121271944e-10,0.188149347901344,-66532
chr2,hsa05211,Renal cell carcinoma - Homo sapiens (human),Brain_Substantia_nigra,chr2_70487661_T_C_b38,rs7571789,ENSG00000163235.16,TGFA,7039,3.67044121271944e-10,0.188149347901344,-66532
chr2,hsa05212,Pancreatic cancer - Homo sapiens (human),Brain_Substantia_nigra,chr2_70487661_T_C_b38,rs7571789,ENSG00000163235.16,TGFA,7039,3.67044121271944e-10,0.188149347901344,-66532
chr2,hsa05214,Glioma - Homo sapiens (human),Brain_Substantia_nigra,chr2_70487661_T_C_b38,rs7571789,ENSG00000163235.16,TGFA,7039,3.67044121271944e-10,0.188149347901344,-66532
chr2,hsa05215,Prostate cancer - Homo sapiens (human),Brain_Substantia_nigra,chr2_70487661_T_C_b38,rs7571789,ENSG00000163235.16,TGFA,7039,3.67044121271944e-10,0.188149347901344,-66532
chr2,hsa05223,Non-small cell lung cancer - Homo sapiens (human),Brain_Substantia_nigra,chr2_70487661_T_C_b38,rs7571789,ENSG00000163235.16,TGFA,7039,3.67044121271944e-10,0.188149347901344,-66532
chr2,hsa04012,ErbB signaling pathway - Homo sapiens (human),Brain_Substantia_nigra,chr2_70488656_C_T_b38,rs7561547,ENSG00000163235.16,TGFA,7039,1.11313908801591e-09,0.185897707939148,-65537
chr2,hsa05200,Pathways in cancer - Homo sapiens (human),Brain_Substantia_nigra,chr2_70488656_C_T_b38,rs7561547,ENSG00000163235.16,TGFA,7039,1.11313908801591e-09,0.185897707939148,-65537
chr2,hsa05211,Renal cell carcinoma - Homo sapiens (human),Brain_Substantia_nigra,chr2_70488656_C_T_b38,rs7561547,ENSG00000163235.16,TGFA,7039,1.11313908801591e-09,0.185897707939148,-65537
chr2,hsa05212,Pancreatic cancer - Homo sapiens (human),Brain_Substantia_nigra,chr2_70488656_C_T_b38,rs7561547,ENSG00000163235.16,TGFA,7039,1.11313908801591e-09,0.185897707939148,-65537
chr2,hsa05214,Glioma - Homo sapiens (human),Brain_Substantia_nigra,chr2_70488656_C_T_b38,rs7561547,ENSG00000163235.16,TGFA,7039,1.11313908801591e-09,0.185897707939148,-65537
chr2,hsa05215,Prostate cancer - Homo sapiens (human),Brain_Substantia_nigra,chr2_70488656_C_T_b38,rs7561547,ENSG00000163235.16,TGFA,7039,1.11313908801591e-09,0.185897707939148,-65537
chr2,hsa05223,Non-small cell lung cancer - Homo sapiens (human),Brain_Substantia_nigra,chr2_70488656_C_T_b38,rs7561547,ENSG00000163235.16,TGFA,7039,1.11313908801591e-09,0.185897707939148,-65537
chr2,hsa04012,ErbB signaling pathway - Homo sapiens (human),Brain_Substantia_nigra,chr2_70488916_G_A_b38,rs7561997,ENSG00000163235.16,TGFA,7039,4.20053508172879e-08,0.167616426944733,-65277
chr2,hsa05200,Pathways in cancer - Homo sapiens (human),Brain_Substantia_nigra,chr2_70488916_G_A_b38,rs7561997,ENSG00000163235.16,TGFA,7039,4.20053508172879e-08,0.167616426944733,-65277
chr2,hsa05211,Renal cell carcinoma - Homo sapiens (human),Brain_Substantia_nigra,chr2_70488916_G_A_b38,rs7561997,ENSG00000163235.16,TGFA,7039,4.20053508172879e-08,0.167616426944733,-65277
chr2,hsa05212,Pancreatic cancer - Homo sapiens (human),Brain_Substantia_nigra,chr2_70488916_G_A_b38,rs7561997,ENSG00000163235.16,TGFA,7039,4.20053508172879e-08,0.167616426944733,-65277
chr2,hsa05214,Glioma - Homo sapiens (human),Brain_Substantia_nigra,chr2_70488916_G_A_b38,rs7561997,ENSG00000163235.16,TGFA,7039,4.20053508172879e-08,0.167616426944733,-65277
chr2,hsa05215,Prostate cancer - Homo sapiens (human),Brain_Substantia_nigra,chr2_70488916_G_A_b38,rs7561997,ENSG00000163235.16,TGFA,7039,4.20053508172879e-08,0.167616426944733,-65277
chr2,hsa05223,Non-small cell lung cancer - Homo sapiens (human),Brain_Substantia_nigra,chr2_70488916_G_A_b38,rs7561997,ENSG00000163235.16,TGFA,7039,4.20053508172879e-08,0.167616426944733,-65277
chr2,hsa04012,ErbB signaling pathway - Homo sapiens (human),Brain_Substantia_nigra,chr2_70489467_T_C_b38,rs2902345,ENSG00000163235.16,TGFA,7039,8.40101192893823e-10,0.184132188558579,-64726
chr2,hsa05200,Pathways in cancer - Homo sapiens (human),Brain_Substantia_nigra,chr2_70489467_T_C_b38,rs2902345,ENSG00000163235.16,TGFA,7039,8.40101192893823e-10,0.184132188558579,-64726
chr2,hsa05211,Renal cell carcinoma - Homo sapiens (human),Brain_Substantia_nigra,chr2_70489467_T_C_b38,rs2902345,ENSG00000163235.16,TGFA,7039,8.40101192893823e-10,0.184132188558579,-64726
chr2,hsa05212,Pancreatic cancer - Homo sapiens (human),Brain_Substantia_nigra,chr2_70489467_T_C_b38,rs2902345,ENSG00000163235.16,TGFA,7039,8.40101192893823e-10,0.184132188558579,-64726
chr2,hsa05214,Glioma - Homo sapiens (human),Brain_Substantia_nigra,chr2_70489467_T_C_b38,rs2902345,ENSG00000163235.16,TGFA,7039,8.40101192893823e-10,0.184132188558579,-64726
chr2,hsa05215,Prostate cancer - Homo sapiens (human),Brain_Substantia_nigra,chr2_70489467_T_C_b38,rs2902345,ENSG00000163235.16,TGFA,7039,8.40101192893823e-10,0.184132188558579,-64726
chr2,hsa05223,Non-small cell lung cancer - Homo sapiens (human),Brain_Substantia_nigra,chr2_70489467_T_C_b38,rs2902345,ENSG00000163235.16,TGFA,7039,8.40101192893823e-10,0.184132188558579,-64726
chr2,hsa04012,ErbB signaling pathway - Homo sapiens (human),Brain_Substantia_nigra,chr2_70489955_G_A_b38,rs3911078,ENSG00000163235.16,TGFA,7039,2.52195796036058e-09,0.181679949164391,-64238
chr2,hsa05200,Pathways in cancer - Homo sapiens (human),Brain_Substantia_nigra,chr2_70489955_G_A_b38,rs3911078,ENSG00000163235.16,TGFA,7039,2.52195796036058e-09,0.181679949164391,-64238
chr2,hsa05211,Renal cell carcinoma - Homo sapiens (human),Brain_Substantia_nigra,chr2_70489955_G_A_b38,rs3911078,ENSG00000163235.16,TGFA,7039,2.52195796036058e-09,0.181679949164391,-64238
chr2,hsa05212,Pancreatic cancer - Homo sapiens (human),Brain_Substantia_nigra,chr2_70489955_G_A_b38,rs3911078,ENSG00000163235.16,TGFA,7039,2.52195796036058e-09,0.181679949164391,-64238
chr2,hsa05214,Glioma - Homo sapiens (human),Brain_Substantia_nigra,chr2_70489955_G_A_b38,rs3911078,ENSG00000163235.16,TGFA,7039,2.52195796036058e-09,0.181679949164391,-64238
chr2,hsa05215,Prostate cancer - Homo sapiens (human),Brain_Substantia_nigra,chr2_70489955_G_A_b38,rs3911078,ENSG00000163235.16,TGFA,7039,2.52195796036058e-09,0.181679949164391,-64238
chr2,hsa05223,Non-small cell lung cancer - Homo sapiens (human),Brain_Substantia_nigra,chr2_70489955_G_A_b38,rs3911078,ENSG00000163235.16,TGFA,7039,2.52195796036058e-09,0.181679949164391,-64238
chr2,hsa04012,ErbB signaling pathway - Homo sapiens (human),Brain_Substantia_nigra,chr2_70490521_A_G_b38,rs3771501,ENSG00000163235.16,TGFA,7039,7.32579380719212e-10,0.189856827259064,-63672
chr2,hsa05200,Pathways in cancer - Homo sapiens (human),Brain_Substantia_nigra,chr2_70490521_A_G_b38,rs3771501,ENSG00000163235.16,TGFA,7039,7.32579380719212e-10,0.189856827259064,-63672
chr2,hsa05211,Renal cell carcinoma - Homo sapiens (human),Brain_Substantia_nigra,chr2_70490521_A_G_b38,rs3771501,ENSG00000163235.16,TGFA,7039,7.32579380719212e-10,0.189856827259064,-63672
chr2,hsa05212,Pancreatic cancer - Homo sapiens (human),Brain_Substantia_nigra,chr2_70490521_A_G_b38,rs3771501,ENSG00000163235.16,TGFA,7039,7.32579380719212e-10,0.189856827259064,-63672
chr2,hsa05214,Glioma - Homo sapiens (human),Brain_Substantia_nigra,chr2_70490521_A_G_b38,rs3771501,ENSG00000163235.16,TGFA,7039,7.32579380719212e-10,0.189856827259064,-63672
chr2,hsa05215,Prostate cancer - Homo sapiens (human),Brain_Substantia_nigra,chr2_70490521_A_G_b38,rs3771501,ENSG00000163235.16,TGFA,7039,7.32579380719212e-10,0.189856827259064,-63672
chr2,hsa05223,Non-small cell lung cancer - Homo sapiens (human),Brain_Substantia_nigra,chr2_70490521_A_G_b38,rs3771501,ENSG00000163235.16,TGFA,7039,7.32579380719212e-10,0.189856827259064,-63672
chr2,hsa04012,ErbB signaling pathway - Homo sapiens (human),Brain_Substantia_nigra,chr2_70491563_T_C_b38,rs3755381,ENSG00000163235.16,TGFA,7039,7.69407195669225e-10,0.18331490457058,-62630
chr2,hsa05200,Pathways in cancer - Homo sapiens (human),Brain_Substantia_nigra,chr2_70491563_T_C_b38,rs3755381,ENSG00000163235.16,TGFA,7039,7.69407195669225e-10,0.18331490457058,-62630
chr2,hsa05211,Renal cell carcinoma - Homo sapiens (human),Brain_Substantia_nigra,chr2_70491563_T_C_b38,rs3755381,ENSG00000163235.16,TGFA,7039,7.69407195669225e-10,0.18331490457058,-62630
chr2,hsa05212,Pancreatic cancer - Homo sapiens (human),Brain_Substantia_nigra,chr2_70491563_T_C_b38,rs3755381,ENSG00000163235.16,TGFA,7039,7.69407195669225e-10,0.18331490457058,-62630
chr2,hsa05214,Glioma - Homo sapiens (human),Brain_Substantia_nigra,chr2_70491563_T_C_b38,rs3755381,ENSG00000163235.16,TGFA,7039,7.69407195669225e-10,0.18331490457058,-62630
chr2,hsa05215,Prostate cancer - Homo sapiens (human),Brain_Substantia_nigra,chr2_70491563_T_C_b38,rs3755381,ENSG00000163235.16,TGFA,7039,7.69407195669225e-10,0.18331490457058,-62630
chr2,hsa05223,Non-small cell lung cancer - Homo sapiens (human),Brain_Substantia_nigra,chr2_70491563_T_C_b38,rs3755381,ENSG00000163235.16,TGFA,7039,7.69407195669225e-10,0.18331490457058,-62630
chr2,hsa04012,ErbB signaling pathway - Homo sapiens (human),Brain_Substantia_nigra,chr2_70491888_C_G_b38,rs3755380,ENSG00000163235.16,TGFA,7039,2.73195407871674e-10,0.19082011282444,-62305
chr2,hsa05200,Pathways in cancer - Homo sapiens (human),Brain_Substantia_nigra,chr2_70491888_C_G_b38,rs3755380,ENSG00000163235.16,TGFA,7039,2.73195407871674e-10,0.19082011282444,-62305
chr2,hsa05211,Renal cell carcinoma - Homo sapiens (human),Brain_Substantia_nigra,chr2_70491888_C_G_b38,rs3755380,ENSG00000163235.16,TGFA,7039,2.73195407871674e-10,0.19082011282444,-62305
chr2,hsa05212,Pancreatic cancer - Homo sapiens (human),Brain_Substantia_nigra,chr2_70491888_C_G_b38,rs3755380,ENSG00000163235.16,TGFA,7039,2.73195407871674e-10,0.19082011282444,-62305
chr2,hsa05214,Glioma - Homo sapiens (human),Brain_Substantia_nigra,chr2_70491888_C_G_b38,rs3755380,ENSG00000163235.16,TGFA,7039,2.73195407871674e-10,0.19082011282444,-62305
chr2,hsa05215,Prostate cancer - Homo sapiens (human),Brain_Substantia_nigra,chr2_70491888_C_G_b38,rs3755380,ENSG00000163235.16,TGFA,7039,2.73195407871674e-10,0.19082011282444,-62305
chr2,hsa05223,Non-small cell lung cancer - Homo sapiens (human),Brain_Substantia_nigra,chr2_70491888_C_G_b38,rs3755380,ENSG00000163235.16,TGFA,7039,2.73195407871674e-10,0.19082011282444,-62305
chr2,hsa04012,ErbB signaling pathway - Homo sapiens (human),Brain_Substantia_nigra,chr2_70492938_C_T_b38,rs3771498,ENSG00000163235.16,TGFA,7039,9.15624221298698e-10,0.181514516472816,-61255
chr2,hsa05200,Pathways in cancer - Homo sapiens (human),Brain_Substantia_nigra,chr2_70492938_C_T_b38,rs3771498,ENSG00000163235.16,TGFA,7039,9.15624221298698e-10,0.181514516472816,-61255
chr2,hsa05211,Renal cell carcinoma - Homo sapiens (human),Brain_Substantia_nigra,chr2_70492938_C_T_b38,rs3771498,ENSG00000163235.16,TGFA,7039,9.15624221298698e-10,0.181514516472816,-61255
chr2,hsa05212,Pancreatic cancer - Homo sapiens (human),Brain_Substantia_nigra,chr2_70492938_C_T_b38,rs3771498,ENSG00000163235.16,TGFA,7039,9.15624221298698e-10,0.181514516472816,-61255
chr2,hsa05214,Glioma - Homo sapiens (human),Brain_Substantia_nigra,chr2_70492938_C_T_b38,rs3771498,ENSG00000163235.16,TGFA,7039,9.15624221298698e-10,0.181514516472816,-61255
chr2,hsa05215,Prostate cancer - Homo sapiens (human),Brain_Substantia_nigra,chr2_70492938_C_T_b38,rs3771498,ENSG00000163235.16,TGFA,7039,9.15624221298698e-10,0.181514516472816,-61255
chr2,hsa05223,Non-small cell lung cancer - Homo sapiens (human),Brain_Substantia_nigra,chr2_70492938_C_T_b38,rs3771498,ENSG00000163235.16,TGFA,7039,9.15624221298698e-10,0.181514516472816,-61255
chr2,hsa05200,Pathways in cancer - Homo sapiens (human),Brain_Substantia_nigra,chr2_113221073_C_T_b38,rs7578633,ENSG00000125618.18,PAX8,7849,6.6540010197066e-09,-0.56533420085907,-57848
chr2,hsa05216,Thyroid cancer - Homo sapiens (human),Brain_Substantia_nigra,chr2_113221073_C_T_b38,rs7578633,ENSG00000125618.18,PAX8,7849,6.6540010197066e-09,-0.56533420085907,-57848
chr2,hsa05200,Pathways in cancer - Homo sapiens (human),Brain_Substantia_nigra,chr2_113221363_C_G_b38,rs11123170,ENSG00000125618.18,PAX8,7849,6.6540010197066e-09,-0.56533420085907,-57558
chr2,hsa05216,Thyroid cancer - Homo sapiens (human),Brain_Substantia_nigra,chr2_113221363_C_G_b38,rs11123170,ENSG00000125618.18,PAX8,7849,6.6540010197066e-09,-0.56533420085907,-57558
chr2,hsa05200,Pathways in cancer - Homo sapiens (human),Brain_Substantia_nigra,chr2_113223445_G_A_b38,rs6707386,ENSG00000125618.18,PAX8,7849,6.6540010197066e-09,-0.56533420085907,-55476
chr2,hsa05216,Thyroid cancer - Homo sapiens (human),Brain_Substantia_nigra,chr2_113223445_G_A_b38,rs6707386,ENSG00000125618.18,PAX8,7849,6.6540010197066e-09,-0.56533420085907,-55476
chr2,hsa05200,Pathways in cancer - Homo sapiens (human),Brain_Substantia_nigra,chr2_113223560_T_C_b38,rs6755040,ENSG00000125618.18,PAX8,7849,6.03407586786193e-09,-0.567378580570221,-55361
chr2,hsa05216,Thyroid cancer - Homo sapiens (human),Brain_Substantia_nigra,chr2_113223560_T_C_b38,rs6755040,ENSG00000125618.18,PAX8,7849,6.03407586786193e-09,-0.567378580570221,-55361
chr2,hsa05200,Pathways in cancer - Homo sapiens (human),Brain_Substantia_nigra,chr2_113225007_T_C_b38,rs4849177,ENSG00000125618.18,PAX8,7849,1.8566882709017e-08,-0.550190985202789,-53914
chr2,hsa05216,Thyroid cancer - Homo sapiens (human),Brain_Substantia_nigra,chr2_113225007_T_C_b38,rs4849177,ENSG00000125618.18,PAX8,7849,1.8566882709017e-08,-0.550190985202789,-53914
chr2,hsa05200,Pathways in cancer - Homo sapiens (human),Brain_Substantia_nigra,chr2_113226726_T_C_b38,rs11123172,ENSG00000125618.18,PAX8,7849,1.8566882709017e-08,-0.550190985202789,-52195
chr2,hsa05216,Thyroid cancer - Homo sapiens (human),Brain_Substantia_nigra,chr2_113226726_T_C_b38,rs11123172,ENSG00000125618.18,PAX8,7849,1.8566882709017e-08,-0.550190985202789,-52195
chr2,hsa05200,Pathways in cancer - Homo sapiens (human),Brain_Substantia_nigra,chr2_113227593_C_T_b38,rs4849179,ENSG00000125618.18,PAX8,7849,1.8566882709017e-08,-0.550190985202789,-51328
chr2,hsa05216,Thyroid cancer - Homo sapiens (human),Brain_Substantia_nigra,chr2_113227593_C_T_b38,rs4849179,ENSG00000125618.18,PAX8,7849,1.8566882709017e-08,-0.550190985202789,-51328
chr2,hsa05200,Pathways in cancer - Homo sapiens (human),Brain_Substantia_nigra,chr2_113230915_G_A_b38,rs10175462,ENSG00000125618.18,PAX8,7849,1.8566882709017e-08,-0.550190985202789,-48006
chr2,hsa05216,Thyroid cancer - Homo sapiens (human),Brain_Substantia_nigra,chr2_113230915_G_A_b38,rs10175462,ENSG00000125618.18,PAX8,7849,1.8566882709017e-08,-0.550190985202789,-48006
chr2,hsa05200,Pathways in cancer - Homo sapiens (human),Brain_Substantia_nigra,chr2_113231545_A_AG_b38,rs5833488,ENSG00000125618.18,PAX8,7849,2.17449782294671e-08,-0.535738170146942,-47376
chr2,hsa05216,Thyroid cancer - Homo sapiens (human),Brain_Substantia_nigra,chr2_113231545_A_AG_b38,rs5833488,ENSG00000125618.18,PAX8,7849,2.17449782294671e-08,-0.535738170146942,-47376
chr2,hsa05200,Pathways in cancer - Homo sapiens (human),Brain_Substantia_nigra,chr2_113231690_T_C_b38,rs2863243,ENSG00000125618.18,PAX8,7849,1.8566882709017e-08,-0.550190985202789,-47231
chr2,hsa05216,Thyroid cancer - Homo sapiens (human),Brain_Substantia_nigra,chr2_113231690_T_C_b38,rs2863243,ENSG00000125618.18,PAX8,7849,1.8566882709017e-08,-0.550190985202789,-47231
chr2,hsa05200,Pathways in cancer - Homo sapiens (human),Brain_Substantia_nigra,chr2_113231750_T_C_b38,rs7563094,ENSG00000125618.18,PAX8,7849,1.8566882709017e-08,-0.550190985202789,-47171
chr2,hsa05216,Thyroid cancer - Homo sapiens (human),Brain_Substantia_nigra,chr2_113231750_T_C_b38,rs7563094,ENSG00000125618.18,PAX8,7849,1.8566882709017e-08,-0.550190985202789,-47171
chr2,hsa05200,Pathways in cancer - Homo sapiens (human),Brain_Substantia_nigra,chr2_113232684_G_A_b38,rs7421852,ENSG00000125618.18,PAX8,7849,1.98964128885413e-08,-0.548888623714447,-46237
chr2,hsa05216,Thyroid cancer - Homo sapiens (human),Brain_Substantia_nigra,chr2_113232684_G_A_b38,rs7421852,ENSG00000125618.18,PAX8,7849,1.98964128885413e-08,-0.548888623714447,-46237
chr2,hsa05200,Pathways in cancer - Homo sapiens (human),Brain_Substantia_nigra,chr2_113232816_C_A_b38,rs10206269,ENSG00000125618.18,PAX8,7849,1.98964612438952e-08,-0.548888564109802,-46105
chr2,hsa05216,Thyroid cancer - Homo sapiens (human),Brain_Substantia_nigra,chr2_113232816_C_A_b38,rs10206269,ENSG00000125618.18,PAX8,7849,1.98964612438952e-08,-0.548888564109802,-46105
chr2,hsa05200,Pathways in cancer - Homo sapiens (human),Brain_Substantia_nigra,chr2_113234393_A_G_b38,rs4849181,ENSG00000125618.18,PAX8,7849,6.03407586786193e-09,-0.567378580570221,-44528
chr2,hsa05216,Thyroid cancer - Homo sapiens (human),Brain_Substantia_nigra,chr2_113234393_A_G_b38,rs4849181,ENSG00000125618.18,PAX8,7849,6.03407586786193e-09,-0.567378580570221,-44528
chr2,hsa05200,Pathways in cancer - Homo sapiens (human),Brain_Substantia_nigra,chr2_113235223_TCC_T_b38,rs35724515,ENSG00000125618.18,PAX8,7849,2.98388663694293e-09,-0.57509046792984,-43698
chr2,hsa05216,Thyroid cancer - Homo sapiens (human),Brain_Substantia_nigra,chr2_113235223_TCC_T_b38,rs35724515,ENSG00000125618.18,PAX8,7849,2.98388663694293e-09,-0.57509046792984,-43698
chr2,hsa05200,Pathways in cancer - Homo sapiens (human),Brain_Substantia_nigra,chr2_113235767_A_C_b38,rs7589901,ENSG00000125618.18,PAX8,7849,2.98388663694293e-09,-0.57509046792984,-43154
chr2,hsa05216,Thyroid cancer - Homo sapiens (human),Brain_Substantia_nigra,chr2_113235767_A_C_b38,rs7589901,ENSG00000125618.18,PAX8,7849,2.98388663694293e-09,-0.57509046792984,-43154
chr2,hsa05200,Pathways in cancer - Homo sapiens (human),Brain_Substantia_nigra,chr2_113235808_C_G_b38,rs7576384,ENSG00000125618.18,PAX8,7849,2.98388663694293e-09,-0.57509046792984,-43113
chr2,hsa05216,Thyroid cancer - Homo sapiens (human),Brain_Substantia_nigra,chr2_113235808_C_G_b38,rs7576384,ENSG00000125618.18,PAX8,7849,2.98388663694293e-09,-0.57509046792984,-43113
chr2,hsa04145,Phagosome - Homo sapiens (human),Brain_Substantia_nigra,chr2_3585154_A_G_b38,rs28507217,ENSG00000118004.18,COLEC11,78989,1.82425819718242e-10,0.816667556762695,-9678
chr2,hsa04145,Phagosome - Homo sapiens (human),Brain_Substantia_nigra,chr2_3585183_G_A_b38,rs28622923,ENSG00000118004.18,COLEC11,78989,1.82425819718242e-10,0.816667556762695,-9649
chr2,hsa04145,Phagosome - Homo sapiens (human),Brain_Substantia_nigra,chr2_3585695_G_GC_b38,rs113938144,ENSG00000118004.18,COLEC11,78989,2.8876641339791e-09,0.629476547241211,-9137
chr2,hsa04145,Phagosome - Homo sapiens (human),Brain_Substantia_nigra,chr2_3585696_A_G_b38,rs34305730,ENSG00000118004.18,COLEC11,78989,2.8876641339791e-09,0.629476547241211,-9136
chr2,hsa04145,Phagosome - Homo sapiens (human),Brain_Substantia_nigra,chr2_3585937_C_T_b38,rs11681278,ENSG00000118004.18,COLEC11,78989,5.62094090196516e-12,1.07239890098572,-8895
chr2,hsa04145,Phagosome - Homo sapiens (human),Brain_Substantia_nigra,chr2_3586327_T_C_b38,rs11684944,ENSG00000118004.18,COLEC11,78989,2.72443471743383e-09,0.620331823825836,-8505
chr2,hsa04145,Phagosome - Homo sapiens (human),Brain_Substantia_nigra,chr2_3587184_C_T_b38,rs75209210,ENSG00000118004.18,COLEC11,78989,5.62094090196516e-12,1.07239890098572,-7648
chr2,hsa04145,Phagosome - Homo sapiens (human),Brain_Substantia_nigra,chr2_3588037_G_A_b38,rs11694620,ENSG00000118004.18,COLEC11,78989,5.62094090196516e-12,1.07239890098572,-6795
chr2,hsa04145,Phagosome - Homo sapiens (human),Brain_Substantia_nigra,chr2_3592141_A_G_b38,rs376332892,ENSG00000118004.18,COLEC11,78989,3.51994326686385e-12,1.16525936126709,-2691
chr2,hsa04145,Phagosome - Homo sapiens (human),Brain_Substantia_nigra,chr2_3597420_G_A_b38,rs11678235,ENSG00000118004.18,COLEC11,78989,1.29113233532613e-12,1.06151521205902,2588
chr2,hsa04145,Phagosome - Homo sapiens (human),Brain_Substantia_nigra,chr2_3598549_T_C_b38,rs13432324,ENSG00000118004.18,COLEC11,78989,4.04286806397615e-09,0.745681822299957,3717
chr2,hsa04145,Phagosome - Homo sapiens (human),Brain_Substantia_nigra,chr2_3603912_T_C_b38,rs74617886,ENSG00000118004.18,COLEC11,78989,3.06469126413155e-11,0.90737372636795,9080
chr2,hsa04145,Phagosome - Homo sapiens (human),Brain_Substantia_nigra,chr2_3605026_G_C_b38,rs3769507,ENSG00000118004.18,COLEC11,78989,8.91015575212864e-18,-0.841566979885101,10194
chr2,hsa04145,Phagosome - Homo sapiens (human),Brain_Substantia_nigra,chr2_3605254_C_A_b38,rs12478522,ENSG00000118004.18,COLEC11,78989,8.4972611679859e-12,-0.661874294281006,10422
chr2,hsa04145,Phagosome - Homo sapiens (human),Brain_Substantia_nigra,chr2_3605689_C_T_b38,rs66718279,ENSG00000118004.18,COLEC11,78989,4.48121350457623e-25,-0.940163493156433,10857
chr2,hsa04145,Phagosome - Homo sapiens (human),Brain_Substantia_nigra,chr2_3605986_A_G_b38,rs7604806,ENSG00000118004.18,COLEC11,78989,9.93422888149443e-21,-0.878907859325409,11154
chr2,hsa04145,Phagosome - Homo sapiens (human),Brain_Substantia_nigra,chr2_3606254_T_C_b38,rs3739147,ENSG00000118004.18,COLEC11,78989,2.72302148868767e-14,-0.757787942886353,11422
chr2,hsa04145,Phagosome - Homo sapiens (human),Brain_Substantia_nigra,chr2_3606600_T_C_b38,rs11123637,ENSG00000118004.18,COLEC11,78989,8.83264718606893e-21,-0.891932010650635,11768
chr2,hsa04145,Phagosome - Homo sapiens (human),Brain_Substantia_nigra,chr2_3607094_C_T_b38,rs13386282,ENSG00000118004.18,COLEC11,78989,8.63592528340892e-16,1.03798139095306,12262
chr2,hsa04145,Phagosome - Homo sapiens (human),Brain_Substantia_nigra,chr2_3607194_G_C_b38,rs12618238,ENSG00000118004.18,COLEC11,78989,2.3293543391469e-21,-0.936113476753235,12362
chr2,hsa04145,Phagosome - Homo sapiens (human),Brain_Substantia_nigra,chr2_3607737_A_C_b38,rs4850064,ENSG00000118004.18,COLEC11,78989,2.51861286151636e-18,-0.884398639202118,12905
chr2,hsa04145,Phagosome - Homo sapiens (human),Brain_Substantia_nigra,chr2_3607762_T_G_b38,rs4850065,ENSG00000118004.18,COLEC11,78989,2.51861286151636e-18,-0.884398639202118,12930
chr2,hsa04145,Phagosome - Homo sapiens (human),Brain_Substantia_nigra,chr2_3607763_T_A_b38,rs4850066,ENSG00000118004.18,COLEC11,78989,2.51861286151636e-18,-0.884398639202118,12931
chr2,hsa04145,Phagosome - Homo sapiens (human),Brain_Substantia_nigra,chr2_3607917_T_C_b38,rs4850067,ENSG00000118004.18,COLEC11,78989,2.51861286151636e-18,-0.884398639202118,13085
chr2,hsa04145,Phagosome - Homo sapiens (human),Brain_Substantia_nigra,chr2_3608153_C_T_b38,rs4850068,ENSG00000118004.18,COLEC11,78989,1.01344031319927e-24,-0.96325421333313,13321
chr2,hsa04145,Phagosome - Homo sapiens (human),Brain_Substantia_nigra,chr2_3608215_C_T_b38,rs4850069,ENSG00000118004.18,COLEC11,78989,7.37651852016408e-18,-0.882043480873108,13383
chr2,hsa04145,Phagosome - Homo sapiens (human),Brain_Substantia_nigra,chr2_3608232_G_A_b38,rs4850070,ENSG00000118004.18,COLEC11,78989,1.55622752496087e-18,-0.888070523738861,13400
chr2,hsa04145,Phagosome - Homo sapiens (human),Brain_Substantia_nigra,chr2_3608265_T_A_b38,rs4850071,ENSG00000118004.18,COLEC11,78989,2.51861286151636e-18,-0.884398639202118,13433
chr2,hsa04145,Phagosome - Homo sapiens (human),Brain_Substantia_nigra,chr2_3609306_GTC_G_b38,.,ENSG00000118004.18,COLEC11,78989,1.22124450124608e-18,-0.87433272600174,14474
chr2,hsa04145,Phagosome - Homo sapiens (human),Brain_Substantia_nigra,chr2_3609315_C_T_b38,rs11123640,ENSG00000118004.18,COLEC11,78989,7.63441866055853e-13,1.03671360015869,14483
chr2,hsa04145,Phagosome - Homo sapiens (human),Brain_Substantia_nigra,chr2_3609678_C_T_b38,rs13009810,ENSG00000118004.18,COLEC11,78989,8.27912098505888e-19,-0.876351356506348,14846
chr2,hsa04145,Phagosome - Homo sapiens (human),Brain_Substantia_nigra,chr2_3609784_G_C_b38,rs13009813,ENSG00000118004.18,COLEC11,78989,1.22124450124608e-18,-0.87433272600174,14952
chr2,hsa04145,Phagosome - Homo sapiens (human),Brain_Substantia_nigra,chr2_3609793_A_G_b38,rs12992453,ENSG00000118004.18,COLEC11,78989,1.22124450124608e-18,-0.87433272600174,14961
chr2,hsa04145,Phagosome - Homo sapiens (human),Brain_Substantia_nigra,chr2_3609864_G_A_b38,rs13010020,ENSG00000118004.18,COLEC11,78989,1.22124450124608e-18,-0.87433272600174,15032
chr2,hsa04145,Phagosome - Homo sapiens (human),Brain_Substantia_nigra,chr2_3610000_T_C_b38,rs13030778,ENSG00000118004.18,COLEC11,78989,1.22124450124608e-18,-0.87433272600174,15168
chr2,hsa04145,Phagosome - Homo sapiens (human),Brain_Substantia_nigra,chr2_3610034_G_A_b38,rs13010460,ENSG00000118004.18,COLEC11,78989,1.22124450124608e-18,-0.87433272600174,15202
chr2,hsa04145,Phagosome - Homo sapiens (human),Brain_Substantia_nigra,chr2_3610065_G_C_b38,rs13010479,ENSG00000118004.18,COLEC11,78989,1.22124450124608e-18,-0.87433272600174,15233
chr2,hsa04145,Phagosome - Homo sapiens (human),Brain_Substantia_nigra,chr2_3610117_G_A_b38,rs13010512,ENSG00000118004.18,COLEC11,78989,1.22124450124608e-18,-0.87433272600174,15285
chr2,hsa04145,Phagosome - Homo sapiens (human),Brain_Substantia_nigra,chr2_3610139_T_C_b38,rs13031175,ENSG00000118004.18,COLEC11,78989,1.22124450124608e-18,-0.87433272600174,15307
chr2,hsa04145,Phagosome - Homo sapiens (human),Brain_Substantia_nigra,chr2_3610141_T_C_b38,rs13031176,ENSG00000118004.18,COLEC11,78989,7.24847754751045e-19,-0.860808193683624,15309
chr2,hsa04145,Phagosome - Homo sapiens (human),Brain_Substantia_nigra,chr2_3610315_A_G_b38,rs11123641,ENSG00000118004.18,COLEC11,78989,5.49153743582579e-19,-0.878612160682678,15483
chr2,hsa04145,Phagosome - Homo sapiens (human),Brain_Substantia_nigra,chr2_3610377_C_T_b38,rs12468106,ENSG00000118004.18,COLEC11,78989,1.22124450124608e-18,-0.87433272600174,15545
chr2,hsa04145,Phagosome - Homo sapiens (human),Brain_Substantia_nigra,chr2_3610441_T_C_b38,rs11123642,ENSG00000118004.18,COLEC11,78989,1.22124450124608e-18,-0.87433272600174,15609
chr2,hsa04145,Phagosome - Homo sapiens (human),Brain_Substantia_nigra,chr2_3610442_T_C_b38,rs11123643,ENSG00000118004.18,COLEC11,78989,1.22124450124608e-18,-0.87433272600174,15610
chr2,hsa04145,Phagosome - Homo sapiens (human),Brain_Substantia_nigra,chr2_3610542_A_G_b38,rs11123644,ENSG00000118004.18,COLEC11,78989,1.22124450124608e-18,-0.87433272600174,15710
chr2,hsa04145,Phagosome - Homo sapiens (human),Brain_Substantia_nigra,chr2_3610577_C_T_b38,rs17444576,ENSG00000118004.18,COLEC11,78989,2.0202997333122e-12,1.04023170471191,15745
chr2,hsa04145,Phagosome - Homo sapiens (human),Brain_Substantia_nigra,chr2_3610931_C_T_b38,rs13022258,ENSG00000118004.18,COLEC11,78989,1.22124450124608e-18,-0.87433272600174,16099
chr2,hsa04145,Phagosome - Homo sapiens (human),Brain_Substantia_nigra,chr2_3610973_T_C_b38,rs12988099,ENSG00000118004.18,COLEC11,78989,1.22124450124608e-18,-0.87433272600174,16141
chr2,hsa04145,Phagosome - Homo sapiens (human),Brain_Substantia_nigra,chr2_3610977_G_A_b38,rs13017366,ENSG00000118004.18,COLEC11,78989,1.27366825502427e-18,-0.878747761249542,16145
chr2,hsa04145,Phagosome - Homo sapiens (human),Brain_Substantia_nigra,chr2_3611084_A_G_b38,rs13000184,ENSG00000118004.18,COLEC11,78989,1.22124450124608e-18,-0.87433272600174,16252
chr2,hsa04145,Phagosome - Homo sapiens (human),Brain_Substantia_nigra,chr2_3611196_AAAAC_A_b38,rs57297621,ENSG00000118004.18,COLEC11,78989,1.27366825502427e-18,-0.878747761249542,16364
chr2,hsa04145,Phagosome - Homo sapiens (human),Brain_Substantia_nigra,chr2_3611292_T_C_b38,rs12988769,ENSG00000118004.18,COLEC11,78989,7.30806364914953e-15,-0.792288601398468,16460
chr2,hsa04145,Phagosome - Homo sapiens (human),Brain_Substantia_nigra,chr2_3611710_G_A_b38,rs12622035,ENSG00000118004.18,COLEC11,78989,1.27366825502427e-18,-0.878747761249542,16878
chr2,hsa04145,Phagosome - Homo sapiens (human),Brain_Substantia_nigra,chr2_3611974_C_A_b38,rs62107196,ENSG00000118004.18,COLEC11,78989,1.14279628730679e-18,-0.87418806552887,17142
chr2,hsa04145,Phagosome - Homo sapiens (human),Brain_Substantia_nigra,chr2_3612414_G_A_b38,rs12987858,ENSG00000118004.18,COLEC11,78989,3.85691537094478e-18,-0.874909222126007,17582
chr2,hsa04145,Phagosome - Homo sapiens (human),Brain_Substantia_nigra,chr2_3612618_A_G_b38,rs12468922,ENSG00000118004.18,COLEC11,78989,2.81892430633408e-20,-0.904425859451294,17786
chr2,hsa04145,Phagosome - Homo sapiens (human),Brain_Substantia_nigra,chr2_3612867_T_G_b38,rs7604750,ENSG00000118004.18,COLEC11,78989,8.65812615452422e-18,-0.86570554971695,18035
chr2,hsa04145,Phagosome - Homo sapiens (human),Brain_Substantia_nigra,chr2_3613591_T_C_b38,rs11123651,ENSG00000118004.18,COLEC11,78989,1.03767496796027e-17,-0.868325769901276,18759
chr2,hsa04145,Phagosome - Homo sapiens (human),Brain_Substantia_nigra,chr2_3614033_G_A_b38,rs11123652,ENSG00000118004.18,COLEC11,78989,4.18822075109024e-18,-0.873970448970795,19201
chr2,hsa04145,Phagosome - Homo sapiens (human),Brain_Substantia_nigra,chr2_3614412_G_A_b38,rs1367275,ENSG00000118004.18,COLEC11,78989,1.03768445815853e-17,-0.868325650691986,19580
chr2,hsa04145,Phagosome - Homo sapiens (human),Brain_Substantia_nigra,chr2_3614470_C_T_b38,rs1367276,ENSG00000118004.18,COLEC11,78989,4.37956484189195e-25,-0.952730059623718,19638
chr2,hsa04145,Phagosome - Homo sapiens (human),Brain_Substantia_nigra,chr2_3615448_G_A_b38,rs60287417,ENSG00000118004.18,COLEC11,78989,1.12570879017705e-18,-0.879720985889435,20616
chr2,hsa04145,Phagosome - Homo sapiens (human),Brain_Substantia_nigra,chr2_3615784_T_C_b38,rs62107198,ENSG00000118004.18,COLEC11,78989,2.75437138815871e-18,-0.874744713306427,20952
chr2,hsa04145,Phagosome - Homo sapiens (human),Brain_Substantia_nigra,chr2_3615866_C_G_b38,rs79019520,ENSG00000118004.18,COLEC11,78989,2.48277308552894e-12,1.03870797157288,21034
chr2,hsa04145,Phagosome - Homo sapiens (human),Brain_Substantia_nigra,chr2_3615945_GCTC_G_b38,rs200928304,ENSG00000118004.18,COLEC11,78989,2.83796418364109e-25,-0.959994912147522,21113
chr2,hsa04145,Phagosome - Homo sapiens (human),Brain_Substantia_nigra,chr2_3616113_A_C_b38,rs112029295,ENSG00000118004.18,COLEC11,78989,6.5123756902757e-18,-0.868187725543976,21281
chr2,hsa04145,Phagosome - Homo sapiens (human),Brain_Substantia_nigra,chr2_3616117_C_G_b38,rs113611227,ENSG00000118004.18,COLEC11,78989,6.5123756902757e-18,-0.868187725543976,21285
chr2,hsa04145,Phagosome - Homo sapiens (human),Brain_Substantia_nigra,chr2_3616203_C_T_b38,rs140950174,ENSG00000118004.18,COLEC11,78989,1.90893573146128e-18,-0.87912917137146,21371
chr2,hsa04145,Phagosome - Homo sapiens (human),Brain_Substantia_nigra,chr2_3616729_A_G_b38,rs13004447,ENSG00000118004.18,COLEC11,78989,1.03768445815853e-17,-0.868325650691986,21897
chr2,hsa04145,Phagosome - Homo sapiens (human),Brain_Substantia_nigra,chr2_3616879_A_G_b38,rs13004733,ENSG00000118004.18,COLEC11,78989,8.38649353467899e-25,-0.959968447685242,22047
chr2,hsa04145,Phagosome - Homo sapiens (human),Brain_Substantia_nigra,chr2_3616994_T_C_b38,rs12993068,ENSG00000118004.18,COLEC11,78989,1.28423624036129e-17,-0.872085630893707,22162
chr2,hsa04145,Phagosome - Homo sapiens (human),Brain_Substantia_nigra,chr2_3617548_C_T_b38,rs11892595,ENSG00000118004.18,COLEC11,78989,1.28424792603519e-17,-0.872085511684418,22716
chr2,hsa04145,Phagosome - Homo sapiens (human),Brain_Substantia_nigra,chr2_3617556_T_C_b38,rs11896016,ENSG00000118004.18,COLEC11,78989,1.28424792603519e-17,-0.872085511684418,22724
chr2,hsa04145,Phagosome - Homo sapiens (human),Brain_Substantia_nigra,chr2_3617752_T_C_b38,rs2312925,ENSG00000118004.18,COLEC11,78989,7.79715507121559e-17,-0.853151440620422,22920
chr2,hsa04145,Phagosome - Homo sapiens (human),Brain_Substantia_nigra,chr2_3617855_A_C_b38,rs7576886,ENSG00000118004.18,COLEC11,78989,1.28424792603519e-17,-0.872085511684418,23023
chr2,hsa04145,Phagosome - Homo sapiens (human),Brain_Substantia_nigra,chr2_3618162_G_T_b38,rs7586429,ENSG00000118004.18,COLEC11,78989,1.1256979449229e-18,-0.879721105098724,23330
chr2,hsa04145,Phagosome - Homo sapiens (human),Brain_Substantia_nigra,chr2_3618391_G_C_b38,rs12478443,ENSG00000118004.18,COLEC11,78989,6.15571994824297e-25,-0.952899873256683,23559
chr2,hsa04145,Phagosome - Homo sapiens (human),Brain_Substantia_nigra,chr2_3620281_T_G_b38,rs2312926,ENSG00000118004.18,COLEC11,78989,1.28424792603519e-17,-0.872085511684418,25449
chr2,hsa04145,Phagosome - Homo sapiens (human),Brain_Substantia_nigra,chr2_3620406_A_G_b38,rs2312927,ENSG00000118004.18,COLEC11,78989,7.64999421583253e-18,-0.87090677022934,25574
chr2,hsa04145,Phagosome - Homo sapiens (human),Brain_Substantia_nigra,chr2_3620536_C_A_b38,rs2872168,ENSG00000118004.18,COLEC11,78989,1.1256979449229e-18,-0.879721105098724,25704
chr2,hsa04145,Phagosome - Homo sapiens (human),Brain_Substantia_nigra,chr2_3621067_A_C_b38,rs4850073,ENSG00000118004.18,COLEC11,78989,8.2883713880676e-13,-0.68538898229599,26235
chr2,hsa04145,Phagosome - Homo sapiens (human),Brain_Substantia_nigra,chr2_3621498_C_T_b38,rs4850074,ENSG00000118004.18,COLEC11,78989,6.15571994824297e-25,-0.952899873256683,26666
chr2,hsa04145,Phagosome - Homo sapiens (human),Brain_Substantia_nigra,chr2_3621892_C_T_b38,rs6542711,ENSG00000118004.18,COLEC11,78989,4.59328157900985e-17,-0.865893661975861,27060
chr2,hsa04145,Phagosome - Homo sapiens (human),Brain_Substantia_nigra,chr2_3624569_A_T_b38,rs7580340,ENSG00000118004.18,COLEC11,78989,2.32733296135604e-12,0.960755407810211,29737
chr2,hsa04145,Phagosome - Homo sapiens (human),Brain_Substantia_nigra,chr2_3624570_C_T_b38,rs11685780,ENSG00000118004.18,COLEC11,78989,1.59701693756609e-10,1.0320211648941,29738
chr2,hsa04145,Phagosome - Homo sapiens (human),Brain_Substantia_nigra,chr2_3625080_A_G_b38,rs10206003,ENSG00000118004.18,COLEC11,78989,1.12706191151297e-10,0.988523304462433,30248
chr2,hsa04145,Phagosome - Homo sapiens (human),Brain_Substantia_nigra,chr2_3626058_G_A_b38,rs10170348,ENSG00000118004.18,COLEC11,78989,6.44111460756684e-12,1.0143609046936,31226
chr2,hsa04145,Phagosome - Homo sapiens (human),Brain_Substantia_nigra,chr2_3626487_C_A_b38,rs56296486,ENSG00000118004.18,COLEC11,78989,6.53272288976494e-12,0.987907707691193,31655
chr2,hsa04145,Phagosome - Homo sapiens (human),Brain_Substantia_nigra,chr2_3628377_T_C_b38,rs55835321,ENSG00000118004.18,COLEC11,78989,1.32577758633648e-11,0.969928622245789,33545
chr2,hsa04145,Phagosome - Homo sapiens (human),Brain_Substantia_nigra,chr2_3628682_A_G_b38,rs7595374,ENSG00000118004.18,COLEC11,78989,2.97093613335718e-09,0.762379467487335,33850
chr2,hsa04145,Phagosome - Homo sapiens (human),Brain_Substantia_nigra,chr2_3629432_T_C_b38,rs731034,ENSG00000118004.18,COLEC11,78989,1.32577758633648e-11,0.969928622245789,34600
chr2,hsa04145,Phagosome - Homo sapiens (human),Brain_Substantia_nigra,chr2_3629765_G_A_b38,rs55864208,ENSG00000118004.18,COLEC11,78989,1.32577758633648e-11,0.969928622245789,34933
chr2,hsa04145,Phagosome - Homo sapiens (human),Brain_Substantia_nigra,chr2_3630131_CTATG_C_b38,rs55932188,ENSG00000118004.18,COLEC11,78989,3.01048022305597e-12,0.999752461910248,35299
chr2,hsa04145,Phagosome - Homo sapiens (human),Brain_Substantia_nigra,chr2_3632194_A_G_b38,rs11695992,ENSG00000118004.18,COLEC11,78989,4.20203656710296e-09,0.803784430027008,37362
chr2,hsa04145,Phagosome - Homo sapiens (human),Brain_Substantia_nigra,chr2_3632273_A_G_b38,rs11696038,ENSG00000118004.18,COLEC11,78989,4.20203656710296e-09,0.803784430027008,37441
chr2,hsa04145,Phagosome - Homo sapiens (human),Brain_Substantia_nigra,chr2_3632435_G_T_b38,rs11689396,ENSG00000118004.18,COLEC11,78989,4.20203656710296e-09,0.803784430027008,37603
chr2,hsa04145,Phagosome - Homo sapiens (human),Brain_Substantia_nigra,chr2_3632633_G_A_b38,rs11123560,ENSG00000118004.18,COLEC11,78989,2.42864353646829e-12,0.996796071529388,37801
chr2,hsa04145,Phagosome - Homo sapiens (human),Brain_Substantia_nigra,chr2_3632742_A_G_b38,rs11123561,ENSG00000118004.18,COLEC11,78989,1.51136643563502e-12,1.00638222694397,37910
chr2,hsa04145,Phagosome - Homo sapiens (human),Brain_Substantia_nigra,chr2_3633276_G_C_b38,rs11690887,ENSG00000118004.18,COLEC11,78989,1.51136643563502e-12,1.00638222694397,38444
chr2,hsa04145,Phagosome - Homo sapiens (human),Brain_Substantia_nigra,chr2_3633888_C_G_b38,rs11674413,ENSG00000118004.18,COLEC11,78989,1.51136643563502e-12,1.00638222694397,39056
chr2,hsa04145,Phagosome - Homo sapiens (human),Brain_Substantia_nigra,chr2_3634695_AG_A_b38,rs60616725,ENSG00000118004.18,COLEC11,78989,1.51136643563502e-12,1.00638222694397,39863
chr2,hsa04145,Phagosome - Homo sapiens (human),Brain_Substantia_nigra,chr2_3634914_G_GC_b38,rs113200291,ENSG00000118004.18,COLEC11,78989,1.98450360284292e-11,0.928851723670959,40082
chr2,hsa04145,Phagosome - Homo sapiens (human),Brain_Substantia_nigra,chr2_3635230_C_T_b38,rs11676130,ENSG00000118004.18,COLEC11,78989,8.41756277099855e-10,0.846394062042236,40398
chr2,hsa04145,Phagosome - Homo sapiens (human),Brain_Substantia_nigra,chr2_3635501_C_T_b38,rs11123563,ENSG00000118004.18,COLEC11,78989,6.53855945618271e-11,0.915431678295135,40669
chr2,hsa04145,Phagosome - Homo sapiens (human),Brain_Substantia_nigra,chr2_3635632_T_C_b38,rs11679965,ENSG00000118004.18,COLEC11,78989,2.42865956546629e-12,0.996795952320099,40800
chr2,hsa04145,Phagosome - Homo sapiens (human),Brain_Substantia_nigra,chr2_3636061_G_A_b38,rs10210631,ENSG00000118004.18,COLEC11,78989,2.42865956546629e-12,0.996795952320099,41229
chr2,hsa00230,Purine metabolism - Homo sapiens (human),Brain_Substantia_nigra,chr2_112536764_G_A_b38,rs10153558,ENSG00000125630.16,POLR1B,84172,2.30787292030932e-08,0.532026290893555,-5151
chr2,hsa00240,Pyrimidine metabolism - Homo sapiens (human),Brain_Substantia_nigra,chr2_112536764_G_A_b38,rs10153558,ENSG00000125630.16,POLR1B,84172,2.30787292030932e-08,0.532026290893555,-5151
chr2,hsa01100,Metabolic pathways - Homo sapiens (human),Brain_Substantia_nigra,chr2_112536764_G_A_b38,rs10153558,ENSG00000125630.16,POLR1B,84172,2.30787292030932e-08,0.532026290893555,-5151
chr2,hsa03020,RNA polymerase - Homo sapiens (human),Brain_Substantia_nigra,chr2_112536764_G_A_b38,rs10153558,ENSG00000125630.16,POLR1B,84172,2.30787292030932e-08,0.532026290893555,-5151
chr2,hsa00230,Purine metabolism - Homo sapiens (human),Brain_Substantia_nigra,chr2_112537161_A_G_b38,rs4443006,ENSG00000125630.16,POLR1B,84172,2.30787292030932e-08,0.532026290893555,-4754
chr2,hsa00240,Pyrimidine metabolism - Homo sapiens (human),Brain_Substantia_nigra,chr2_112537161_A_G_b38,rs4443006,ENSG00000125630.16,POLR1B,84172,2.30787292030932e-08,0.532026290893555,-4754
chr2,hsa01100,Metabolic pathways - Homo sapiens (human),Brain_Substantia_nigra,chr2_112537161_A_G_b38,rs4443006,ENSG00000125630.16,POLR1B,84172,2.30787292030932e-08,0.532026290893555,-4754
chr2,hsa03020,RNA polymerase - Homo sapiens (human),Brain_Substantia_nigra,chr2_112537161_A_G_b38,rs4443006,ENSG00000125630.16,POLR1B,84172,2.30787292030932e-08,0.532026290893555,-4754
chr2,hsa00230,Purine metabolism - Homo sapiens (human),Brain_Substantia_nigra,chr2_112537179_T_TA_b38,rs34134164,ENSG00000125630.16,POLR1B,84172,2.30787292030932e-08,0.532026290893555,-4736
chr2,hsa00240,Pyrimidine metabolism - Homo sapiens (human),Brain_Substantia_nigra,chr2_112537179_T_TA_b38,rs34134164,ENSG00000125630.16,POLR1B,84172,2.30787292030932e-08,0.532026290893555,-4736
chr2,hsa01100,Metabolic pathways - Homo sapiens (human),Brain_Substantia_nigra,chr2_112537179_T_TA_b38,rs34134164,ENSG00000125630.16,POLR1B,84172,2.30787292030932e-08,0.532026290893555,-4736
chr2,hsa03020,RNA polymerase - Homo sapiens (human),Brain_Substantia_nigra,chr2_112537179_T_TA_b38,rs34134164,ENSG00000125630.16,POLR1B,84172,2.30787292030932e-08,0.532026290893555,-4736
chr2,hsa00230,Purine metabolism - Homo sapiens (human),Brain_Substantia_nigra,chr2_112538481_G_A_b38,rs7565714,ENSG00000125630.16,POLR1B,84172,3.95441671008701e-10,0.903244078159332,-3434
chr2,hsa00240,Pyrimidine metabolism - Homo sapiens (human),Brain_Substantia_nigra,chr2_112538481_G_A_b38,rs7565714,ENSG00000125630.16,POLR1B,84172,3.95441671008701e-10,0.903244078159332,-3434
chr2,hsa01100,Metabolic pathways - Homo sapiens (human),Brain_Substantia_nigra,chr2_112538481_G_A_b38,rs7565714,ENSG00000125630.16,POLR1B,84172,3.95441671008701e-10,0.903244078159332,-3434
chr2,hsa03020,RNA polymerase - Homo sapiens (human),Brain_Substantia_nigra,chr2_112538481_G_A_b38,rs7565714,ENSG00000125630.16,POLR1B,84172,3.95441671008701e-10,0.903244078159332,-3434
chr2,hsa00230,Purine metabolism - Homo sapiens (human),Brain_Substantia_nigra,chr2_112538626_G_C_b38,rs7565827,ENSG00000125630.16,POLR1B,84172,3.95441671008701e-10,0.903244078159332,-3289
chr2,hsa00240,Pyrimidine metabolism - Homo sapiens (human),Brain_Substantia_nigra,chr2_112538626_G_C_b38,rs7565827,ENSG00000125630.16,POLR1B,84172,3.95441671008701e-10,0.903244078159332,-3289
chr2,hsa01100,Metabolic pathways - Homo sapiens (human),Brain_Substantia_nigra,chr2_112538626_G_C_b38,rs7565827,ENSG00000125630.16,POLR1B,84172,3.95441671008701e-10,0.903244078159332,-3289
chr2,hsa03020,RNA polymerase - Homo sapiens (human),Brain_Substantia_nigra,chr2_112538626_G_C_b38,rs7565827,ENSG00000125630.16,POLR1B,84172,3.95441671008701e-10,0.903244078159332,-3289
chr2,hsa00230,Purine metabolism - Homo sapiens (human),Brain_Substantia_nigra,chr2_112539230_T_A_b38,rs62158580,ENSG00000125630.16,POLR1B,84172,1.59303820287247e-08,1.07697927951813,-2685
chr2,hsa00240,Pyrimidine metabolism - Homo sapiens (human),Brain_Substantia_nigra,chr2_112539230_T_A_b38,rs62158580,ENSG00000125630.16,POLR1B,84172,1.59303820287247e-08,1.07697927951813,-2685
chr2,hsa01100,Metabolic pathways - Homo sapiens (human),Brain_Substantia_nigra,chr2_112539230_T_A_b38,rs62158580,ENSG00000125630.16,POLR1B,84172,1.59303820287247e-08,1.07697927951813,-2685
chr2,hsa03020,RNA polymerase - Homo sapiens (human),Brain_Substantia_nigra,chr2_112539230_T_A_b38,rs62158580,ENSG00000125630.16,POLR1B,84172,1.59303820287247e-08,1.07697927951813,-2685
chr2,hsa00230,Purine metabolism - Homo sapiens (human),Brain_Substantia_nigra,chr2_112539293_C_T_b38,rs10200067,ENSG00000125630.16,POLR1B,84172,1.77085021328902e-11,0.935979127883911,-2622
chr2,hsa00240,Pyrimidine metabolism - Homo sapiens (human),Brain_Substantia_nigra,chr2_112539293_C_T_b38,rs10200067,ENSG00000125630.16,POLR1B,84172,1.77085021328902e-11,0.935979127883911,-2622
chr2,hsa01100,Metabolic pathways - Homo sapiens (human),Brain_Substantia_nigra,chr2_112539293_C_T_b38,rs10200067,ENSG00000125630.16,POLR1B,84172,1.77085021328902e-11,0.935979127883911,-2622
chr2,hsa03020,RNA polymerase - Homo sapiens (human),Brain_Substantia_nigra,chr2_112539293_C_T_b38,rs10200067,ENSG00000125630.16,POLR1B,84172,1.77085021328902e-11,0.935979127883911,-2622
chr2,hsa00230,Purine metabolism - Homo sapiens (human),Brain_Substantia_nigra,chr2_112539794_T_A_b38,rs1583616,ENSG00000125630.16,POLR1B,84172,1.03326628561658e-11,0.942124307155609,-2121
chr2,hsa00240,Pyrimidine metabolism - Homo sapiens (human),Brain_Substantia_nigra,chr2_112539794_T_A_b38,rs1583616,ENSG00000125630.16,POLR1B,84172,1.03326628561658e-11,0.942124307155609,-2121
chr2,hsa01100,Metabolic pathways - Homo sapiens (human),Brain_Substantia_nigra,chr2_112539794_T_A_b38,rs1583616,ENSG00000125630.16,POLR1B,84172,1.03326628561658e-11,0.942124307155609,-2121
chr2,hsa03020,RNA polymerase - Homo sapiens (human),Brain_Substantia_nigra,chr2_112539794_T_A_b38,rs1583616,ENSG00000125630.16,POLR1B,84172,1.03326628561658e-11,0.942124307155609,-2121
chr2,hsa00230,Purine metabolism - Homo sapiens (human),Brain_Substantia_nigra,chr2_112540199_C_T_b38,rs13424021,ENSG00000125630.16,POLR1B,84172,1.03326628561658e-11,0.942124307155609,-1716
chr2,hsa00240,Pyrimidine metabolism - Homo sapiens (human),Brain_Substantia_nigra,chr2_112540199_C_T_b38,rs13424021,ENSG00000125630.16,POLR1B,84172,1.03326628561658e-11,0.942124307155609,-1716
chr2,hsa01100,Metabolic pathways - Homo sapiens (human),Brain_Substantia_nigra,chr2_112540199_C_T_b38,rs13424021,ENSG00000125630.16,POLR1B,84172,1.03326628561658e-11,0.942124307155609,-1716
chr2,hsa03020,RNA polymerase - Homo sapiens (human),Brain_Substantia_nigra,chr2_112540199_C_T_b38,rs13424021,ENSG00000125630.16,POLR1B,84172,1.03326628561658e-11,0.942124307155609,-1716
chr2,hsa00230,Purine metabolism - Homo sapiens (human),Brain_Substantia_nigra,chr2_112541009_T_C_b38,rs1437675,ENSG00000125630.16,POLR1B,84172,4.13787173738962e-09,-0.466650784015656,-906
chr2,hsa00240,Pyrimidine metabolism - Homo sapiens (human),Brain_Substantia_nigra,chr2_112541009_T_C_b38,rs1437675,ENSG00000125630.16,POLR1B,84172,4.13787173738962e-09,-0.466650784015656,-906
chr2,hsa01100,Metabolic pathways - Homo sapiens (human),Brain_Substantia_nigra,chr2_112541009_T_C_b38,rs1437675,ENSG00000125630.16,POLR1B,84172,4.13787173738962e-09,-0.466650784015656,-906
chr2,hsa03020,RNA polymerase - Homo sapiens (human),Brain_Substantia_nigra,chr2_112541009_T_C_b38,rs1437675,ENSG00000125630.16,POLR1B,84172,4.13787173738962e-09,-0.466650784015656,-906
chr2,hsa00230,Purine metabolism - Homo sapiens (human),Brain_Substantia_nigra,chr2_112541251_C_G_b38,rs1595388,ENSG00000125630.16,POLR1B,84172,1.10333450790394e-08,-0.455406844615936,-664
chr2,hsa00240,Pyrimidine metabolism - Homo sapiens (human),Brain_Substantia_nigra,chr2_112541251_C_G_b38,rs1595388,ENSG00000125630.16,POLR1B,84172,1.10333450790394e-08,-0.455406844615936,-664
chr2,hsa01100,Metabolic pathways - Homo sapiens (human),Brain_Substantia_nigra,chr2_112541251_C_G_b38,rs1595388,ENSG00000125630.16,POLR1B,84172,1.10333450790394e-08,-0.455406844615936,-664
chr2,hsa03020,RNA polymerase - Homo sapiens (human),Brain_Substantia_nigra,chr2_112541251_C_G_b38,rs1595388,ENSG00000125630.16,POLR1B,84172,1.10333450790394e-08,-0.455406844615936,-664
chr2,hsa00230,Purine metabolism - Homo sapiens (human),Brain_Substantia_nigra,chr2_112542706_C_G_b38,rs2241804,ENSG00000125630.16,POLR1B,84172,1.4661636951935e-17,0.997427523136139,791
chr2,hsa00240,Pyrimidine metabolism - Homo sapiens (human),Brain_Substantia_nigra,chr2_112542706_C_G_b38,rs2241804,ENSG00000125630.16,POLR1B,84172,1.4661636951935e-17,0.997427523136139,791
chr2,hsa01100,Metabolic pathways - Homo sapiens (human),Brain_Substantia_nigra,chr2_112542706_C_G_b38,rs2241804,ENSG00000125630.16,POLR1B,84172,1.4661636951935e-17,0.997427523136139,791
chr2,hsa03020,RNA polymerase - Homo sapiens (human),Brain_Substantia_nigra,chr2_112542706_C_G_b38,rs2241804,ENSG00000125630.16,POLR1B,84172,1.4661636951935e-17,0.997427523136139,791
chr2,hsa00230,Purine metabolism - Homo sapiens (human),Brain_Substantia_nigra,chr2_112542817_A_C_b38,rs4849072,ENSG00000125630.16,POLR1B,84172,8.07970798004559e-09,-0.459021359682083,902
chr2,hsa00240,Pyrimidine metabolism - Homo sapiens (human),Brain_Substantia_nigra,chr2_112542817_A_C_b38,rs4849072,ENSG00000125630.16,POLR1B,84172,8.07970798004559e-09,-0.459021359682083,902
chr2,hsa01100,Metabolic pathways - Homo sapiens (human),Brain_Substantia_nigra,chr2_112542817_A_C_b38,rs4849072,ENSG00000125630.16,POLR1B,84172,8.07970798004559e-09,-0.459021359682083,902
chr2,hsa03020,RNA polymerase - Homo sapiens (human),Brain_Substantia_nigra,chr2_112542817_A_C_b38,rs4849072,ENSG00000125630.16,POLR1B,84172,8.07970798004559e-09,-0.459021359682083,902
chr2,hsa00230,Purine metabolism - Homo sapiens (human),Brain_Substantia_nigra,chr2_112543081_C_G_b38,rs4849073,ENSG00000125630.16,POLR1B,84172,6.57699921974108e-09,-0.459540665149689,1166
chr2,hsa00240,Pyrimidine metabolism - Homo sapiens (human),Brain_Substantia_nigra,chr2_112543081_C_G_b38,rs4849073,ENSG00000125630.16,POLR1B,84172,6.57699921974108e-09,-0.459540665149689,1166
chr2,hsa01100,Metabolic pathways - Homo sapiens (human),Brain_Substantia_nigra,chr2_112543081_C_G_b38,rs4849073,ENSG00000125630.16,POLR1B,84172,6.57699921974108e-09,-0.459540665149689,1166
chr2,hsa03020,RNA polymerase - Homo sapiens (human),Brain_Substantia_nigra,chr2_112543081_C_G_b38,rs4849073,ENSG00000125630.16,POLR1B,84172,6.57699921974108e-09,-0.459540665149689,1166
chr2,hsa00230,Purine metabolism - Homo sapiens (human),Brain_Substantia_nigra,chr2_112543660_C_G_b38,rs4849074,ENSG00000125630.16,POLR1B,84172,4.13787173738962e-09,-0.466650784015656,1745
chr2,hsa00240,Pyrimidine metabolism - Homo sapiens (human),Brain_Substantia_nigra,chr2_112543660_C_G_b38,rs4849074,ENSG00000125630.16,POLR1B,84172,4.13787173738962e-09,-0.466650784015656,1745
chr2,hsa01100,Metabolic pathways - Homo sapiens (human),Brain_Substantia_nigra,chr2_112543660_C_G_b38,rs4849074,ENSG00000125630.16,POLR1B,84172,4.13787173738962e-09,-0.466650784015656,1745
chr2,hsa03020,RNA polymerase - Homo sapiens (human),Brain_Substantia_nigra,chr2_112543660_C_G_b38,rs4849074,ENSG00000125630.16,POLR1B,84172,4.13787173738962e-09,-0.466650784015656,1745
chr2,hsa00230,Purine metabolism - Homo sapiens (human),Brain_Substantia_nigra,chr2_112544150_G_A_b38,rs13412193,ENSG00000125630.16,POLR1B,84172,6.61623710847463e-17,0.967397749423981,2235
chr2,hsa00240,Pyrimidine metabolism - Homo sapiens (human),Brain_Substantia_nigra,chr2_112544150_G_A_b38,rs13412193,ENSG00000125630.16,POLR1B,84172,6.61623710847463e-17,0.967397749423981,2235
chr2,hsa01100,Metabolic pathways - Homo sapiens (human),Brain_Substantia_nigra,chr2_112544150_G_A_b38,rs13412193,ENSG00000125630.16,POLR1B,84172,6.61623710847463e-17,0.967397749423981,2235
chr2,hsa03020,RNA polymerase - Homo sapiens (human),Brain_Substantia_nigra,chr2_112544150_G_A_b38,rs13412193,ENSG00000125630.16,POLR1B,84172,6.61623710847463e-17,0.967397749423981,2235
chr2,hsa00230,Purine metabolism - Homo sapiens (human),Brain_Substantia_nigra,chr2_112544691_G_C_b38,rs1437673,ENSG00000125630.16,POLR1B,84172,4.13787173738962e-09,-0.466650784015656,2776
chr2,hsa00240,Pyrimidine metabolism - Homo sapiens (human),Brain_Substantia_nigra,chr2_112544691_G_C_b38,rs1437673,ENSG00000125630.16,POLR1B,84172,4.13787173738962e-09,-0.466650784015656,2776
chr2,hsa01100,Metabolic pathways - Homo sapiens (human),Brain_Substantia_nigra,chr2_112544691_G_C_b38,rs1437673,ENSG00000125630.16,POLR1B,84172,4.13787173738962e-09,-0.466650784015656,2776
chr2,hsa03020,RNA polymerase - Homo sapiens (human),Brain_Substantia_nigra,chr2_112544691_G_C_b38,rs1437673,ENSG00000125630.16,POLR1B,84172,4.13787173738962e-09,-0.466650784015656,2776
chr2,hsa00230,Purine metabolism - Homo sapiens (human),Brain_Substantia_nigra,chr2_112545262_A_C_b38,rs10864904,ENSG00000125630.16,POLR1B,84172,4.13787173738962e-09,-0.466650784015656,3347
chr2,hsa00240,Pyrimidine metabolism - Homo sapiens (human),Brain_Substantia_nigra,chr2_112545262_A_C_b38,rs10864904,ENSG00000125630.16,POLR1B,84172,4.13787173738962e-09,-0.466650784015656,3347
chr2,hsa01100,Metabolic pathways - Homo sapiens (human),Brain_Substantia_nigra,chr2_112545262_A_C_b38,rs10864904,ENSG00000125630.16,POLR1B,84172,4.13787173738962e-09,-0.466650784015656,3347
chr2,hsa03020,RNA polymerase - Homo sapiens (human),Brain_Substantia_nigra,chr2_112545262_A_C_b38,rs10864904,ENSG00000125630.16,POLR1B,84172,4.13787173738962e-09,-0.466650784015656,3347
chr2,hsa00230,Purine metabolism - Homo sapiens (human),Brain_Substantia_nigra,chr2_112545272_G_A_b38,rs3961775,ENSG00000125630.16,POLR1B,84172,1.74860384349796e-14,-0.621998965740204,3357
chr2,hsa00240,Pyrimidine metabolism - Homo sapiens (human),Brain_Substantia_nigra,chr2_112545272_G_A_b38,rs3961775,ENSG00000125630.16,POLR1B,84172,1.74860384349796e-14,-0.621998965740204,3357
chr2,hsa01100,Metabolic pathways - Homo sapiens (human),Brain_Substantia_nigra,chr2_112545272_G_A_b38,rs3961775,ENSG00000125630.16,POLR1B,84172,1.74860384349796e-14,-0.621998965740204,3357
chr2,hsa03020,RNA polymerase - Homo sapiens (human),Brain_Substantia_nigra,chr2_112545272_G_A_b38,rs3961775,ENSG00000125630.16,POLR1B,84172,1.74860384349796e-14,-0.621998965740204,3357
chr2,hsa00230,Purine metabolism - Homo sapiens (human),Brain_Substantia_nigra,chr2_112545461_G_A_b38,rs13015669,ENSG00000125630.16,POLR1B,84172,1.25968774448811e-08,-0.452097833156586,3546
chr2,hsa00240,Pyrimidine metabolism - Homo sapiens (human),Brain_Substantia_nigra,chr2_112545461_G_A_b38,rs13015669,ENSG00000125630.16,POLR1B,84172,1.25968774448811e-08,-0.452097833156586,3546
chr2,hsa01100,Metabolic pathways - Homo sapiens (human),Brain_Substantia_nigra,chr2_112545461_G_A_b38,rs13015669,ENSG00000125630.16,POLR1B,84172,1.25968774448811e-08,-0.452097833156586,3546
chr2,hsa03020,RNA polymerase - Homo sapiens (human),Brain_Substantia_nigra,chr2_112545461_G_A_b38,rs13015669,ENSG00000125630.16,POLR1B,84172,1.25968774448811e-08,-0.452097833156586,3546
chr2,hsa00230,Purine metabolism - Homo sapiens (human),Brain_Substantia_nigra,chr2_112545778_C_A_b38,rs60518507,ENSG00000125630.16,POLR1B,84172,1.43018919972202e-17,0.97989821434021,3863
chr2,hsa00240,Pyrimidine metabolism - Homo sapiens (human),Brain_Substantia_nigra,chr2_112545778_C_A_b38,rs60518507,ENSG00000125630.16,POLR1B,84172,1.43018919972202e-17,0.97989821434021,3863
chr2,hsa01100,Metabolic pathways - Homo sapiens (human),Brain_Substantia_nigra,chr2_112545778_C_A_b38,rs60518507,ENSG00000125630.16,POLR1B,84172,1.43018919972202e-17,0.97989821434021,3863
chr2,hsa03020,RNA polymerase - Homo sapiens (human),Brain_Substantia_nigra,chr2_112545778_C_A_b38,rs60518507,ENSG00000125630.16,POLR1B,84172,1.43018919972202e-17,0.97989821434021,3863
chr2,hsa00230,Purine metabolism - Homo sapiens (human),Brain_Substantia_nigra,chr2_112545804_T_C_b38,rs62158582,ENSG00000125630.16,POLR1B,84172,1.97193154267955e-13,1.00410532951355,3889
chr2,hsa00240,Pyrimidine metabolism - Homo sapiens (human),Brain_Substantia_nigra,chr2_112545804_T_C_b38,rs62158582,ENSG00000125630.16,POLR1B,84172,1.97193154267955e-13,1.00410532951355,3889
chr2,hsa01100,Metabolic pathways - Homo sapiens (human),Brain_Substantia_nigra,chr2_112545804_T_C_b38,rs62158582,ENSG00000125630.16,POLR1B,84172,1.97193154267955e-13,1.00410532951355,3889
chr2,hsa03020,RNA polymerase - Homo sapiens (human),Brain_Substantia_nigra,chr2_112545804_T_C_b38,rs62158582,ENSG00000125630.16,POLR1B,84172,1.97193154267955e-13,1.00410532951355,3889
chr2,hsa00230,Purine metabolism - Homo sapiens (human),Brain_Substantia_nigra,chr2_112545834_C_T_b38,rs61669219,ENSG00000125630.16,POLR1B,84172,1.43018919972202e-17,0.97989821434021,3919
chr2,hsa00240,Pyrimidine metabolism - Homo sapiens (human),Brain_Substantia_nigra,chr2_112545834_C_T_b38,rs61669219,ENSG00000125630.16,POLR1B,84172,1.43018919972202e-17,0.97989821434021,3919
chr2,hsa01100,Metabolic pathways - Homo sapiens (human),Brain_Substantia_nigra,chr2_112545834_C_T_b38,rs61669219,ENSG00000125630.16,POLR1B,84172,1.43018919972202e-17,0.97989821434021,3919
chr2,hsa03020,RNA polymerase - Homo sapiens (human),Brain_Substantia_nigra,chr2_112545834_C_T_b38,rs61669219,ENSG00000125630.16,POLR1B,84172,1.43018919972202e-17,0.97989821434021,3919
chr2,hsa00230,Purine metabolism - Homo sapiens (human),Brain_Substantia_nigra,chr2_112545886_T_C_b38,rs62158584,ENSG00000125630.16,POLR1B,84172,1.97193154267955e-13,1.00410532951355,3971
chr2,hsa00240,Pyrimidine metabolism - Homo sapiens (human),Brain_Substantia_nigra,chr2_112545886_T_C_b38,rs62158584,ENSG00000125630.16,POLR1B,84172,1.97193154267955e-13,1.00410532951355,3971
chr2,hsa01100,Metabolic pathways - Homo sapiens (human),Brain_Substantia_nigra,chr2_112545886_T_C_b38,rs62158584,ENSG00000125630.16,POLR1B,84172,1.97193154267955e-13,1.00410532951355,3971
chr2,hsa03020,RNA polymerase - Homo sapiens (human),Brain_Substantia_nigra,chr2_112545886_T_C_b38,rs62158584,ENSG00000125630.16,POLR1B,84172,1.97193154267955e-13,1.00410532951355,3971
chr2,hsa00230,Purine metabolism - Homo sapiens (human),Brain_Substantia_nigra,chr2_112547573_G_C_b38,rs11123139,ENSG00000125630.16,POLR1B,84172,6.57699921974108e-09,-0.459540665149689,5658
chr2,hsa00240,Pyrimidine metabolism - Homo sapiens (human),Brain_Substantia_nigra,chr2_112547573_G_C_b38,rs11123139,ENSG00000125630.16,POLR1B,84172,6.57699921974108e-09,-0.459540665149689,5658
chr2,hsa01100,Metabolic pathways - Homo sapiens (human),Brain_Substantia_nigra,chr2_112547573_G_C_b38,rs11123139,ENSG00000125630.16,POLR1B,84172,6.57699921974108e-09,-0.459540665149689,5658
chr2,hsa03020,RNA polymerase - Homo sapiens (human),Brain_Substantia_nigra,chr2_112547573_G_C_b38,rs11123139,ENSG00000125630.16,POLR1B,84172,6.57699921974108e-09,-0.459540665149689,5658
chr2,hsa00230,Purine metabolism - Homo sapiens (human),Brain_Substantia_nigra,chr2_112548179_G_A_b38,rs60703755,ENSG00000125630.16,POLR1B,84172,1.25968151112068e-08,-0.452097892761231,6264
chr2,hsa00240,Pyrimidine metabolism - Homo sapiens (human),Brain_Substantia_nigra,chr2_112548179_G_A_b38,rs60703755,ENSG00000125630.16,POLR1B,84172,1.25968151112068e-08,-0.452097892761231,6264
chr2,hsa01100,Metabolic pathways - Homo sapiens (human),Brain_Substantia_nigra,chr2_112548179_G_A_b38,rs60703755,ENSG00000125630.16,POLR1B,84172,1.25968151112068e-08,-0.452097892761231,6264
chr2,hsa03020,RNA polymerase - Homo sapiens (human),Brain_Substantia_nigra,chr2_112548179_G_A_b38,rs60703755,ENSG00000125630.16,POLR1B,84172,1.25968151112068e-08,-0.452097892761231,6264
chr2,hsa00230,Purine metabolism - Homo sapiens (human),Brain_Substantia_nigra,chr2_112549250_A_G_b38,rs62158585,ENSG00000125630.16,POLR1B,84172,1.43018919972202e-17,0.97989821434021,7335
chr2,hsa00240,Pyrimidine metabolism - Homo sapiens (human),Brain_Substantia_nigra,chr2_112549250_A_G_b38,rs62158585,ENSG00000125630.16,POLR1B,84172,1.43018919972202e-17,0.97989821434021,7335
chr2,hsa01100,Metabolic pathways - Homo sapiens (human),Brain_Substantia_nigra,chr2_112549250_A_G_b38,rs62158585,ENSG00000125630.16,POLR1B,84172,1.43018919972202e-17,0.97989821434021,7335
chr2,hsa03020,RNA polymerase - Homo sapiens (human),Brain_Substantia_nigra,chr2_112549250_A_G_b38,rs62158585,ENSG00000125630.16,POLR1B,84172,1.43018919972202e-17,0.97989821434021,7335
chr2,hsa00230,Purine metabolism - Homo sapiens (human),Brain_Substantia_nigra,chr2_112549538_C_T_b38,rs11675730,ENSG00000125630.16,POLR1B,84172,1.74860384349796e-14,-0.621998965740204,7623
chr2,hsa00240,Pyrimidine metabolism - Homo sapiens (human),Brain_Substantia_nigra,chr2_112549538_C_T_b38,rs11675730,ENSG00000125630.16,POLR1B,84172,1.74860384349796e-14,-0.621998965740204,7623
chr2,hsa01100,Metabolic pathways - Homo sapiens (human),Brain_Substantia_nigra,chr2_112549538_C_T_b38,rs11675730,ENSG00000125630.16,POLR1B,84172,1.74860384349796e-14,-0.621998965740204,7623
chr2,hsa03020,RNA polymerase - Homo sapiens (human),Brain_Substantia_nigra,chr2_112549538_C_T_b38,rs11675730,ENSG00000125630.16,POLR1B,84172,1.74860384349796e-14,-0.621998965740204,7623
chr2,hsa00230,Purine metabolism - Homo sapiens (human),Brain_Substantia_nigra,chr2_112549841_C_T_b38,rs11676962,ENSG00000125630.16,POLR1B,84172,8.07966731120137e-09,-0.459021419286728,7926
chr2,hsa00240,Pyrimidine metabolism - Homo sapiens (human),Brain_Substantia_nigra,chr2_112549841_C_T_b38,rs11676962,ENSG00000125630.16,POLR1B,84172,8.07966731120137e-09,-0.459021419286728,7926
chr2,hsa01100,Metabolic pathways - Homo sapiens (human),Brain_Substantia_nigra,chr2_112549841_C_T_b38,rs11676962,ENSG00000125630.16,POLR1B,84172,8.07966731120137e-09,-0.459021419286728,7926
chr2,hsa03020,RNA polymerase - Homo sapiens (human),Brain_Substantia_nigra,chr2_112549841_C_T_b38,rs11676962,ENSG00000125630.16,POLR1B,84172,8.07966731120137e-09,-0.459021419286728,7926
chr2,hsa00230,Purine metabolism - Homo sapiens (human),Brain_Substantia_nigra,chr2_112549925_ATATATG_A_b38,rs74619308,ENSG00000125630.16,POLR1B,84172,1.43018919972202e-17,0.97989821434021,8010
chr2,hsa00240,Pyrimidine metabolism - Homo sapiens (human),Brain_Substantia_nigra,chr2_112549925_ATATATG_A_b38,rs74619308,ENSG00000125630.16,POLR1B,84172,1.43018919972202e-17,0.97989821434021,8010
chr2,hsa01100,Metabolic pathways - Homo sapiens (human),Brain_Substantia_nigra,chr2_112549925_ATATATG_A_b38,rs74619308,ENSG00000125630.16,POLR1B,84172,1.43018919972202e-17,0.97989821434021,8010
chr2,hsa03020,RNA polymerase - Homo sapiens (human),Brain_Substantia_nigra,chr2_112549925_ATATATG_A_b38,rs74619308,ENSG00000125630.16,POLR1B,84172,1.43018919972202e-17,0.97989821434021,8010
chr2,hsa00230,Purine metabolism - Homo sapiens (human),Brain_Substantia_nigra,chr2_112549989_A_G_b38,rs62158586,ENSG00000125630.16,POLR1B,84172,1.43018919972202e-17,0.97989821434021,8074
chr2,hsa00240,Pyrimidine metabolism - Homo sapiens (human),Brain_Substantia_nigra,chr2_112549989_A_G_b38,rs62158586,ENSG00000125630.16,POLR1B,84172,1.43018919972202e-17,0.97989821434021,8074
chr2,hsa01100,Metabolic pathways - Homo sapiens (human),Brain_Substantia_nigra,chr2_112549989_A_G_b38,rs62158586,ENSG00000125630.16,POLR1B,84172,1.43018919972202e-17,0.97989821434021,8074
chr2,hsa03020,RNA polymerase - Homo sapiens (human),Brain_Substantia_nigra,chr2_112549989_A_G_b38,rs62158586,ENSG00000125630.16,POLR1B,84172,1.43018919972202e-17,0.97989821434021,8074
chr2,hsa00230,Purine metabolism - Homo sapiens (human),Brain_Substantia_nigra,chr2_112550939_T_A_b38,rs2304555,ENSG00000125630.16,POLR1B,84172,9.69051457283262e-15,-0.627613842487335,9024
chr2,hsa00240,Pyrimidine metabolism - Homo sapiens (human),Brain_Substantia_nigra,chr2_112550939_T_A_b38,rs2304555,ENSG00000125630.16,POLR1B,84172,9.69051457283262e-15,-0.627613842487335,9024
chr2,hsa01100,Metabolic pathways - Homo sapiens (human),Brain_Substantia_nigra,chr2_112550939_T_A_b38,rs2304555,ENSG00000125630.16,POLR1B,84172,9.69051457283262e-15,-0.627613842487335,9024
chr2,hsa03020,RNA polymerase - Homo sapiens (human),Brain_Substantia_nigra,chr2_112550939_T_A_b38,rs2304555,ENSG00000125630.16,POLR1B,84172,9.69051457283262e-15,-0.627613842487335,9024
chr2,hsa00230,Purine metabolism - Homo sapiens (human),Brain_Substantia_nigra,chr2_112551045_C_T_b38,rs3816140,ENSG00000125630.16,POLR1B,84172,9.69058924092633e-15,-0.62761378288269,9130
chr2,hsa00240,Pyrimidine metabolism - Homo sapiens (human),Brain_Substantia_nigra,chr2_112551045_C_T_b38,rs3816140,ENSG00000125630.16,POLR1B,84172,9.69058924092633e-15,-0.62761378288269,9130
chr2,hsa01100,Metabolic pathways - Homo sapiens (human),Brain_Substantia_nigra,chr2_112551045_C_T_b38,rs3816140,ENSG00000125630.16,POLR1B,84172,9.69058924092633e-15,-0.62761378288269,9130
chr2,hsa03020,RNA polymerase - Homo sapiens (human),Brain_Substantia_nigra,chr2_112551045_C_T_b38,rs3816140,ENSG00000125630.16,POLR1B,84172,9.69058924092633e-15,-0.62761378288269,9130
chr2,hsa00230,Purine metabolism - Homo sapiens (human),Brain_Substantia_nigra,chr2_112551218_C_G_b38,rs7568539,ENSG00000125630.16,POLR1B,84172,1.25968774448811e-08,-0.452097833156586,9303
chr2,hsa00240,Pyrimidine metabolism - Homo sapiens (human),Brain_Substantia_nigra,chr2_112551218_C_G_b38,rs7568539,ENSG00000125630.16,POLR1B,84172,1.25968774448811e-08,-0.452097833156586,9303
chr2,hsa01100,Metabolic pathways - Homo sapiens (human),Brain_Substantia_nigra,chr2_112551218_C_G_b38,rs7568539,ENSG00000125630.16,POLR1B,84172,1.25968774448811e-08,-0.452097833156586,9303
chr2,hsa03020,RNA polymerase - Homo sapiens (human),Brain_Substantia_nigra,chr2_112551218_C_G_b38,rs7568539,ENSG00000125630.16,POLR1B,84172,1.25968774448811e-08,-0.452097833156586,9303
chr2,hsa00230,Purine metabolism - Homo sapiens (human),Brain_Substantia_nigra,chr2_112551278_C_G_b38,rs59033131,ENSG00000125630.16,POLR1B,84172,1.43018919972202e-17,0.97989821434021,9363
chr2,hsa00240,Pyrimidine metabolism - Homo sapiens (human),Brain_Substantia_nigra,chr2_112551278_C_G_b38,rs59033131,ENSG00000125630.16,POLR1B,84172,1.43018919972202e-17,0.97989821434021,9363
chr2,hsa01100,Metabolic pathways - Homo sapiens (human),Brain_Substantia_nigra,chr2_112551278_C_G_b38,rs59033131,ENSG00000125630.16,POLR1B,84172,1.43018919972202e-17,0.97989821434021,9363
chr2,hsa03020,RNA polymerase - Homo sapiens (human),Brain_Substantia_nigra,chr2_112551278_C_G_b38,rs59033131,ENSG00000125630.16,POLR1B,84172,1.43018919972202e-17,0.97989821434021,9363
chr2,hsa00230,Purine metabolism - Homo sapiens (human),Brain_Substantia_nigra,chr2_112551896_C_T_b38,rs1545133,ENSG00000125630.16,POLR1B,84172,1.10333725176665e-08,-0.455406814813614,9981
chr2,hsa00240,Pyrimidine metabolism - Homo sapiens (human),Brain_Substantia_nigra,chr2_112551896_C_T_b38,rs1545133,ENSG00000125630.16,POLR1B,84172,1.10333725176665e-08,-0.455406814813614,9981
chr2,hsa01100,Metabolic pathways - Homo sapiens (human),Brain_Substantia_nigra,chr2_112551896_C_T_b38,rs1545133,ENSG00000125630.16,POLR1B,84172,1.10333725176665e-08,-0.455406814813614,9981
chr2,hsa03020,RNA polymerase - Homo sapiens (human),Brain_Substantia_nigra,chr2_112551896_C_T_b38,rs1545133,ENSG00000125630.16,POLR1B,84172,1.10333725176665e-08,-0.455406814813614,9981
chr2,hsa00230,Purine metabolism - Homo sapiens (human),Brain_Substantia_nigra,chr2_112552966_G_A_b38,rs9808491,ENSG00000125630.16,POLR1B,84172,1.43018919972202e-17,0.97989821434021,11051
chr2,hsa00240,Pyrimidine metabolism - Homo sapiens (human),Brain_Substantia_nigra,chr2_112552966_G_A_b38,rs9808491,ENSG00000125630.16,POLR1B,84172,1.43018919972202e-17,0.97989821434021,11051
chr2,hsa01100,Metabolic pathways - Homo sapiens (human),Brain_Substantia_nigra,chr2_112552966_G_A_b38,rs9808491,ENSG00000125630.16,POLR1B,84172,1.43018919972202e-17,0.97989821434021,11051
chr2,hsa03020,RNA polymerase - Homo sapiens (human),Brain_Substantia_nigra,chr2_112552966_G_A_b38,rs9808491,ENSG00000125630.16,POLR1B,84172,1.43018919972202e-17,0.97989821434021,11051
chr2,hsa00230,Purine metabolism - Homo sapiens (human),Brain_Substantia_nigra,chr2_112553197_A_T_b38,rs9308672,ENSG00000125630.16,POLR1B,84172,1.43018919972202e-17,0.97989821434021,11282
chr2,hsa00240,Pyrimidine metabolism - Homo sapiens (human),Brain_Substantia_nigra,chr2_112553197_A_T_b38,rs9308672,ENSG00000125630.16,POLR1B,84172,1.43018919972202e-17,0.97989821434021,11282
chr2,hsa01100,Metabolic pathways - Homo sapiens (human),Brain_Substantia_nigra,chr2_112553197_A_T_b38,rs9308672,ENSG00000125630.16,POLR1B,84172,1.43018919972202e-17,0.97989821434021,11282
chr2,hsa03020,RNA polymerase - Homo sapiens (human),Brain_Substantia_nigra,chr2_112553197_A_T_b38,rs9308672,ENSG00000125630.16,POLR1B,84172,1.43018919972202e-17,0.97989821434021,11282
chr2,hsa00230,Purine metabolism - Homo sapiens (human),Brain_Substantia_nigra,chr2_112554028_A_G_b38,rs60489148,ENSG00000125630.16,POLR1B,84172,1.43018919972202e-17,0.97989821434021,12113
chr2,hsa00240,Pyrimidine metabolism - Homo sapiens (human),Brain_Substantia_nigra,chr2_112554028_A_G_b38,rs60489148,ENSG00000125630.16,POLR1B,84172,1.43018919972202e-17,0.97989821434021,12113
chr2,hsa01100,Metabolic pathways - Homo sapiens (human),Brain_Substantia_nigra,chr2_112554028_A_G_b38,rs60489148,ENSG00000125630.16,POLR1B,84172,1.43018919972202e-17,0.97989821434021,12113
chr2,hsa03020,RNA polymerase - Homo sapiens (human),Brain_Substantia_nigra,chr2_112554028_A_G_b38,rs60489148,ENSG00000125630.16,POLR1B,84172,1.43018919972202e-17,0.97989821434021,12113
chr2,hsa00230,Purine metabolism - Homo sapiens (human),Brain_Substantia_nigra,chr2_112554171_C_G_b38,rs11123140,ENSG00000125630.16,POLR1B,84172,1.74860384349796e-14,-0.621998965740204,12256
chr2,hsa00240,Pyrimidine metabolism - Homo sapiens (human),Brain_Substantia_nigra,chr2_112554171_C_G_b38,rs11123140,ENSG00000125630.16,POLR1B,84172,1.74860384349796e-14,-0.621998965740204,12256
chr2,hsa01100,Metabolic pathways - Homo sapiens (human),Brain_Substantia_nigra,chr2_112554171_C_G_b38,rs11123140,ENSG00000125630.16,POLR1B,84172,1.74860384349796e-14,-0.621998965740204,12256
chr2,hsa03020,RNA polymerase - Homo sapiens (human),Brain_Substantia_nigra,chr2_112554171_C_G_b38,rs11123140,ENSG00000125630.16,POLR1B,84172,1.74860384349796e-14,-0.621998965740204,12256
chr2,hsa00230,Purine metabolism - Homo sapiens (human),Brain_Substantia_nigra,chr2_112554467_A_C_b38,rs11123141,ENSG00000125630.16,POLR1B,84172,1.74860384349796e-14,-0.621998965740204,12552
chr2,hsa00240,Pyrimidine metabolism - Homo sapiens (human),Brain_Substantia_nigra,chr2_112554467_A_C_b38,rs11123141,ENSG00000125630.16,POLR1B,84172,1.74860384349796e-14,-0.621998965740204,12552
chr2,hsa01100,Metabolic pathways - Homo sapiens (human),Brain_Substantia_nigra,chr2_112554467_A_C_b38,rs11123141,ENSG00000125630.16,POLR1B,84172,1.74860384349796e-14,-0.621998965740204,12552
chr2,hsa03020,RNA polymerase - Homo sapiens (human),Brain_Substantia_nigra,chr2_112554467_A_C_b38,rs11123141,ENSG00000125630.16,POLR1B,84172,1.74860384349796e-14,-0.621998965740204,12552
chr2,hsa00230,Purine metabolism - Homo sapiens (human),Brain_Substantia_nigra,chr2_112556217_T_C_b38,rs3789724,ENSG00000125630.16,POLR1B,84172,1.43018919972202e-17,0.97989821434021,14302
chr2,hsa00240,Pyrimidine metabolism - Homo sapiens (human),Brain_Substantia_nigra,chr2_112556217_T_C_b38,rs3789724,ENSG00000125630.16,POLR1B,84172,1.43018919972202e-17,0.97989821434021,14302
chr2,hsa01100,Metabolic pathways - Homo sapiens (human),Brain_Substantia_nigra,chr2_112556217_T_C_b38,rs3789724,ENSG00000125630.16,POLR1B,84172,1.43018919972202e-17,0.97989821434021,14302
chr2,hsa03020,RNA polymerase - Homo sapiens (human),Brain_Substantia_nigra,chr2_112556217_T_C_b38,rs3789724,ENSG00000125630.16,POLR1B,84172,1.43018919972202e-17,0.97989821434021,14302
chr2,hsa00230,Purine metabolism - Homo sapiens (human),Brain_Substantia_nigra,chr2_112556251_AG_A_b38,rs68048422,ENSG00000125630.16,POLR1B,84172,1.43018919972202e-17,0.97989821434021,14336
chr2,hsa00240,Pyrimidine metabolism - Homo sapiens (human),Brain_Substantia_nigra,chr2_112556251_AG_A_b38,rs68048422,ENSG00000125630.16,POLR1B,84172,1.43018919972202e-17,0.97989821434021,14336
chr2,hsa01100,Metabolic pathways - Homo sapiens (human),Brain_Substantia_nigra,chr2_112556251_AG_A_b38,rs68048422,ENSG00000125630.16,POLR1B,84172,1.43018919972202e-17,0.97989821434021,14336
chr2,hsa03020,RNA polymerase - Homo sapiens (human),Brain_Substantia_nigra,chr2_112556251_AG_A_b38,rs68048422,ENSG00000125630.16,POLR1B,84172,1.43018919972202e-17,0.97989821434021,14336
chr2,hsa00230,Purine metabolism - Homo sapiens (human),Brain_Substantia_nigra,chr2_112556253_TCCA_T_b38,rs72026412,ENSG00000125630.16,POLR1B,84172,1.43018919972202e-17,0.97989821434021,14338
chr2,hsa00240,Pyrimidine metabolism - Homo sapiens (human),Brain_Substantia_nigra,chr2_112556253_TCCA_T_b38,rs72026412,ENSG00000125630.16,POLR1B,84172,1.43018919972202e-17,0.97989821434021,14338
chr2,hsa01100,Metabolic pathways - Homo sapiens (human),Brain_Substantia_nigra,chr2_112556253_TCCA_T_b38,rs72026412,ENSG00000125630.16,POLR1B,84172,1.43018919972202e-17,0.97989821434021,14338
chr2,hsa03020,RNA polymerase - Homo sapiens (human),Brain_Substantia_nigra,chr2_112556253_TCCA_T_b38,rs72026412,ENSG00000125630.16,POLR1B,84172,1.43018919972202e-17,0.97989821434021,14338
chr2,hsa00230,Purine metabolism - Homo sapiens (human),Brain_Substantia_nigra,chr2_112556258_A_C_b38,rs200353609,ENSG00000125630.16,POLR1B,84172,1.43018919972202e-17,0.97989821434021,14343
chr2,hsa00240,Pyrimidine metabolism - Homo sapiens (human),Brain_Substantia_nigra,chr2_112556258_A_C_b38,rs200353609,ENSG00000125630.16,POLR1B,84172,1.43018919972202e-17,0.97989821434021,14343
chr2,hsa01100,Metabolic pathways - Homo sapiens (human),Brain_Substantia_nigra,chr2_112556258_A_C_b38,rs200353609,ENSG00000125630.16,POLR1B,84172,1.43018919972202e-17,0.97989821434021,14343
chr2,hsa03020,RNA polymerase - Homo sapiens (human),Brain_Substantia_nigra,chr2_112556258_A_C_b38,rs200353609,ENSG00000125630.16,POLR1B,84172,1.43018919972202e-17,0.97989821434021,14343
chr2,hsa00230,Purine metabolism - Homo sapiens (human),Brain_Substantia_nigra,chr2_112558226_A_C_b38,rs13413001,ENSG00000125630.16,POLR1B,84172,1.97193154267955e-13,1.00410532951355,16311
chr2,hsa00240,Pyrimidine metabolism - Homo sapiens (human),Brain_Substantia_nigra,chr2_112558226_A_C_b38,rs13413001,ENSG00000125630.16,POLR1B,84172,1.97193154267955e-13,1.00410532951355,16311
chr2,hsa01100,Metabolic pathways - Homo sapiens (human),Brain_Substantia_nigra,chr2_112558226_A_C_b38,rs13413001,ENSG00000125630.16,POLR1B,84172,1.97193154267955e-13,1.00410532951355,16311
chr2,hsa03020,RNA polymerase - Homo sapiens (human),Brain_Substantia_nigra,chr2_112558226_A_C_b38,rs13413001,ENSG00000125630.16,POLR1B,84172,1.97193154267955e-13,1.00410532951355,16311
chr2,hsa00230,Purine metabolism - Homo sapiens (human),Brain_Substantia_nigra,chr2_112558962_C_A_b38,rs62158591,ENSG00000125630.16,POLR1B,84172,3.73659369187708e-11,0.99399334192276,17047
chr2,hsa00240,Pyrimidine metabolism - Homo sapiens (human),Brain_Substantia_nigra,chr2_112558962_C_A_b38,rs62158591,ENSG00000125630.16,POLR1B,84172,3.73659369187708e-11,0.99399334192276,17047
chr2,hsa01100,Metabolic pathways - Homo sapiens (human),Brain_Substantia_nigra,chr2_112558962_C_A_b38,rs62158591,ENSG00000125630.16,POLR1B,84172,3.73659369187708e-11,0.99399334192276,17047
chr2,hsa03020,RNA polymerase - Homo sapiens (human),Brain_Substantia_nigra,chr2_112558962_C_A_b38,rs62158591,ENSG00000125630.16,POLR1B,84172,3.73659369187708e-11,0.99399334192276,17047
chr2,hsa00230,Purine metabolism - Homo sapiens (human),Brain_Substantia_nigra,chr2_112560404_C_T_b38,rs3961914,ENSG00000125630.16,POLR1B,84172,3.2357966092009e-16,0.969748497009277,18489
chr2,hsa00240,Pyrimidine metabolism - Homo sapiens (human),Brain_Substantia_nigra,chr2_112560404_C_T_b38,rs3961914,ENSG00000125630.16,POLR1B,84172,3.2357966092009e-16,0.969748497009277,18489
chr2,hsa01100,Metabolic pathways - Homo sapiens (human),Brain_Substantia_nigra,chr2_112560404_C_T_b38,rs3961914,ENSG00000125630.16,POLR1B,84172,3.2357966092009e-16,0.969748497009277,18489
chr2,hsa03020,RNA polymerase - Homo sapiens (human),Brain_Substantia_nigra,chr2_112560404_C_T_b38,rs3961914,ENSG00000125630.16,POLR1B,84172,3.2357966092009e-16,0.969748497009277,18489
chr2,hsa00230,Purine metabolism - Homo sapiens (human),Brain_Substantia_nigra,chr2_112571945_T_C_b38,rs13395779,ENSG00000125630.16,POLR1B,84172,9.6131946648653e-16,1.01789367198944,30030
chr2,hsa00240,Pyrimidine metabolism - Homo sapiens (human),Brain_Substantia_nigra,chr2_112571945_T_C_b38,rs13395779,ENSG00000125630.16,POLR1B,84172,9.6131946648653e-16,1.01789367198944,30030
chr2,hsa01100,Metabolic pathways - Homo sapiens (human),Brain_Substantia_nigra,chr2_112571945_T_C_b38,rs13395779,ENSG00000125630.16,POLR1B,84172,9.6131946648653e-16,1.01789367198944,30030
chr2,hsa03020,RNA polymerase - Homo sapiens (human),Brain_Substantia_nigra,chr2_112571945_T_C_b38,rs13395779,ENSG00000125630.16,POLR1B,84172,9.6131946648653e-16,1.01789367198944,30030
chr2,hsa00230,Purine metabolism - Homo sapiens (human),Brain_Substantia_nigra,chr2_112572050_C_T_b38,rs7607358,ENSG00000125630.16,POLR1B,84172,6.26004564350629e-13,-0.603525042533875,30135
chr2,hsa00240,Pyrimidine metabolism - Homo sapiens (human),Brain_Substantia_nigra,chr2_112572050_C_T_b38,rs7607358,ENSG00000125630.16,POLR1B,84172,6.26004564350629e-13,-0.603525042533875,30135
chr2,hsa01100,Metabolic pathways - Homo sapiens (human),Brain_Substantia_nigra,chr2_112572050_C_T_b38,rs7607358,ENSG00000125630.16,POLR1B,84172,6.26004564350629e-13,-0.603525042533875,30135
chr2,hsa03020,RNA polymerase - Homo sapiens (human),Brain_Substantia_nigra,chr2_112572050_C_T_b38,rs7607358,ENSG00000125630.16,POLR1B,84172,6.26004564350629e-13,-0.603525042533875,30135
chr2,hsa00230,Purine metabolism - Homo sapiens (human),Brain_Substantia_nigra,chr2_112574057_T_C_b38,rs10183849,ENSG00000125630.16,POLR1B,84172,3.1263645301265e-17,1.01451230049133,32142
chr2,hsa00240,Pyrimidine metabolism - Homo sapiens (human),Brain_Substantia_nigra,chr2_112574057_T_C_b38,rs10183849,ENSG00000125630.16,POLR1B,84172,3.1263645301265e-17,1.01451230049133,32142
chr2,hsa01100,Metabolic pathways - Homo sapiens (human),Brain_Substantia_nigra,chr2_112574057_T_C_b38,rs10183849,ENSG00000125630.16,POLR1B,84172,3.1263645301265e-17,1.01451230049133,32142
chr2,hsa03020,RNA polymerase - Homo sapiens (human),Brain_Substantia_nigra,chr2_112574057_T_C_b38,rs10183849,ENSG00000125630.16,POLR1B,84172,3.1263645301265e-17,1.01451230049133,32142
chr2,hsa00230,Purine metabolism - Homo sapiens (human),Brain_Substantia_nigra,chr2_112574125_C_G_b38,rs10169290,ENSG00000125630.16,POLR1B,84172,3.1263645301265e-17,1.01451230049133,32210
chr2,hsa00240,Pyrimidine metabolism - Homo sapiens (human),Brain_Substantia_nigra,chr2_112574125_C_G_b38,rs10169290,ENSG00000125630.16,POLR1B,84172,3.1263645301265e-17,1.01451230049133,32210
chr2,hsa01100,Metabolic pathways - Homo sapiens (human),Brain_Substantia_nigra,chr2_112574125_C_G_b38,rs10169290,ENSG00000125630.16,POLR1B,84172,3.1263645301265e-17,1.01451230049133,32210
chr2,hsa03020,RNA polymerase - Homo sapiens (human),Brain_Substantia_nigra,chr2_112574125_C_G_b38,rs10169290,ENSG00000125630.16,POLR1B,84172,3.1263645301265e-17,1.01451230049133,32210
chr2,hsa00230,Purine metabolism - Homo sapiens (human),Brain_Substantia_nigra,chr2_112574694_C_G_b38,rs62158643,ENSG00000125630.16,POLR1B,84172,1.83288099406429e-13,1.03050446510315,32779
chr2,hsa00240,Pyrimidine metabolism - Homo sapiens (human),Brain_Substantia_nigra,chr2_112574694_C_G_b38,rs62158643,ENSG00000125630.16,POLR1B,84172,1.83288099406429e-13,1.03050446510315,32779
chr2,hsa01100,Metabolic pathways - Homo sapiens (human),Brain_Substantia_nigra,chr2_112574694_C_G_b38,rs62158643,ENSG00000125630.16,POLR1B,84172,1.83288099406429e-13,1.03050446510315,32779
chr2,hsa03020,RNA polymerase - Homo sapiens (human),Brain_Substantia_nigra,chr2_112574694_C_G_b38,rs62158643,ENSG00000125630.16,POLR1B,84172,1.83288099406429e-13,1.03050446510315,32779
chr2,hsa00230,Purine metabolism - Homo sapiens (human),Brain_Substantia_nigra,chr2_112574844_T_C_b38,rs10169344,ENSG00000125630.16,POLR1B,84172,3.12639237685179e-17,1.01451218128204,32929
chr2,hsa00240,Pyrimidine metabolism - Homo sapiens (human),Brain_Substantia_nigra,chr2_112574844_T_C_b38,rs10169344,ENSG00000125630.16,POLR1B,84172,3.12639237685179e-17,1.01451218128204,32929
chr2,hsa01100,Metabolic pathways - Homo sapiens (human),Brain_Substantia_nigra,chr2_112574844_T_C_b38,rs10169344,ENSG00000125630.16,POLR1B,84172,3.12639237685179e-17,1.01451218128204,32929
chr2,hsa03020,RNA polymerase - Homo sapiens (human),Brain_Substantia_nigra,chr2_112574844_T_C_b38,rs10169344,ENSG00000125630.16,POLR1B,84172,3.12639237685179e-17,1.01451218128204,32929
chr2,hsa00230,Purine metabolism - Homo sapiens (human),Brain_Substantia_nigra,chr2_112575833_C_T_b38,rs10205187,ENSG00000125630.16,POLR1B,84172,3.1263645301265e-17,1.01451230049133,33918
chr2,hsa00240,Pyrimidine metabolism - Homo sapiens (human),Brain_Substantia_nigra,chr2_112575833_C_T_b38,rs10205187,ENSG00000125630.16,POLR1B,84172,3.1263645301265e-17,1.01451230049133,33918
chr2,hsa01100,Metabolic pathways - Homo sapiens (human),Brain_Substantia_nigra,chr2_112575833_C_T_b38,rs10205187,ENSG00000125630.16,POLR1B,84172,3.1263645301265e-17,1.01451230049133,33918
chr2,hsa03020,RNA polymerase - Homo sapiens (human),Brain_Substantia_nigra,chr2_112575833_C_T_b38,rs10205187,ENSG00000125630.16,POLR1B,84172,3.1263645301265e-17,1.01451230049133,33918
chr2,hsa00230,Purine metabolism - Homo sapiens (human),Brain_Substantia_nigra,chr2_112576315_TTTG_T_b38,rs137910424,ENSG00000125630.16,POLR1B,84172,1.83288099406429e-13,1.03050446510315,34400
chr2,hsa00240,Pyrimidine metabolism - Homo sapiens (human),Brain_Substantia_nigra,chr2_112576315_TTTG_T_b38,rs137910424,ENSG00000125630.16,POLR1B,84172,1.83288099406429e-13,1.03050446510315,34400
chr2,hsa01100,Metabolic pathways - Homo sapiens (human),Brain_Substantia_nigra,chr2_112576315_TTTG_T_b38,rs137910424,ENSG00000125630.16,POLR1B,84172,1.83288099406429e-13,1.03050446510315,34400
chr2,hsa03020,RNA polymerase - Homo sapiens (human),Brain_Substantia_nigra,chr2_112576315_TTTG_T_b38,rs137910424,ENSG00000125630.16,POLR1B,84172,1.83288099406429e-13,1.03050446510315,34400
chr2,hsa00230,Purine metabolism - Homo sapiens (human),Brain_Substantia_nigra,chr2_112578042_A_T_b38,rs13395691,ENSG00000125630.16,POLR1B,84172,1.83288099406429e-13,1.03050446510315,36127
chr2,hsa00240,Pyrimidine metabolism - Homo sapiens (human),Brain_Substantia_nigra,chr2_112578042_A_T_b38,rs13395691,ENSG00000125630.16,POLR1B,84172,1.83288099406429e-13,1.03050446510315,36127
chr2,hsa01100,Metabolic pathways - Homo sapiens (human),Brain_Substantia_nigra,chr2_112578042_A_T_b38,rs13395691,ENSG00000125630.16,POLR1B,84172,1.83288099406429e-13,1.03050446510315,36127
chr2,hsa03020,RNA polymerase - Homo sapiens (human),Brain_Substantia_nigra,chr2_112578042_A_T_b38,rs13395691,ENSG00000125630.16,POLR1B,84172,1.83288099406429e-13,1.03050446510315,36127
chr2,hsa00230,Purine metabolism - Homo sapiens (human),Brain_Substantia_nigra,chr2_112579037_G_A_b38,rs12618629,ENSG00000125630.16,POLR1B,84172,1.10387243038983e-08,-0.469384104013443,37122
chr2,hsa00240,Pyrimidine metabolism - Homo sapiens (human),Brain_Substantia_nigra,chr2_112579037_G_A_b38,rs12618629,ENSG00000125630.16,POLR1B,84172,1.10387243038983e-08,-0.469384104013443,37122
chr2,hsa01100,Metabolic pathways - Homo sapiens (human),Brain_Substantia_nigra,chr2_112579037_G_A_b38,rs12618629,ENSG00000125630.16,POLR1B,84172,1.10387243038983e-08,-0.469384104013443,37122
chr2,hsa03020,RNA polymerase - Homo sapiens (human),Brain_Substantia_nigra,chr2_112579037_G_A_b38,rs12618629,ENSG00000125630.16,POLR1B,84172,1.10387243038983e-08,-0.469384104013443,37122
chr2,hsa00230,Purine metabolism - Homo sapiens (human),Brain_Substantia_nigra,chr2_112579776_A_G_b38,rs62158644,ENSG00000125630.16,POLR1B,84172,1.83288099406429e-13,1.03050446510315,37861
chr2,hsa00240,Pyrimidine metabolism - Homo sapiens (human),Brain_Substantia_nigra,chr2_112579776_A_G_b38,rs62158644,ENSG00000125630.16,POLR1B,84172,1.83288099406429e-13,1.03050446510315,37861
chr2,hsa01100,Metabolic pathways - Homo sapiens (human),Brain_Substantia_nigra,chr2_112579776_A_G_b38,rs62158644,ENSG00000125630.16,POLR1B,84172,1.83288099406429e-13,1.03050446510315,37861
chr2,hsa03020,RNA polymerase - Homo sapiens (human),Brain_Substantia_nigra,chr2_112579776_A_G_b38,rs62158644,ENSG00000125630.16,POLR1B,84172,1.83288099406429e-13,1.03050446510315,37861
chr2,hsa00230,Purine metabolism - Homo sapiens (human),Brain_Substantia_nigra,chr2_112580986_C_T_b38,rs35832933,ENSG00000125630.16,POLR1B,84172,1.10386968524749e-08,-0.469384133815765,39071
chr2,hsa00240,Pyrimidine metabolism - Homo sapiens (human),Brain_Substantia_nigra,chr2_112580986_C_T_b38,rs35832933,ENSG00000125630.16,POLR1B,84172,1.10386968524749e-08,-0.469384133815765,39071
chr2,hsa01100,Metabolic pathways - Homo sapiens (human),Brain_Substantia_nigra,chr2_112580986_C_T_b38,rs35832933,ENSG00000125630.16,POLR1B,84172,1.10386968524749e-08,-0.469384133815765,39071
chr2,hsa03020,RNA polymerase - Homo sapiens (human),Brain_Substantia_nigra,chr2_112580986_C_T_b38,rs35832933,ENSG00000125630.16,POLR1B,84172,1.10386968524749e-08,-0.469384133815765,39071
chr2,hsa00230,Purine metabolism - Homo sapiens (human),Brain_Substantia_nigra,chr2_112582212_T_A_b38,rs11687159,ENSG00000125630.16,POLR1B,84172,6.63514385603175e-13,-0.593862295150757,40297
chr2,hsa00240,Pyrimidine metabolism - Homo sapiens (human),Brain_Substantia_nigra,chr2_112582212_T_A_b38,rs11687159,ENSG00000125630.16,POLR1B,84172,6.63514385603175e-13,-0.593862295150757,40297
chr2,hsa01100,Metabolic pathways - Homo sapiens (human),Brain_Substantia_nigra,chr2_112582212_T_A_b38,rs11687159,ENSG00000125630.16,POLR1B,84172,6.63514385603175e-13,-0.593862295150757,40297
chr2,hsa03020,RNA polymerase - Homo sapiens (human),Brain_Substantia_nigra,chr2_112582212_T_A_b38,rs11687159,ENSG00000125630.16,POLR1B,84172,6.63514385603175e-13,-0.593862295150757,40297
chr2,hsa00230,Purine metabolism - Homo sapiens (human),Brain_Substantia_nigra,chr2_112582529_A_G_b38,rs57339041,ENSG00000125630.16,POLR1B,84172,1.83288099406429e-13,1.03050446510315,40614
chr2,hsa00240,Pyrimidine metabolism - Homo sapiens (human),Brain_Substantia_nigra,chr2_112582529_A_G_b38,rs57339041,ENSG00000125630.16,POLR1B,84172,1.83288099406429e-13,1.03050446510315,40614
chr2,hsa01100,Metabolic pathways - Homo sapiens (human),Brain_Substantia_nigra,chr2_112582529_A_G_b38,rs57339041,ENSG00000125630.16,POLR1B,84172,1.83288099406429e-13,1.03050446510315,40614
chr2,hsa03020,RNA polymerase - Homo sapiens (human),Brain_Substantia_nigra,chr2_112582529_A_G_b38,rs57339041,ENSG00000125630.16,POLR1B,84172,1.83288099406429e-13,1.03050446510315,40614
chr2,hsa00230,Purine metabolism - Homo sapiens (human),Brain_Substantia_nigra,chr2_112584474_G_T_b38,rs3748026,ENSG00000125630.16,POLR1B,84172,1.83288099406429e-13,1.03050446510315,42559
chr2,hsa00240,Pyrimidine metabolism - Homo sapiens (human),Brain_Substantia_nigra,chr2_112584474_G_T_b38,rs3748026,ENSG00000125630.16,POLR1B,84172,1.83288099406429e-13,1.03050446510315,42559
chr2,hsa01100,Metabolic pathways - Homo sapiens (human),Brain_Substantia_nigra,chr2_112584474_G_T_b38,rs3748026,ENSG00000125630.16,POLR1B,84172,1.83288099406429e-13,1.03050446510315,42559
chr2,hsa03020,RNA polymerase - Homo sapiens (human),Brain_Substantia_nigra,chr2_112584474_G_T_b38,rs3748026,ENSG00000125630.16,POLR1B,84172,1.83288099406429e-13,1.03050446510315,42559
chr2,hsa00230,Purine metabolism - Homo sapiens (human),Brain_Substantia_nigra,chr2_112584989_C_T_b38,rs719668,ENSG00000125630.16,POLR1B,84172,4.32580247110207e-12,-0.588911592960358,43074
chr2,hsa00240,Pyrimidine metabolism - Homo sapiens (human),Brain_Substantia_nigra,chr2_112584989_C_T_b38,rs719668,ENSG00000125630.16,POLR1B,84172,4.32580247110207e-12,-0.588911592960358,43074
chr2,hsa01100,Metabolic pathways - Homo sapiens (human),Brain_Substantia_nigra,chr2_112584989_C_T_b38,rs719668,ENSG00000125630.16,POLR1B,84172,4.32580247110207e-12,-0.588911592960358,43074
chr2,hsa03020,RNA polymerase - Homo sapiens (human),Brain_Substantia_nigra,chr2_112584989_C_T_b38,rs719668,ENSG00000125630.16,POLR1B,84172,4.32580247110207e-12,-0.588911592960358,43074
chr2,hsa00230,Purine metabolism - Homo sapiens (human),Brain_Substantia_nigra,chr2_112585105_C_T_b38,rs719667,ENSG00000125630.16,POLR1B,84172,3.5741872893991e-08,-0.44796296954155,43190
chr2,hsa00240,Pyrimidine metabolism - Homo sapiens (human),Brain_Substantia_nigra,chr2_112585105_C_T_b38,rs719667,ENSG00000125630.16,POLR1B,84172,3.5741872893991e-08,-0.44796296954155,43190
chr2,hsa01100,Metabolic pathways - Homo sapiens (human),Brain_Substantia_nigra,chr2_112585105_C_T_b38,rs719667,ENSG00000125630.16,POLR1B,84172,3.5741872893991e-08,-0.44796296954155,43190
chr2,hsa03020,RNA polymerase - Homo sapiens (human),Brain_Substantia_nigra,chr2_112585105_C_T_b38,rs719667,ENSG00000125630.16,POLR1B,84172,3.5741872893991e-08,-0.44796296954155,43190
chr2,hsa04060,Cytokine-cytokine receptor interaction - Homo sapiens (human),Brain_Substantia_nigra,chr2_102274510_T_C_b38,rs1115282,ENSG00000115604.12,IL18R1,8809,3.08457431682603e-12,-0.472504496574402,-81286
chr2,hsa04060,Cytokine-cytokine receptor interaction - Homo sapiens (human),Brain_Substantia_nigra,chr2_102275189_T_C_b38,rs11123917,ENSG00000115604.12,IL18R1,8809,3.08457431682603e-12,-0.472504496574402,-80607
chr2,hsa04060,Cytokine-cytokine receptor interaction - Homo sapiens (human),Brain_Substantia_nigra,chr2_102287784_A_C_b38,rs11683213,ENSG00000115604.12,IL18R1,8809,2.22661753789987e-13,-0.507885098457336,-68012
chr2,hsa04060,Cytokine-cytokine receptor interaction - Homo sapiens (human),Brain_Substantia_nigra,chr2_102300774_T_C_b38,rs1420091,ENSG00000115604.12,IL18R1,8809,6.14820585221362e-21,-0.601625263690949,-55022
chr2,hsa04060,Cytokine-cytokine receptor interaction - Homo sapiens (human),Brain_Substantia_nigra,chr2_102301328_T_C_b38,rs4399750,ENSG00000115604.12,IL18R1,8809,6.14820585221362e-21,-0.601625263690949,-54468
chr2,hsa04060,Cytokine-cytokine receptor interaction - Homo sapiens (human),Brain_Substantia_nigra,chr2_102302141_C_G_b38,rs2110660,ENSG00000115604.12,IL18R1,8809,2.44633521111792e-24,-0.658332467079163,-53655
chr2,hsa04060,Cytokine-cytokine receptor interaction - Homo sapiens (human),Brain_Substantia_nigra,chr2_102302465_ATAT_A_b38,rs35727090,ENSG00000115604.12,IL18R1,8809,6.14820585221362e-21,-0.601625263690949,-53331
chr2,hsa04060,Cytokine-cytokine receptor interaction - Homo sapiens (human),Brain_Substantia_nigra,chr2_102302845_T_C_b38,rs1420090,ENSG00000115604.12,IL18R1,8809,6.14820585221362e-21,-0.601625263690949,-52951
chr2,hsa04060,Cytokine-cytokine receptor interaction - Homo sapiens (human),Brain_Substantia_nigra,chr2_102302966_T_A_b38,rs7565653,ENSG00000115604.12,IL18R1,8809,6.14820585221362e-21,-0.601625263690949,-52830
chr2,hsa04060,Cytokine-cytokine receptor interaction - Homo sapiens (human),Brain_Substantia_nigra,chr2_102303577_T_C_b38,rs7568913,ENSG00000115604.12,IL18R1,8809,3.7675243266933e-24,-0.663060247898102,-52219
chr2,hsa04060,Cytokine-cytokine receptor interaction - Homo sapiens (human),Brain_Substantia_nigra,chr2_102305323_T_G_b38,rs10179654,ENSG00000115604.12,IL18R1,8809,3.7675243266933e-24,-0.663060247898102,-50473
chr2,hsa04060,Cytokine-cytokine receptor interaction - Homo sapiens (human),Brain_Substantia_nigra,chr2_102306527_C_G_b38,rs4090473,ENSG00000115604.12,IL18R1,8809,6.14820585221362e-21,-0.601625263690949,-49269
chr2,hsa04060,Cytokine-cytokine receptor interaction - Homo sapiens (human),Brain_Substantia_nigra,chr2_102308089_C_T_b38,rs12476925,ENSG00000115604.12,IL18R1,8809,1.86081356795758e-23,-0.636010587215424,-47707
chr2,hsa04060,Cytokine-cytokine receptor interaction - Homo sapiens (human),Brain_Substantia_nigra,chr2_102308202_C_T_b38,rs12476968,ENSG00000115604.12,IL18R1,8809,1.86081356795758e-23,-0.636010587215424,-47594
chr2,hsa04060,Cytokine-cytokine receptor interaction - Homo sapiens (human),Brain_Substantia_nigra,chr2_102309860_T_C_b38,rs6721346,ENSG00000115604.12,IL18R1,8809,1.86081356795758e-23,-0.636010587215424,-45936
chr2,hsa04060,Cytokine-cytokine receptor interaction - Homo sapiens (human),Brain_Substantia_nigra,chr2_102309902_G_A_b38,rs12470864,ENSG00000115604.12,IL18R1,8809,4.20216021057767e-08,-0.413060188293457,-45894
chr2,hsa04060,Cytokine-cytokine receptor interaction - Homo sapiens (human),Brain_Substantia_nigra,chr2_102310051_T_C_b38,rs10178436,ENSG00000115604.12,IL18R1,8809,3.7675243266933e-24,-0.663060247898102,-45745
chr2,hsa04060,Cytokine-cytokine receptor interaction - Homo sapiens (human),Brain_Substantia_nigra,chr2_102310340_A_T_b38,rs11679191,ENSG00000115604.12,IL18R1,8809,1.86081356795758e-23,-0.636010587215424,-45456
chr2,hsa04060,Cytokine-cytokine receptor interaction - Homo sapiens (human),Brain_Substantia_nigra,chr2_102310521_G_A_b38,rs11685424,ENSG00000115604.12,IL18R1,8809,1.86081356795758e-23,-0.636010587215424,-45275
chr2,hsa04060,Cytokine-cytokine receptor interaction - Homo sapiens (human),Brain_Substantia_nigra,chr2_102310626_G_A_b38,rs11685480,ENSG00000115604.12,IL18R1,8809,6.14820585221362e-21,-0.601625263690949,-45170
chr2,hsa04060,Cytokine-cytokine receptor interaction - Homo sapiens (human),Brain_Substantia_nigra,chr2_102312552_T_C_b38,rs6733174,ENSG00000115604.12,IL18R1,8809,1.86081356795758e-23,-0.636010587215424,-43244
chr2,hsa04060,Cytokine-cytokine receptor interaction - Homo sapiens (human),Brain_Substantia_nigra,chr2_102313009_G_A_b38,rs6543118,ENSG00000115604.12,IL18R1,8809,2.80503919375228e-23,-0.640503108501434,-42787
chr2,hsa04060,Cytokine-cytokine receptor interaction - Homo sapiens (human),Brain_Substantia_nigra,chr2_102313687_G_A_b38,rs1558622,ENSG00000115604.12,IL18R1,8809,6.14820585221362e-21,-0.601625263690949,-42109
chr2,hsa04060,Cytokine-cytokine receptor interaction - Homo sapiens (human),Brain_Substantia_nigra,chr2_102313847_A_G_b38,rs1558621,ENSG00000115604.12,IL18R1,8809,1.86081356795758e-23,-0.636010587215424,-41949
chr2,hsa04060,Cytokine-cytokine receptor interaction - Homo sapiens (human),Brain_Substantia_nigra,chr2_102313920_A_G_b38,rs10189202,ENSG00000115604.12,IL18R1,8809,6.14820585221362e-21,-0.601625263690949,-41876
chr2,hsa04060,Cytokine-cytokine receptor interaction - Homo sapiens (human),Brain_Substantia_nigra,chr2_102314145_T_TAGC_b38,.,ENSG00000115604.12,IL18R1,8809,6.14820585221362e-21,-0.601625263690949,-41651
chr2,hsa04060,Cytokine-cytokine receptor interaction - Homo sapiens (human),Brain_Substantia_nigra,chr2_102314197_T_C_b38,rs10191914,ENSG00000115604.12,IL18R1,8809,6.14820585221362e-21,-0.601625263690949,-41599
chr2,hsa04060,Cytokine-cytokine receptor interaction - Homo sapiens (human),Brain_Substantia_nigra,chr2_102314421_A_G_b38,rs10189711,ENSG00000115604.12,IL18R1,8809,1.86081356795758e-23,-0.636010587215424,-41375
chr2,hsa04060,Cytokine-cytokine receptor interaction - Homo sapiens (human),Brain_Substantia_nigra,chr2_102314488_A_G_b38,rs12712135,ENSG00000115604.12,IL18R1,8809,3.7675243266933e-24,-0.663060247898102,-41308
chr2,hsa04060,Cytokine-cytokine receptor interaction - Homo sapiens (human),Brain_Substantia_nigra,chr2_102314935_T_C_b38,rs1558620,ENSG00000115604.12,IL18R1,8809,6.14820585221362e-21,-0.601625263690949,-40861
chr2,hsa04060,Cytokine-cytokine receptor interaction - Homo sapiens (human),Brain_Substantia_nigra,chr2_102315090_G_T_b38,rs1558619,ENSG00000115604.12,IL18R1,8809,2.89956591473733e-23,-0.634296000003815,-40706
chr2,hsa04060,Cytokine-cytokine receptor interaction - Homo sapiens (human),Brain_Substantia_nigra,chr2_102315342_A_G_b38,rs12996505,ENSG00000115604.12,IL18R1,8809,1.03199557767844e-20,-0.604427695274353,-40454
chr2,hsa04060,Cytokine-cytokine receptor interaction - Homo sapiens (human),Brain_Substantia_nigra,chr2_102315366_C_G_b38,rs13020553,ENSG00000115604.12,IL18R1,8809,4.20216021057767e-08,-0.413060188293457,-40430
chr2,hsa04060,Cytokine-cytokine receptor interaction - Homo sapiens (human),Brain_Substantia_nigra,chr2_102315466_C_T_b38,rs13020793,ENSG00000115604.12,IL18R1,8809,6.14820585221362e-21,-0.601625263690949,-40330
chr2,hsa04060,Cytokine-cytokine receptor interaction - Homo sapiens (human),Brain_Substantia_nigra,chr2_102315787_C_T_b38,rs10183388,ENSG00000115604.12,IL18R1,8809,1.03199557767844e-20,-0.604427695274353,-40009
chr2,hsa04060,Cytokine-cytokine receptor interaction - Homo sapiens (human),Brain_Substantia_nigra,chr2_102315833_C_T_b38,rs953934,ENSG00000115604.12,IL18R1,8809,1.11081121542104e-22,-0.636591613292694,-39963
chr2,hsa04060,Cytokine-cytokine receptor interaction - Homo sapiens (human),Brain_Substantia_nigra,chr2_102316102_C_A_b38,rs950880,ENSG00000115604.12,IL18R1,8809,4.20216021057767e-08,-0.413060188293457,-39694
chr2,hsa04060,Cytokine-cytokine receptor interaction - Homo sapiens (human),Brain_Substantia_nigra,chr2_102317092_C_T_b38,rs1968171,ENSG00000115604.12,IL18R1,8809,6.14820585221362e-21,-0.601625263690949,-38704
chr2,hsa04060,Cytokine-cytokine receptor interaction - Homo sapiens (human),Brain_Substantia_nigra,chr2_102317298_A_G_b38,rs4613307,ENSG00000115604.12,IL18R1,8809,6.14820585221362e-21,-0.601625263690949,-38498
chr2,hsa04060,Cytokine-cytokine receptor interaction - Homo sapiens (human),Brain_Substantia_nigra,chr2_102317342_G_A_b38,rs1968170,ENSG00000115604.12,IL18R1,8809,6.14820585221362e-21,-0.601625263690949,-38454
chr2,hsa04060,Cytokine-cytokine receptor interaction - Homo sapiens (human),Brain_Substantia_nigra,chr2_102318777_T_C_b38,rs11123918,ENSG00000115604.12,IL18R1,8809,6.14820585221362e-21,-0.601625263690949,-37019
chr2,hsa04060,Cytokine-cytokine receptor interaction - Homo sapiens (human),Brain_Substantia_nigra,chr2_102319345_C_A_b38,rs10182639,ENSG00000115604.12,IL18R1,8809,6.14820585221362e-21,-0.601625263690949,-36451
chr2,hsa04060,Cytokine-cytokine receptor interaction - Homo sapiens (human),Brain_Substantia_nigra,chr2_102319671_T_A_b38,rs11690443,ENSG00000115604.12,IL18R1,8809,1.70720584462271e-20,-0.59493625164032,-36125
chr2,hsa04060,Cytokine-cytokine receptor interaction - Homo sapiens (human),Brain_Substantia_nigra,chr2_102319906_G_C_b38,rs12712136,ENSG00000115604.12,IL18R1,8809,1.70720584462271e-20,-0.59493625164032,-35890
chr2,hsa04060,Cytokine-cytokine receptor interaction - Homo sapiens (human),Brain_Substantia_nigra,chr2_102320521_G_A_b38,rs974389,ENSG00000115604.12,IL18R1,8809,2.63278493733275e-22,-0.621846556663513,-35275
chr2,hsa04060,Cytokine-cytokine receptor interaction - Homo sapiens (human),Brain_Substantia_nigra,chr2_102321022_G_A_b38,rs4142132,ENSG00000115604.12,IL18R1,8809,1.70720584462271e-20,-0.59493625164032,-34774
chr2,hsa04060,Cytokine-cytokine receptor interaction - Homo sapiens (human),Brain_Substantia_nigra,chr2_102321875_C_T_b38,rs971764,ENSG00000115604.12,IL18R1,8809,2.63278493733275e-22,-0.621846556663513,-33921
chr2,hsa04060,Cytokine-cytokine receptor interaction - Homo sapiens (human),Brain_Substantia_nigra,chr2_102322974_T_C_b38,rs1420088,ENSG00000115604.12,IL18R1,8809,1.70720584462271e-20,-0.59493625164032,-32822
chr2,hsa04060,Cytokine-cytokine receptor interaction - Homo sapiens (human),Brain_Substantia_nigra,chr2_102323373_C_T_b38,rs11123920,ENSG00000115604.12,IL18R1,8809,1.70720584462271e-20,-0.59493625164032,-32423
chr2,hsa04060,Cytokine-cytokine receptor interaction - Homo sapiens (human),Brain_Substantia_nigra,chr2_102323952_T_C_b38,rs6706844,ENSG00000115604.12,IL18R1,8809,2.63278493733275e-22,-0.621846556663513,-31844
chr2,hsa04060,Cytokine-cytokine receptor interaction - Homo sapiens (human),Brain_Substantia_nigra,chr2_102324539_A_G_b38,rs11674832,ENSG00000115604.12,IL18R1,8809,4.49125930851141e-20,-0.585972249507904,-31257
chr2,hsa04060,Cytokine-cytokine receptor interaction - Homo sapiens (human),Brain_Substantia_nigra,chr2_102324559_T_C_b38,rs11675988,ENSG00000115604.12,IL18R1,8809,1.70720584462271e-20,-0.59493625164032,-31237
chr2,hsa04060,Cytokine-cytokine receptor interaction - Homo sapiens (human),Brain_Substantia_nigra,chr2_102324614_G_T_b38,rs11679900,ENSG00000115604.12,IL18R1,8809,1.70720584462271e-20,-0.59493625164032,-31182
chr2,hsa04060,Cytokine-cytokine receptor interaction - Homo sapiens (human),Brain_Substantia_nigra,chr2_102324755_T_C_b38,rs11676075,ENSG00000115604.12,IL18R1,8809,1.70720584462271e-20,-0.59493625164032,-31041
chr2,hsa04060,Cytokine-cytokine receptor interaction - Homo sapiens (human),Brain_Substantia_nigra,chr2_102324878_T_C_b38,rs11676124,ENSG00000115604.12,IL18R1,8809,9.19982294195133e-12,-0.477390468120575,-30918
chr2,hsa04060,Cytokine-cytokine receptor interaction - Homo sapiens (human),Brain_Substantia_nigra,chr2_102325101_C_G_b38,rs11123921,ENSG00000115604.12,IL18R1,8809,1.70720584462271e-20,-0.59493625164032,-30695
chr2,hsa04060,Cytokine-cytokine receptor interaction - Homo sapiens (human),Brain_Substantia_nigra,chr2_102325255_A_C_b38,rs12992762,ENSG00000115604.12,IL18R1,8809,3.77801471091937e-22,-0.616059124469757,-30541
chr2,hsa04060,Cytokine-cytokine receptor interaction - Homo sapiens (human),Brain_Substantia_nigra,chr2_102325727_T_C_b38,rs11123922,ENSG00000115604.12,IL18R1,8809,1.70720584462271e-20,-0.59493625164032,-30069
chr2,hsa04060,Cytokine-cytokine receptor interaction - Homo sapiens (human),Brain_Substantia_nigra,chr2_102326926_G_T_b38,rs12725988,ENSG00000115604.12,IL18R1,8809,2.63278493733275e-22,-0.621846556663513,-28870
chr2,hsa04060,Cytokine-cytokine receptor interaction - Homo sapiens (human),Brain_Substantia_nigra,chr2_102328781_G_A_b38,rs76520363,ENSG00000115604.12,IL18R1,8809,1.70720584462271e-20,-0.59493625164032,-27015
chr2,hsa04060,Cytokine-cytokine receptor interaction - Homo sapiens (human),Brain_Substantia_nigra,chr2_102328918_T_G_b38,rs76278109,ENSG00000115604.12,IL18R1,8809,3.77797128702526e-22,-0.616059184074402,-26878
chr2,hsa04060,Cytokine-cytokine receptor interaction - Homo sapiens (human),Brain_Substantia_nigra,chr2_102328956_A_T_b38,rs76886731,ENSG00000115604.12,IL18R1,8809,1.70720584462271e-20,-0.59493625164032,-26840
chr2,hsa04060,Cytokine-cytokine receptor interaction - Homo sapiens (human),Brain_Substantia_nigra,chr2_102329295_G_T_b38,rs150341880,ENSG00000115604.12,IL18R1,8809,1.70720584462271e-20,-0.59493625164032,-26501
chr2,hsa04060,Cytokine-cytokine receptor interaction - Homo sapiens (human),Brain_Substantia_nigra,chr2_102329622_T_G_b38,rs75392560,ENSG00000115604.12,IL18R1,8809,1.70720584462271e-20,-0.59493625164032,-26174
chr2,hsa04060,Cytokine-cytokine receptor interaction - Homo sapiens (human),Brain_Substantia_nigra,chr2_102329651_A_G_b38,rs76498201,ENSG00000115604.12,IL18R1,8809,1.70720584462271e-20,-0.59493625164032,-26145
chr2,hsa04060,Cytokine-cytokine receptor interaction - Homo sapiens (human),Brain_Substantia_nigra,chr2_102330741_A_T_b38,rs12996772,ENSG00000115604.12,IL18R1,8809,1.70720584462271e-20,-0.59493625164032,-25055
chr2,hsa04060,Cytokine-cytokine receptor interaction - Homo sapiens (human),Brain_Substantia_nigra,chr2_102332359_C_T_b38,rs1420102,ENSG00000115604.12,IL18R1,8809,3.77801471091937e-22,-0.616059124469757,-23437
chr2,hsa04060,Cytokine-cytokine receptor interaction - Homo sapiens (human),Brain_Substantia_nigra,chr2_102332479_A_G_b38,rs12466380,ENSG00000115604.12,IL18R1,8809,1.70720584462271e-20,-0.59493625164032,-23317
chr2,hsa04060,Cytokine-cytokine receptor interaction - Homo sapiens (human),Brain_Substantia_nigra,chr2_102332845_C_CA_b38,.,ENSG00000115604.12,IL18R1,8809,1.60194732836297e-17,-0.565378129482269,-22951
chr2,hsa04060,Cytokine-cytokine receptor interaction - Homo sapiens (human),Brain_Substantia_nigra,chr2_102334602_C_A_b38,rs12712140,ENSG00000115604.12,IL18R1,8809,1.70720584462271e-20,-0.59493625164032,-21194
chr2,hsa04060,Cytokine-cytokine receptor interaction - Homo sapiens (human),Brain_Substantia_nigra,chr2_102334613_A_G_b38,rs1997467,ENSG00000115604.12,IL18R1,8809,1.70720584462271e-20,-0.59493625164032,-21183
chr2,hsa04060,Cytokine-cytokine receptor interaction - Homo sapiens (human),Brain_Substantia_nigra,chr2_102335007_C_G_b38,rs1997466,ENSG00000115604.12,IL18R1,8809,1.70720584462271e-20,-0.59493625164032,-20789
chr2,hsa04060,Cytokine-cytokine receptor interaction - Homo sapiens (human),Brain_Substantia_nigra,chr2_102335338_G_C_b38,rs1362350,ENSG00000115604.12,IL18R1,8809,1.70720584462271e-20,-0.59493625164032,-20458
chr2,hsa04060,Cytokine-cytokine receptor interaction - Homo sapiens (human),Brain_Substantia_nigra,chr2_102335389_G_GA_b38,rs5833009,ENSG00000115604.12,IL18R1,8809,1.90822285254401e-21,-0.601148128509522,-20407
chr2,hsa04060,Cytokine-cytokine receptor interaction - Homo sapiens (human),Brain_Substantia_nigra,chr2_102335512_G_C_b38,rs1362349,ENSG00000115604.12,IL18R1,8809,1.03267436251016e-19,-0.584786891937256,-20284
chr2,hsa04060,Cytokine-cytokine receptor interaction - Homo sapiens (human),Brain_Substantia_nigra,chr2_102336607_T_C_b38,rs12712141,ENSG00000115604.12,IL18R1,8809,1.03267436251016e-19,-0.584786891937256,-19189
chr2,hsa04060,Cytokine-cytokine receptor interaction - Homo sapiens (human),Brain_Substantia_nigra,chr2_102337730_T_C_b38,rs59247511,ENSG00000115604.12,IL18R1,8809,1.03267436251016e-19,-0.584786891937256,-18066
chr2,hsa04060,Cytokine-cytokine receptor interaction - Homo sapiens (human),Brain_Substantia_nigra,chr2_102399756_G_A_b38,rs55664618,ENSG00000115604.12,IL18R1,8809,4.47426931180566e-14,-0.486345559358597,43960
chr2,hsa04060,Cytokine-cytokine receptor interaction - Homo sapiens (human),Brain_Substantia_nigra,chr2_102448043_A_G_b38,rs11465727,ENSG00000115604.12,IL18R1,8809,3.30097784029022e-15,-0.511156022548676,92247
chr2,hsa04060,Cytokine-cytokine receptor interaction - Homo sapiens (human),Brain_Substantia_nigra,chr2_102448051_T_A_b38,rs11465728,ENSG00000115604.12,IL18R1,8809,3.30097784029022e-15,-0.511156022548676,92255
chr2,hsa04060,Cytokine-cytokine receptor interaction - Homo sapiens (human),Brain_Substantia_nigra,chr2_102448052_G_T_b38,rs11465729,ENSG00000115604.12,IL18R1,8809,3.30097784029022e-15,-0.511156022548676,92256
chr2,hsa04060,Cytokine-cytokine receptor interaction - Homo sapiens (human),Brain_Substantia_nigra,chr2_102450398_A_G_b38,rs11465730,ENSG00000115604.12,IL18R1,8809,4.98476899575419e-15,-0.499832838773727,94602
chr2,hsa04060,Cytokine-cytokine receptor interaction - Homo sapiens (human),Brain_Substantia_nigra,chr2_102456833_A_G_b38,rs11677555,ENSG00000115604.12,IL18R1,8809,4.98472990828928e-15,-0.499832898378372,101037
chr2,hsa04060,Cytokine-cytokine receptor interaction - Homo sapiens (human),Brain_Substantia_nigra,chr2_102457490_G_T_b38,rs6728475,ENSG00000115604.12,IL18R1,8809,4.98476899575419e-15,-0.499832838773727,101694
chr2,hsa04060,Cytokine-cytokine receptor interaction - Homo sapiens (human),Brain_Substantia_nigra,chr2_102460109_A_C_b38,rs6705385,ENSG00000115604.12,IL18R1,8809,9.12440215269647e-15,-0.493571400642395,104313
chr2,hsa04060,Cytokine-cytokine receptor interaction - Homo sapiens (human),Brain_Substantia_nigra,chr2_102460210_A_G_b38,rs6705498,ENSG00000115604.12,IL18R1,8809,4.98472990828928e-15,-0.499832898378372,104414
chr2,hsa04060,Cytokine-cytokine receptor interaction - Homo sapiens (human),Brain_Substantia_nigra,chr2_102460428_G_T_b38,rs6719196,ENSG00000115604.12,IL18R1,8809,4.98476899575419e-15,-0.499832838773727,104632
chr2,hsa04060,Cytokine-cytokine receptor interaction - Homo sapiens (human),Brain_Substantia_nigra,chr2_102465235_C_A_b38,rs11676236,ENSG00000115604.12,IL18R1,8809,4.98472990828928e-15,-0.499832898378372,109439
chr2,hsa04060,Cytokine-cytokine receptor interaction - Homo sapiens (human),Brain_Substantia_nigra,chr2_102465261_G_A_b38,rs11687013,ENSG00000115604.12,IL18R1,8809,4.98476899575419e-15,-0.499832838773727,109465
chr2,hsa04060,Cytokine-cytokine receptor interaction - Homo sapiens (human),Brain_Substantia_nigra,chr2_102468797_C_G_b38,rs12463588,ENSG00000115604.12,IL18R1,8809,1.22487003341778e-14,-0.483504295349121,113001
chr2,hsa04060,Cytokine-cytokine receptor interaction - Homo sapiens (human),Brain_Substantia_nigra,chr2_102469589_G_C_b38,rs2310302,ENSG00000115604.12,IL18R1,8809,1.22487003341778e-14,-0.483504295349121,113793
chr2,hsa04060,Cytokine-cytokine receptor interaction - Homo sapiens (human),Brain_Substantia_nigra,chr2_102470298_T_C_b38,rs12469887,ENSG00000115604.12,IL18R1,8809,1.23197141793202e-14,-0.4874626994133,114502
chr2,hsa04060,Cytokine-cytokine receptor interaction - Homo sapiens (human),Brain_Substantia_nigra,chr2_102471192_G_A_b38,rs10195075,ENSG00000115604.12,IL18R1,8809,9.26179902454644e-15,-0.489276975393295,115396
chr2,hsa04060,Cytokine-cytokine receptor interaction - Homo sapiens (human),Brain_Substantia_nigra,chr2_102471202_T_G_b38,rs1403553,ENSG00000115604.12,IL18R1,8809,9.26187047489044e-15,-0.489276915788651,115406
chr2,hsa04060,Cytokine-cytokine receptor interaction - Homo sapiens (human),Brain_Substantia_nigra,chr2_102471716_G_T_b38,rs4140786,ENSG00000115604.12,IL18R1,8809,6.39464937791817e-15,-0.490325808525085,115920
chr2,hsa04060,Cytokine-cytokine receptor interaction - Homo sapiens (human),Brain_Substantia_nigra,chr2_102472618_G_C_b38,rs10201184,ENSG00000115604.12,IL18R1,8809,1.22487003341778e-14,-0.483504295349121,116822
chr2,hsa00604,Glycosphingolipid biosynthesis - ganglio series - Homo sapiens (human),Brain_Substantia_nigra,chr2_85886391_C_T_b38,rs1518991,ENSG00000115525.18,ST3GAL5,8869,1.02047789626202e-08,-0.292836755514145,-18808
chr2,hsa01100,Metabolic pathways - Homo sapiens (human),Brain_Substantia_nigra,chr2_85886391_C_T_b38,rs1518991,ENSG00000115525.18,ST3GAL5,8869,1.02047789626202e-08,-0.292836755514145,-18808
chr2,hsa00604,Glycosphingolipid biosynthesis - ganglio series - Homo sapiens (human),Brain_Substantia_nigra,chr2_85887129_C_A_b38,rs1878904,ENSG00000115525.18,ST3GAL5,8869,1.02047789626202e-08,-0.292836755514145,-18070
chr2,hsa01100,Metabolic pathways - Homo sapiens (human),Brain_Substantia_nigra,chr2_85887129_C_A_b38,rs1878904,ENSG00000115525.18,ST3GAL5,8869,1.02047789626202e-08,-0.292836755514145,-18070
chr2,hsa00604,Glycosphingolipid biosynthesis - ganglio series - Homo sapiens (human),Brain_Substantia_nigra,chr2_85889046_A_G_b38,rs28364794,ENSG00000115525.18,ST3GAL5,8869,6.98735795385314e-09,-0.292537927627564,-16153
chr2,hsa01100,Metabolic pathways - Homo sapiens (human),Brain_Substantia_nigra,chr2_85889046_A_G_b38,rs28364794,ENSG00000115525.18,ST3GAL5,8869,6.98735795385314e-09,-0.292537927627564,-16153
chr2,hsa00604,Glycosphingolipid biosynthesis - ganglio series - Homo sapiens (human),Brain_Substantia_nigra,chr2_85889956_C_G_b38,rs4832216,ENSG00000115525.18,ST3GAL5,8869,1.02047789626202e-08,-0.292836755514145,-15243
chr2,hsa01100,Metabolic pathways - Homo sapiens (human),Brain_Substantia_nigra,chr2_85889956_C_G_b38,rs4832216,ENSG00000115525.18,ST3GAL5,8869,1.02047789626202e-08,-0.292836755514145,-15243
chr2,hsa00604,Glycosphingolipid biosynthesis - ganglio series - Homo sapiens (human),Brain_Substantia_nigra,chr2_85892736_T_C_b38,rs4832217,ENSG00000115525.18,ST3GAL5,8869,1.02047789626202e-08,-0.292836755514145,-12463
chr2,hsa01100,Metabolic pathways - Homo sapiens (human),Brain_Substantia_nigra,chr2_85892736_T_C_b38,rs4832217,ENSG00000115525.18,ST3GAL5,8869,1.02047789626202e-08,-0.292836755514145,-12463
chr2,hsa00604,Glycosphingolipid biosynthesis - ganglio series - Homo sapiens (human),Brain_Substantia_nigra,chr2_85893545_A_G_b38,rs6735629,ENSG00000115525.18,ST3GAL5,8869,1.02047789626202e-08,-0.292836755514145,-11654
chr2,hsa01100,Metabolic pathways - Homo sapiens (human),Brain_Substantia_nigra,chr2_85893545_A_G_b38,rs6735629,ENSG00000115525.18,ST3GAL5,8869,1.02047789626202e-08,-0.292836755514145,-11654
chr2,hsa00604,Glycosphingolipid biosynthesis - ganglio series - Homo sapiens (human),Brain_Substantia_nigra,chr2_85894361_C_T_b38,rs1878898,ENSG00000115525.18,ST3GAL5,8869,1.02047789626202e-08,-0.292836755514145,-10838
chr2,hsa01100,Metabolic pathways - Homo sapiens (human),Brain_Substantia_nigra,chr2_85894361_C_T_b38,rs1878898,ENSG00000115525.18,ST3GAL5,8869,1.02047789626202e-08,-0.292836755514145,-10838
chr2,hsa00604,Glycosphingolipid biosynthesis - ganglio series - Homo sapiens (human),Brain_Substantia_nigra,chr2_85895372_A_AACT_b38,rs3046646,ENSG00000115525.18,ST3GAL5,8869,1.02047789626202e-08,-0.292836755514145,-9827
chr2,hsa01100,Metabolic pathways - Homo sapiens (human),Brain_Substantia_nigra,chr2_85895372_A_AACT_b38,rs3046646,ENSG00000115525.18,ST3GAL5,8869,1.02047789626202e-08,-0.292836755514145,-9827
chr2,hsa00604,Glycosphingolipid biosynthesis - ganglio series - Homo sapiens (human),Brain_Substantia_nigra,chr2_85895819_A_G_b38,rs1401384,ENSG00000115525.18,ST3GAL5,8869,2.61985893319561e-08,-0.285695165395737,-9380
chr2,hsa01100,Metabolic pathways - Homo sapiens (human),Brain_Substantia_nigra,chr2_85895819_A_G_b38,rs1401384,ENSG00000115525.18,ST3GAL5,8869,2.61985893319561e-08,-0.285695165395737,-9380
chr2,hsa00604,Glycosphingolipid biosynthesis - ganglio series - Homo sapiens (human),Brain_Substantia_nigra,chr2_85896210_A_G_b38,rs6747179,ENSG00000115525.18,ST3GAL5,8869,1.02047789626202e-08,-0.292836755514145,-8989
chr2,hsa01100,Metabolic pathways - Homo sapiens (human),Brain_Substantia_nigra,chr2_85896210_A_G_b38,rs6747179,ENSG00000115525.18,ST3GAL5,8869,1.02047789626202e-08,-0.292836755514145,-8989
chr2,hsa00604,Glycosphingolipid biosynthesis - ganglio series - Homo sapiens (human),Brain_Substantia_nigra,chr2_85896266_T_G_b38,rs6734115,ENSG00000115525.18,ST3GAL5,8869,1.02047789626202e-08,-0.292836755514145,-8933
chr2,hsa01100,Metabolic pathways - Homo sapiens (human),Brain_Substantia_nigra,chr2_85896266_T_G_b38,rs6734115,ENSG00000115525.18,ST3GAL5,8869,1.02047789626202e-08,-0.292836755514145,-8933
chr2,hsa00604,Glycosphingolipid biosynthesis - ganglio series - Homo sapiens (human),Brain_Substantia_nigra,chr2_85896282_A_G_b38,rs6747294,ENSG00000115525.18,ST3GAL5,8869,1.02047789626202e-08,-0.292836755514145,-8917
chr2,hsa01100,Metabolic pathways - Homo sapiens (human),Brain_Substantia_nigra,chr2_85896282_A_G_b38,rs6747294,ENSG00000115525.18,ST3GAL5,8869,1.02047789626202e-08,-0.292836755514145,-8917
chr2,hsa00604,Glycosphingolipid biosynthesis - ganglio series - Homo sapiens (human),Brain_Substantia_nigra,chr2_85897106_T_G_b38,rs4832218,ENSG00000115525.18,ST3GAL5,8869,1.02047789626202e-08,-0.292836755514145,-8093
chr2,hsa01100,Metabolic pathways - Homo sapiens (human),Brain_Substantia_nigra,chr2_85897106_T_G_b38,rs4832218,ENSG00000115525.18,ST3GAL5,8869,1.02047789626202e-08,-0.292836755514145,-8093
chr2,hsa00604,Glycosphingolipid biosynthesis - ganglio series - Homo sapiens (human),Brain_Substantia_nigra,chr2_85897688_G_C_b38,rs954176,ENSG00000115525.18,ST3GAL5,8869,1.02047789626202e-08,-0.292836755514145,-7511
chr2,hsa01100,Metabolic pathways - Homo sapiens (human),Brain_Substantia_nigra,chr2_85897688_G_C_b38,rs954176,ENSG00000115525.18,ST3GAL5,8869,1.02047789626202e-08,-0.292836755514145,-7511
chr2,hsa00604,Glycosphingolipid biosynthesis - ganglio series - Homo sapiens (human),Brain_Substantia_nigra,chr2_85898290_C_A_b38,rs1543972,ENSG00000115525.18,ST3GAL5,8869,1.02047789626202e-08,0.292836755514145,-6909
chr2,hsa01100,Metabolic pathways - Homo sapiens (human),Brain_Substantia_nigra,chr2_85898290_C_A_b38,rs1543972,ENSG00000115525.18,ST3GAL5,8869,1.02047789626202e-08,0.292836755514145,-6909
chr2,hsa00604,Glycosphingolipid biosynthesis - ganglio series - Homo sapiens (human),Brain_Substantia_nigra,chr2_85900634_T_G_b38,rs2679710,ENSG00000115525.18,ST3GAL5,8869,2.50004284861234e-08,0.28619122505188,-4565
chr2,hsa01100,Metabolic pathways - Homo sapiens (human),Brain_Substantia_nigra,chr2_85900634_T_G_b38,rs2679710,ENSG00000115525.18,ST3GAL5,8869,2.50004284861234e-08,0.28619122505188,-4565
chr2,hsa00604,Glycosphingolipid biosynthesis - ganglio series - Homo sapiens (human),Brain_Substantia_nigra,chr2_85901308_C_T_b38,rs2679711,ENSG00000115525.18,ST3GAL5,8869,9.4425009008309e-09,0.296457320451736,-3891
chr2,hsa01100,Metabolic pathways - Homo sapiens (human),Brain_Substantia_nigra,chr2_85901308_C_T_b38,rs2679711,ENSG00000115525.18,ST3GAL5,8869,9.4425009008309e-09,0.296457320451736,-3891
chr2,hsa00604,Glycosphingolipid biosynthesis - ganglio series - Homo sapiens (human),Brain_Substantia_nigra,chr2_85901638_C_T_b38,rs2679712,ENSG00000115525.18,ST3GAL5,8869,9.4425009008309e-09,0.296457320451736,-3561
chr2,hsa01100,Metabolic pathways - Homo sapiens (human),Brain_Substantia_nigra,chr2_85901638_C_T_b38,rs2679712,ENSG00000115525.18,ST3GAL5,8869,9.4425009008309e-09,0.296457320451736,-3561
chr2,hsa00604,Glycosphingolipid biosynthesis - ganglio series - Homo sapiens (human),Brain_Substantia_nigra,chr2_85901718_T_C_b38,rs2577768,ENSG00000115525.18,ST3GAL5,8869,9.4425009008309e-09,0.296457320451736,-3481
chr2,hsa01100,Metabolic pathways - Homo sapiens (human),Brain_Substantia_nigra,chr2_85901718_T_C_b38,rs2577768,ENSG00000115525.18,ST3GAL5,8869,9.4425009008309e-09,0.296457320451736,-3481
chr2,hsa00604,Glycosphingolipid biosynthesis - ganglio series - Homo sapiens (human),Brain_Substantia_nigra,chr2_85901732_C_T_b38,rs2679713,ENSG00000115525.18,ST3GAL5,8869,5.68985461347625e-09,0.295252084732056,-3467
chr2,hsa01100,Metabolic pathways - Homo sapiens (human),Brain_Substantia_nigra,chr2_85901732_C_T_b38,rs2679713,ENSG00000115525.18,ST3GAL5,8869,5.68985461347625e-09,0.295252084732056,-3467
chr2,hsa00604,Glycosphingolipid biosynthesis - ganglio series - Homo sapiens (human),Brain_Substantia_nigra,chr2_85902209_G_C_b38,rs959313,ENSG00000115525.18,ST3GAL5,8869,9.4425009008309e-09,0.296457320451736,-2990
chr2,hsa01100,Metabolic pathways - Homo sapiens (human),Brain_Substantia_nigra,chr2_85902209_G_C_b38,rs959313,ENSG00000115525.18,ST3GAL5,8869,9.4425009008309e-09,0.296457320451736,-2990
chr2,hsa00604,Glycosphingolipid biosynthesis - ganglio series - Homo sapiens (human),Brain_Substantia_nigra,chr2_85902375_T_C_b38,rs764471,ENSG00000115525.18,ST3GAL5,8869,9.4425009008309e-09,0.296457320451736,-2824
chr2,hsa01100,Metabolic pathways - Homo sapiens (human),Brain_Substantia_nigra,chr2_85902375_T_C_b38,rs764471,ENSG00000115525.18,ST3GAL5,8869,9.4425009008309e-09,0.296457320451736,-2824
chr2,hsa00604,Glycosphingolipid biosynthesis - ganglio series - Homo sapiens (human),Brain_Substantia_nigra,chr2_85902754_C_T_b38,rs2577769,ENSG00000115525.18,ST3GAL5,8869,9.4425009008309e-09,0.296457320451736,-2445
chr2,hsa01100,Metabolic pathways - Homo sapiens (human),Brain_Substantia_nigra,chr2_85902754_C_T_b38,rs2577769,ENSG00000115525.18,ST3GAL5,8869,9.4425009008309e-09,0.296457320451736,-2445
chr2,hsa00604,Glycosphingolipid biosynthesis - ganglio series - Homo sapiens (human),Brain_Substantia_nigra,chr2_85902950_A_G_b38,rs2679714,ENSG00000115525.18,ST3GAL5,8869,3.11687198237706e-11,0.32742503285408,-2249
chr2,hsa01100,Metabolic pathways - Homo sapiens (human),Brain_Substantia_nigra,chr2_85902950_A_G_b38,rs2679714,ENSG00000115525.18,ST3GAL5,8869,3.11687198237706e-11,0.32742503285408,-2249
chr2,hsa00604,Glycosphingolipid biosynthesis - ganglio series - Homo sapiens (human),Brain_Substantia_nigra,chr2_85902964_C_T_b38,rs2679715,ENSG00000115525.18,ST3GAL5,8869,1.71479038584055e-11,0.326233923435211,-2235
chr2,hsa01100,Metabolic pathways - Homo sapiens (human),Brain_Substantia_nigra,chr2_85902964_C_T_b38,rs2679715,ENSG00000115525.18,ST3GAL5,8869,1.71479038584055e-11,0.326233923435211,-2235
chr2,hsa00604,Glycosphingolipid biosynthesis - ganglio series - Homo sapiens (human),Brain_Substantia_nigra,chr2_85903074_G_C_b38,rs2010859,ENSG00000115525.18,ST3GAL5,8869,1.32158353002492e-08,-0.317651033401489,-2125
chr2,hsa01100,Metabolic pathways - Homo sapiens (human),Brain_Substantia_nigra,chr2_85903074_G_C_b38,rs2010859,ENSG00000115525.18,ST3GAL5,8869,1.32158353002492e-08,-0.317651033401489,-2125
chr2,hsa00604,Glycosphingolipid biosynthesis - ganglio series - Homo sapiens (human),Brain_Substantia_nigra,chr2_85903083_T_C_b38,rs2679716,ENSG00000115525.18,ST3GAL5,8869,3.11687198237706e-11,0.32742503285408,-2116
chr2,hsa01100,Metabolic pathways - Homo sapiens (human),Brain_Substantia_nigra,chr2_85903083_T_C_b38,rs2679716,ENSG00000115525.18,ST3GAL5,8869,3.11687198237706e-11,0.32742503285408,-2116
chr2,hsa00604,Glycosphingolipid biosynthesis - ganglio series - Homo sapiens (human),Brain_Substantia_nigra,chr2_85903147_T_C_b38,rs2577770,ENSG00000115525.18,ST3GAL5,8869,3.11687198237706e-11,0.32742503285408,-2052
chr2,hsa01100,Metabolic pathways - Homo sapiens (human),Brain_Substantia_nigra,chr2_85903147_T_C_b38,rs2577770,ENSG00000115525.18,ST3GAL5,8869,3.11687198237706e-11,0.32742503285408,-2052
chr2,hsa00604,Glycosphingolipid biosynthesis - ganglio series - Homo sapiens (human),Brain_Substantia_nigra,chr2_85903312_C_T_b38,rs12994053,ENSG00000115525.18,ST3GAL5,8869,8.65210016516829e-09,-0.315629839897156,-1887
chr2,hsa01100,Metabolic pathways - Homo sapiens (human),Brain_Substantia_nigra,chr2_85903312_C_T_b38,rs12994053,ENSG00000115525.18,ST3GAL5,8869,8.65210016516829e-09,-0.315629839897156,-1887
chr2,hsa00604,Glycosphingolipid biosynthesis - ganglio series - Homo sapiens (human),Brain_Substantia_nigra,chr2_85903316_T_C_b38,rs2679717,ENSG00000115525.18,ST3GAL5,8869,3.11687198237706e-11,0.32742503285408,-1883
chr2,hsa01100,Metabolic pathways - Homo sapiens (human),Brain_Substantia_nigra,chr2_85903316_T_C_b38,rs2679717,ENSG00000115525.18,ST3GAL5,8869,3.11687198237706e-11,0.32742503285408,-1883
chr2,hsa00604,Glycosphingolipid biosynthesis - ganglio series - Homo sapiens (human),Brain_Substantia_nigra,chr2_85903377_G_A_b38,rs2577771,ENSG00000115525.18,ST3GAL5,8869,3.11687198237706e-11,0.32742503285408,-1822
chr2,hsa01100,Metabolic pathways - Homo sapiens (human),Brain_Substantia_nigra,chr2_85903377_G_A_b38,rs2577771,ENSG00000115525.18,ST3GAL5,8869,3.11687198237706e-11,0.32742503285408,-1822
chr2,hsa00604,Glycosphingolipid biosynthesis - ganglio series - Homo sapiens (human),Brain_Substantia_nigra,chr2_85903432_C_T_b38,rs2679718,ENSG00000115525.18,ST3GAL5,8869,9.83727479116275e-11,0.317786335945129,-1767
chr2,hsa01100,Metabolic pathways - Homo sapiens (human),Brain_Substantia_nigra,chr2_85903432_C_T_b38,rs2679718,ENSG00000115525.18,ST3GAL5,8869,9.83727479116275e-11,0.317786335945129,-1767
chr2,hsa00604,Glycosphingolipid biosynthesis - ganglio series - Homo sapiens (human),Brain_Substantia_nigra,chr2_85903459_G_A_b38,rs2577772,ENSG00000115525.18,ST3GAL5,8869,3.11687198237706e-11,0.32742503285408,-1740
chr2,hsa01100,Metabolic pathways - Homo sapiens (human),Brain_Substantia_nigra,chr2_85903459_G_A_b38,rs2577772,ENSG00000115525.18,ST3GAL5,8869,3.11687198237706e-11,0.32742503285408,-1740
chr2,hsa00604,Glycosphingolipid biosynthesis - ganglio series - Homo sapiens (human),Brain_Substantia_nigra,chr2_85903470_C_T_b38,rs2679719,ENSG00000115525.18,ST3GAL5,8869,3.11687198237706e-11,0.32742503285408,-1729
chr2,hsa01100,Metabolic pathways - Homo sapiens (human),Brain_Substantia_nigra,chr2_85903470_C_T_b38,rs2679719,ENSG00000115525.18,ST3GAL5,8869,3.11687198237706e-11,0.32742503285408,-1729
chr2,hsa00604,Glycosphingolipid biosynthesis - ganglio series - Homo sapiens (human),Brain_Substantia_nigra,chr2_85903596_A_G_b38,rs1878899,ENSG00000115525.18,ST3GAL5,8869,3.11687198237706e-11,0.32742503285408,-1603
chr2,hsa01100,Metabolic pathways - Homo sapiens (human),Brain_Substantia_nigra,chr2_85903596_A_G_b38,rs1878899,ENSG00000115525.18,ST3GAL5,8869,3.11687198237706e-11,0.32742503285408,-1603
chr2,hsa00604,Glycosphingolipid biosynthesis - ganglio series - Homo sapiens (human),Brain_Substantia_nigra,chr2_85904538_G_C_b38,rs1135603,ENSG00000115525.18,ST3GAL5,8869,3.0659585752911e-08,0.279645979404449,-661
chr2,hsa01100,Metabolic pathways - Homo sapiens (human),Brain_Substantia_nigra,chr2_85904538_G_C_b38,rs1135603,ENSG00000115525.18,ST3GAL5,8869,3.0659585752911e-08,0.279645979404449,-661
chr2,hsa00604,Glycosphingolipid biosynthesis - ganglio series - Homo sapiens (human),Brain_Substantia_nigra,chr2_85904899_T_C_b38,rs2577774,ENSG00000115525.18,ST3GAL5,8869,2.85632273190848e-08,0.283115357160568,-300
chr2,hsa01100,Metabolic pathways - Homo sapiens (human),Brain_Substantia_nigra,chr2_85904899_T_C_b38,rs2577774,ENSG00000115525.18,ST3GAL5,8869,2.85632273190848e-08,0.283115357160568,-300
chr2,hsa00604,Glycosphingolipid biosynthesis - ganglio series - Homo sapiens (human),Brain_Substantia_nigra,chr2_85905820_C_T_b38,rs2577775,ENSG00000115525.18,ST3GAL5,8869,1.73013495076837e-08,0.282319277524948,621
chr2,hsa01100,Metabolic pathways - Homo sapiens (human),Brain_Substantia_nigra,chr2_85905820_C_T_b38,rs2577775,ENSG00000115525.18,ST3GAL5,8869,1.73013495076837e-08,0.282319277524948,621
chr2,hsa00604,Glycosphingolipid biosynthesis - ganglio series - Homo sapiens (human),Brain_Substantia_nigra,chr2_85907197_G_A_b38,rs2577777,ENSG00000115525.18,ST3GAL5,8869,1.73013917879963e-08,0.282319247722626,1998
chr2,hsa01100,Metabolic pathways - Homo sapiens (human),Brain_Substantia_nigra,chr2_85907197_G_A_b38,rs2577777,ENSG00000115525.18,ST3GAL5,8869,1.73013917879963e-08,0.282319247722626,1998
chr2,hsa00604,Glycosphingolipid biosynthesis - ganglio series - Homo sapiens (human),Brain_Substantia_nigra,chr2_85907787_T_C_b38,rs2577779,ENSG00000115525.18,ST3GAL5,8869,2.85632273190848e-08,0.283115357160568,2588
chr2,hsa01100,Metabolic pathways - Homo sapiens (human),Brain_Substantia_nigra,chr2_85907787_T_C_b38,rs2577779,ENSG00000115525.18,ST3GAL5,8869,2.85632273190848e-08,0.283115357160568,2588
chr2,hsa00604,Glycosphingolipid biosynthesis - ganglio series - Homo sapiens (human),Brain_Substantia_nigra,chr2_85909241_TC_T_b38,rs34671299,ENSG00000115525.18,ST3GAL5,8869,1.87785229784138e-08,0.278796762228012,4042
chr2,hsa01100,Metabolic pathways - Homo sapiens (human),Brain_Substantia_nigra,chr2_85909241_TC_T_b38,rs34671299,ENSG00000115525.18,ST3GAL5,8869,1.87785229784138e-08,0.278796762228012,4042
chr2,hsa00604,Glycosphingolipid biosynthesis - ganglio series - Homo sapiens (human),Brain_Substantia_nigra,chr2_85912745_G_A_b38,rs2918014,ENSG00000115525.18,ST3GAL5,8869,1.68902062735508e-08,0.281412959098816,7546
chr2,hsa01100,Metabolic pathways - Homo sapiens (human),Brain_Substantia_nigra,chr2_85912745_G_A_b38,rs2918014,ENSG00000115525.18,ST3GAL5,8869,1.68902062735508e-08,0.281412959098816,7546
chr2,hsa00604,Glycosphingolipid biosynthesis - ganglio series - Homo sapiens (human),Brain_Substantia_nigra,chr2_85912791_C_T_b38,rs2945826,ENSG00000115525.18,ST3GAL5,8869,1.68901649591182e-08,0.281412988901138,7592
chr2,hsa01100,Metabolic pathways - Homo sapiens (human),Brain_Substantia_nigra,chr2_85912791_C_T_b38,rs2945826,ENSG00000115525.18,ST3GAL5,8869,1.68901649591182e-08,0.281412988901138,7592
chr2,hsa00604,Glycosphingolipid biosynthesis - ganglio series - Homo sapiens (human),Brain_Substantia_nigra,chr2_85914721_C_A_b38,rs2679725,ENSG00000115525.18,ST3GAL5,8869,1.74996708697042e-08,0.281309932470322,9522
chr2,hsa01100,Metabolic pathways - Homo sapiens (human),Brain_Substantia_nigra,chr2_85914721_C_A_b38,rs2679725,ENSG00000115525.18,ST3GAL5,8869,1.74996708697042e-08,0.281309932470322,9522
chr2,hsa00604,Glycosphingolipid biosynthesis - ganglio series - Homo sapiens (human),Brain_Substantia_nigra,chr2_85915079_C_T_b38,rs1518983,ENSG00000115525.18,ST3GAL5,8869,1.87588178669544e-08,0.277563661336899,9880
chr2,hsa01100,Metabolic pathways - Homo sapiens (human),Brain_Substantia_nigra,chr2_85915079_C_T_b38,rs1518983,ENSG00000115525.18,ST3GAL5,8869,1.87588178669544e-08,0.277563661336899,9880
chr2,hsa00604,Glycosphingolipid biosynthesis - ganglio series - Homo sapiens (human),Brain_Substantia_nigra,chr2_85915903_C_G_b38,rs2577784,ENSG00000115525.18,ST3GAL5,8869,1.74754928161918e-08,0.289769232273102,10704
chr2,hsa01100,Metabolic pathways - Homo sapiens (human),Brain_Substantia_nigra,chr2_85915903_C_G_b38,rs2577784,ENSG00000115525.18,ST3GAL5,8869,1.74754928161918e-08,0.289769232273102,10704
chr2,hsa00604,Glycosphingolipid biosynthesis - ganglio series - Homo sapiens (human),Brain_Substantia_nigra,chr2_85915904_T_A_b38,rs2577785,ENSG00000115525.18,ST3GAL5,8869,1.74754928161918e-08,0.289769232273102,10705
chr2,hsa01100,Metabolic pathways - Homo sapiens (human),Brain_Substantia_nigra,chr2_85915904_T_A_b38,rs2577785,ENSG00000115525.18,ST3GAL5,8869,1.74754928161918e-08,0.289769232273102,10705
chr2,hsa00604,Glycosphingolipid biosynthesis - ganglio series - Homo sapiens (human),Brain_Substantia_nigra,chr2_85916020_C_T_b38,rs2577786,ENSG00000115525.18,ST3GAL5,8869,1.87589092600971e-08,0.277563631534576,10821
chr2,hsa01100,Metabolic pathways - Homo sapiens (human),Brain_Substantia_nigra,chr2_85916020_C_T_b38,rs2577786,ENSG00000115525.18,ST3GAL5,8869,1.87589092600971e-08,0.277563631534576,10821
chr2,hsa00604,Glycosphingolipid biosynthesis - ganglio series - Homo sapiens (human),Brain_Substantia_nigra,chr2_85916442_T_C_b38,rs2918015,ENSG00000115525.18,ST3GAL5,8869,1.87588178669544e-08,0.277563661336899,11243
chr2,hsa01100,Metabolic pathways - Homo sapiens (human),Brain_Substantia_nigra,chr2_85916442_T_C_b38,rs2918015,ENSG00000115525.18,ST3GAL5,8869,1.87588178669544e-08,0.277563661336899,11243
chr2,hsa00604,Glycosphingolipid biosynthesis - ganglio series - Homo sapiens (human),Brain_Substantia_nigra,chr2_85916631_G_T_b38,rs2918016,ENSG00000115525.18,ST3GAL5,8869,1.87588178669544e-08,0.277563661336899,11432
chr2,hsa01100,Metabolic pathways - Homo sapiens (human),Brain_Substantia_nigra,chr2_85916631_G_T_b38,rs2918016,ENSG00000115525.18,ST3GAL5,8869,1.87588178669544e-08,0.277563661336899,11432
chr2,hsa00604,Glycosphingolipid biosynthesis - ganglio series - Homo sapiens (human),Brain_Substantia_nigra,chr2_85917312_T_C_b38,rs140725178,ENSG00000115525.18,ST3GAL5,8869,1.87588178669544e-08,0.277563661336899,12113
chr2,hsa01100,Metabolic pathways - Homo sapiens (human),Brain_Substantia_nigra,chr2_85917312_T_C_b38,rs140725178,ENSG00000115525.18,ST3GAL5,8869,1.87588178669544e-08,0.277563661336899,12113
chr2,hsa00604,Glycosphingolipid biosynthesis - ganglio series - Homo sapiens (human),Brain_Substantia_nigra,chr2_85917646_G_A_b38,rs35153287,ENSG00000115525.18,ST3GAL5,8869,1.87588178669544e-08,0.277563661336899,12447
chr2,hsa01100,Metabolic pathways - Homo sapiens (human),Brain_Substantia_nigra,chr2_85917646_G_A_b38,rs35153287,ENSG00000115525.18,ST3GAL5,8869,1.87588178669544e-08,0.277563661336899,12447
chr2,hsa00604,Glycosphingolipid biosynthesis - ganglio series - Homo sapiens (human),Brain_Substantia_nigra,chr2_85918110_T_C_b38,rs17026750,ENSG00000115525.18,ST3GAL5,8869,1.74754928161918e-08,0.289769232273102,12911
chr2,hsa01100,Metabolic pathways - Homo sapiens (human),Brain_Substantia_nigra,chr2_85918110_T_C_b38,rs17026750,ENSG00000115525.18,ST3GAL5,8869,1.74754928161918e-08,0.289769232273102,12911
chr2,hsa00604,Glycosphingolipid biosynthesis - ganglio series - Homo sapiens (human),Brain_Substantia_nigra,chr2_85918664_C_T_b38,rs7593080,ENSG00000115525.18,ST3GAL5,8869,3.08463829113352e-08,0.27386212348938,13465
chr2,hsa01100,Metabolic pathways - Homo sapiens (human),Brain_Substantia_nigra,chr2_85918664_C_T_b38,rs7593080,ENSG00000115525.18,ST3GAL5,8869,3.08463829113352e-08,0.27386212348938,13465
chr2,hsa00604,Glycosphingolipid biosynthesis - ganglio series - Homo sapiens (human),Brain_Substantia_nigra,chr2_85928148_C_T_b38,rs6547647,ENSG00000115525.18,ST3GAL5,8869,4.73479096342618e-08,0.279301583766937,22949
chr2,hsa01100,Metabolic pathways - Homo sapiens (human),Brain_Substantia_nigra,chr2_85928148_C_T_b38,rs6547647,ENSG00000115525.18,ST3GAL5,8869,4.73479096342618e-08,0.279301583766937,22949
chr2,hsa00604,Glycosphingolipid biosynthesis - ganglio series - Homo sapiens (human),Brain_Substantia_nigra,chr2_85930605_C_T_b38,rs12616165,ENSG00000115525.18,ST3GAL5,8869,2.99756887809879e-08,0.284329801797867,25406
chr2,hsa01100,Metabolic pathways - Homo sapiens (human),Brain_Substantia_nigra,chr2_85930605_C_T_b38,rs12616165,ENSG00000115525.18,ST3GAL5,8869,2.99756887809879e-08,0.284329801797867,25406
chr2,hsa00604,Glycosphingolipid biosynthesis - ganglio series - Homo sapiens (human),Brain_Substantia_nigra,chr2_85933439_C_T_b38,rs7576135,ENSG00000115525.18,ST3GAL5,8869,4.73479096342618e-08,0.279301583766937,28240
chr2,hsa01100,Metabolic pathways - Homo sapiens (human),Brain_Substantia_nigra,chr2_85933439_C_T_b38,rs7576135,ENSG00000115525.18,ST3GAL5,8869,4.73479096342618e-08,0.279301583766937,28240
chr2,hsa00190,Oxidative phosphorylation - Homo sapiens (human),Brain_Substantia_nigra,chr2_46541996_T_C_b38,rs3754553,ENSG00000250565.7,ATP6V1E2,90423,4.16898544370948e-10,-0.40850180387497,-493
chr2,hsa01100,Metabolic pathways - Homo sapiens (human),Brain_Substantia_nigra,chr2_46541996_T_C_b38,rs3754553,ENSG00000250565.7,ATP6V1E2,90423,4.16898544370948e-10,-0.40850180387497,-493
chr2,hsa04145,Phagosome - Homo sapiens (human),Brain_Substantia_nigra,chr2_46541996_T_C_b38,rs3754553,ENSG00000250565.7,ATP6V1E2,90423,4.16898544370948e-10,-0.40850180387497,-493
chr2,hsa04966,Collecting duct acid secretion - Homo sapiens (human),Brain_Substantia_nigra,chr2_46541996_T_C_b38,rs3754553,ENSG00000250565.7,ATP6V1E2,90423,4.16898544370948e-10,-0.40850180387497,-493
chr2,hsa05110,Vibrio cholerae infection - Homo sapiens (human),Brain_Substantia_nigra,chr2_46541996_T_C_b38,rs3754553,ENSG00000250565.7,ATP6V1E2,90423,4.16898544370948e-10,-0.40850180387497,-493
chr2,hsa05120,Epithelial cell signaling in Helicobacter pylori infection - Homo sapiens (human),Brain_Substantia_nigra,chr2_46541996_T_C_b38,rs3754553,ENSG00000250565.7,ATP6V1E2,90423,4.16898544370948e-10,-0.40850180387497,-493
chr2,hsa05323,Rheumatoid arthritis - Homo sapiens (human),Brain_Substantia_nigra,chr2_46541996_T_C_b38,rs3754553,ENSG00000250565.7,ATP6V1E2,90423,4.16898544370948e-10,-0.40850180387497,-493
